33.500000 0.000000 0.109971 -1.449391 1.795196 0.000000 191.000000
33.500000 0.027778 0.109649 -1.448635 1.795196 0.000000 191.000000
33.500000 0.055556 0.109649 -1.448068 1.795196 0.000000 191.000000
33.500000 0.083333 0.109649 -1.447682 1.795196 0.000000 191.000000
33.500000 0.111111 0.109649 -1.447471 1.795196 0.000000 191.000000
33.500000 0.138889 0.109649 -1.447429 1.795196 0.000000 191.000000
33.500000 0.166667 0.109649 -1.447549 1.795196 0.000000 191.000000
33.500000 0.194444 0.109649 -1.435838 1.795196 0.000000 191.000000
33.500000 0.222222 0.109649 -1.436166 1.795196 0.000000 191.000000
33.500000 0.250000 0.109649 -1.436645 1.795196 0.000000 191.000000
33.500000 0.277778 0.109890 -1.339182 1.795196 0.000000 191.000000
33.500000 0.305556 0.110294 -1.340494 1.795196 0.000000 191.000000
33.500000 0.333333 0.110294 -1.342144 1.795196 0.000000 191.000000
33.500000 0.361111 0.110294 -1.344148 1.795196 0.000000 191.000000
33.500000 0.388889 0.110294 -1.346496 1.795196 0.000000 191.000000
33.500000 0.416667 0.110294 -1.349140 1.795196 0.000000 191.000000
33.500000 0.444444 0.110294 -1.351953 1.795196 0.000000 191.000000
33.500000 0.472222 0.110294 -1.354682 1.795196 0.000000 191.000000
33.500000 0.500000 0.110701 -1.356935 1.795196 0.000000 191.000000
33.500000 0.527778 0.110701 -1.358372 1.795196 0.000000 191.000000
33.500000 0.555556 0.110701 -1.358998 1.795196 0.000000 191.000000
33.500000 0.583333 0.109649 -1.454437 1.795196 0.000000 191.000000
33.500000 0.611111 0.109649 -1.455555 1.795196 0.000000 191.000000
33.500000 0.638889 0.109649 -1.457511 1.795196 0.000000 191.000000
33.500000 0.666667 0.109649 -1.461047 1.795196 0.000000 191.000000
33.500000 0.694444 0.109649 -1.466110 1.795196 0.000000 191.000000
33.500000 0.722222 0.109649 -1.450604 1.795196 0.000000 191.000000
33.500000 0.750000 0.109649 -1.445044 1.795196 0.000000 191.000000
33.500000 0.777778 0.109329 -1.421758 1.795196 0.000000 191.000000
33.500000 0.805556 0.109329 -1.399188 1.795196 0.000000 191.000000
33.500000 0.833333 0.109329 -1.462951 1.795196 0.000000 191.000000
33.500000 0.861111 0.130058 -1.680855 1.795196 0.000000 191.000000
33.500000 0.888889 0.281837 -1.492485 1.795196 0.000000 191.000000
33.500000 0.916667 0.500000 -0.446514 5.385587 0.000000 191.000000
33.500000 0.944444 0.500000 0.505346 5.385587 0.000000 191.000000
33.500000 0.972222 0.500000 1.220173 5.385587 0.000000 191.000000
33.500000 1.000000 0.500000 1.828105 5.385587 0.000000 191.000000
33.500000 1.027778 0.500000 2.373243 5.385587 0.000000 191.000000
33.500000 1.055556 0.500000 2.877204 5.385587 0.000000 191.000000
33.500000 1.083333 0.500000 3.347916 5.385587 0.000000 191.000000
33.500000 1.111111 0.500000 3.793933 5.385587 0.000000 191.000000
33.500000 1.138889 0.500000 4.219292 5.385587 0.000000 191.000000
33.500000 1.166667 0.500000 4.629895 5.385587 0.000000 191.000000
33.500000 1.194444 0.500000 5.025473 5.385587 0.000000 191.000000
33.500000 1.222222 0.500000 5.410243 5.385587 0.000000 191.000000
33.500000 1.250000 0.500000 5.783045 5.385587 0.000000 191.000000
33.500000 1.277778 0.508065 6.144782 5.385587 0.000000 191.000000
33.500000 1.305556 0.500000 6.512777 5.385587 0.000000 191.000000
33.500000 1.333333 0.500000 6.865144 5.385587 0.000000 191.000000
33.500000 1.361111 0.509434 7.199119 5.385587 0.000000 191.000000
33.500000 1.388889 0.500000 7.541386 5.385587 0.000000 191.000000
33.500000 1.416667 0.512048 7.876846 5.385587 0.000000 191.000000
33.500000 1.444444 0.500000 8.216933 5.385587 0.000000 191.000000
33.500000 1.472222 0.500000 8.533267 5.385587 0.000000 191.000000
33.500000 1.500000 0.500000 8.861597 5.385587 0.000000 191.000000
