16.500000 0.000000 0.222222 -1.397462 1.795196 0.000000 191.000000
16.500000 0.027778 0.221893 -1.303065 1.795196 0.000000 191.000000
16.500000 0.055556 0.223214 -1.300402 1.795196 0.000000 191.000000
16.500000 0.083333 0.223214 -1.297923 1.795196 0.000000 191.000000
16.500000 0.111111 0.223214 -1.296254 1.795196 0.000000 191.000000
16.500000 0.138889 0.223214 -1.293217 1.795196 0.000000 191.000000
16.500000 0.166667 0.223214 -1.289698 1.795196 0.000000 191.000000
16.500000 0.194444 0.223214 -1.286986 1.795196 0.000000 191.000000
16.500000 0.222222 0.223214 -1.282425 1.795196 0.000000 191.000000
16.500000 0.250000 0.223214 -1.279476 1.795196 0.000000 191.000000
16.500000 0.277778 0.223214 -1.275394 1.795196 0.000000 191.000000
16.500000 0.305556 0.223214 -1.271373 1.795196 0.000000 191.000000
16.500000 0.333333 0.223214 -1.267712 1.795196 0.000000 191.000000
16.500000 0.361111 0.224551 -1.263631 1.795196 0.000000 191.000000
16.500000 0.388889 0.224551 -1.260308 1.795196 0.000000 191.000000
16.500000 0.416667 0.224551 -1.256842 1.795196 0.000000 191.000000
16.500000 0.444444 0.224551 -1.254389 1.795196 0.000000 191.000000
16.500000 0.472222 0.224551 -1.252253 1.795196 0.000000 191.000000
16.500000 0.500000 0.224551 -1.251478 1.795196 0.000000 191.000000
16.500000 0.527778 0.224551 -1.233434 1.795196 0.000000 191.000000
16.500000 0.555556 0.224551 -1.237069 1.795196 0.000000 191.000000
16.500000 0.583333 0.224551 -1.241570 1.795196 0.000000 191.000000
16.500000 0.611111 0.225904 -1.248766 1.795196 0.000000 191.000000
16.500000 0.638889 0.227273 -1.259394 1.795196 0.000000 191.000000
16.500000 0.666667 0.227273 -1.271471 1.795196 0.000000 191.000000
16.500000 0.694444 0.227273 -1.286464 1.795196 0.000000 191.000000
16.500000 0.722222 0.227273 -1.305181 1.795196 0.000000 191.000000
16.500000 0.750000 0.227273 -1.327959 1.795196 0.000000 191.000000
16.500000 0.777778 0.227273 -1.357712 1.795196 0.000000 191.000000
16.500000 0.805556 0.227273 -1.357407 1.795196 0.000000 191.000000
16.500000 0.833333 0.227273 -1.379308 1.795196 0.000000 191.000000
16.500000 0.861111 0.284810 -1.068249 1.795196 0.000000 191.000000
16.500000 0.888889 0.500000 0.483013 2.692794 0.000000 191.000000
16.500000 0.916667 0.500000 1.058860 2.692794 0.000000 191.000000
16.500000 0.944444 0.500000 1.536801 2.692794 0.000000 191.000000
16.500000 0.972222 0.503273 1.958304 2.692794 0.000000 191.000000
16.500000 1.000000 0.503953 2.343665 2.692794 0.000000 191.000000
16.500000 1.027778 0.503356 2.702189 2.692794 0.000000 191.000000
16.500000 1.055556 0.500000 3.045312 2.692794 0.000000 191.000000
16.500000 1.083333 0.507042 3.362046 2.692794 0.000000 191.000000
16.500000 1.111111 0.507692 3.670141 2.692794 0.000000 191.000000
16.500000 1.138889 0.500000 3.974149 2.692794 0.000000 191.000000
16.500000 1.166667 0.508929 4.255363 2.692794 0.000000 191.000000
16.500000 1.194444 0.500000 4.534720 2.692794 0.000000 191.000000
16.500000 1.222222 0.500000 4.808406 2.692794 0.000000 191.000000
16.500000 1.250000 0.500000 5.081729 2.692794 0.000000 191.000000
16.500000 1.277778 0.509050 5.335741 2.692794 0.000000 191.000000
16.500000 1.305556 0.500000 5.611296 2.692794 0.000000 191.000000
16.500000 1.333333 0.500000 5.846359 2.692794 0.000000 191.000000
16.500000 1.361111 0.510471 6.091427 2.692794 0.000000 191.000000
16.500000 1.388889 0.510471 6.328437 2.692794 0.000000 191.000000
16.500000 1.416667 0.511364 6.576512 2.692794 0.000000 191.000000
16.500000 1.444444 0.508475 6.807841 2.692794 0.000000 191.000000
16.500000 1.472222 0.500000 7.074212 2.692794 0.000000 191.000000
16.500000 1.500000 0.518868 7.275320 2.692794 0.000000 191.000000
