9.500000 0.000000 0.387931 -1.300371 1.795196 0.000000 191.000000
9.500000 0.027778 0.387931 -1.297808 1.795196 0.000000 191.000000
9.500000 0.055556 0.387931 -1.303059 1.795196 0.000000 191.000000
9.500000 0.083333 0.387931 -1.303608 1.795196 0.000000 191.000000
9.500000 0.111111 0.391304 -1.307627 1.795196 0.000000 191.000000
9.500000 0.138889 0.394737 -1.305373 1.795196 0.000000 191.000000
9.500000 0.166667 0.394737 -1.312011 1.795196 0.000000 191.000000
9.500000 0.194444 0.394737 -1.313248 1.795196 0.000000 191.000000
9.500000 0.222222 0.394737 -1.311672 1.795196 0.000000 191.000000
9.500000 0.250000 0.394737 -1.316705 1.795196 0.000000 191.000000
9.500000 0.277778 0.398230 -1.315659 1.795196 0.000000 191.000000
9.500000 0.305556 0.398230 -1.302872 1.795196 0.000000 191.000000
9.500000 0.333333 0.398230 -1.303505 1.795196 0.000000 191.000000
9.500000 0.361111 0.401786 -1.302571 1.795196 0.000000 191.000000
9.500000 0.388889 0.401786 -1.296295 1.795196 0.000000 191.000000
9.500000 0.416667 0.397727 -1.324955 1.795196 0.000000 191.000000
9.500000 0.444444 0.397727 -1.312313 1.795196 0.000000 191.000000
9.500000 0.472222 0.400763 -1.380594 1.795196 0.000000 191.000000
9.500000 0.500000 0.403846 -1.289755 1.795196 0.000000 191.000000
9.500000 0.527778 0.406977 -1.344996 1.795196 0.000000 191.000000
9.500000 0.555556 0.410156 -1.337322 1.795196 0.000000 191.000000
9.500000 0.583333 0.413386 -1.306058 1.795196 0.000000 191.000000
9.500000 0.611111 0.413386 -1.281571 1.795196 0.000000 191.000000
9.500000 0.638889 0.416667 -1.269062 1.795196 0.000000 191.000000
9.500000 0.666667 0.416667 -1.249311 1.795196 0.000000 191.000000
9.500000 0.694444 0.416667 -1.199023 1.795196 0.000000 191.000000
9.500000 0.722222 0.410156 -1.181076 1.795196 0.000000 191.000000
9.500000 0.750000 0.410156 -1.168817 1.795196 0.000000 191.000000
9.500000 0.777778 0.420000 -1.270854 1.795196 0.000000 191.000000
9.500000 0.805556 0.423387 -1.200351 1.795196 0.000000 191.000000
9.500000 0.833333 0.420000 -1.145033 1.795196 0.000000 191.000000
9.500000 0.861111 0.423387 -1.101405 1.795196 0.000000 191.000000
9.500000 0.888889 0.420000 -1.056689 1.795196 0.000000 191.000000
9.500000 0.916667 0.422535 -1.139312 1.795196 0.000000 191.000000
9.500000 0.944444 0.419580 -1.096373 1.795196 0.000000 191.000000
9.500000 0.972222 0.421875 -1.144481 1.795196 0.000000 191.000000
9.500000 1.000000 0.434783 -1.091305 1.795196 0.000000 191.000000
9.500000 1.027778 0.434783 -1.074816 1.795196 0.000000 191.000000
9.500000 1.055556 0.428571 -1.056903 1.795196 0.000000 191.000000
9.500000 1.083333 0.429936 -1.100154 1.795196 0.000000 191.000000
9.500000 1.111111 0.436047 -1.087998 1.795196 0.000000 191.000000
9.500000 1.138889 0.416667 -1.435900 1.795196 0.000000 191.000000
9.500000 1.166667 0.432692 -0.960523 1.795196 0.000000 191.000000
9.500000 1.194444 0.434783 -1.322164 1.795196 0.000000 191.000000
9.500000 1.222222 0.437956 -1.304622 1.795196 0.000000 191.000000
9.500000 1.250000 0.437956 -1.347933 1.795196 0.000000 191.000000
9.500000 1.277778 0.441176 -1.214555 1.795196 0.000000 191.000000
9.500000 1.305556 0.447020 -1.212900 1.795196 0.000000 191.000000
9.500000 1.333333 0.447020 -1.228553 1.795196 0.000000 191.000000
9.500000 1.361111 0.538674 -1.327870 1.795196 0.000000 191.000000
9.500000 1.388889 0.497238 -1.207077 1.795196 0.000000 191.000000
9.500000 1.416667 0.572519 -2.384003 1.795196 0.000000 191.000000
9.500000 1.444444 1.001309 -0.679315 3.590392 0.000000 191.000000
9.500000 1.472222 1.000000 0.319741 3.590392 0.000000 191.000000
9.500000 1.500000 1.000000 0.972771 3.590392 0.000000 191.000000
