21.000000 0.000000 0.175439 -1.348086 1.795196 0.000000 191.000000
21.000000 0.027778 0.175439 -1.328070 1.795196 0.000000 191.000000
21.000000 0.055556 0.175439 -1.337976 1.795196 0.000000 191.000000
21.000000 0.083333 0.175439 -1.313898 1.795196 0.000000 191.000000
21.000000 0.111111 0.173611 -1.222990 1.795196 0.000000 191.000000
21.000000 0.138889 0.172811 -1.231988 1.795196 0.000000 191.000000
21.000000 0.166667 0.216606 -1.195728 1.795196 0.000000 191.000000
21.000000 0.194444 0.362903 -1.071892 1.795196 0.000000 191.000000
21.000000 0.222222 0.505391 -0.798350 1.795196 0.000000 191.000000
21.000000 0.250000 0.499307 -0.229459 3.590392 0.000000 191.000000
21.000000 0.277778 0.500000 0.140931 3.590392 0.000000 191.000000
21.000000 0.305556 0.500000 0.471915 3.590392 0.000000 191.000000
21.000000 0.333333 0.500000 0.781408 3.590392 0.000000 191.000000
21.000000 0.361111 0.500000 1.077828 3.590392 0.000000 191.000000
21.000000 0.388889 0.500000 1.365389 3.590392 0.000000 191.000000
21.000000 0.416667 0.500000 1.647043 3.590392 0.000000 191.000000
21.000000 0.444444 0.500000 1.927307 3.590392 0.000000 191.000000
21.000000 0.472222 0.500000 2.200034 3.590392 0.000000 191.000000
21.000000 0.500000 0.500000 2.469407 3.590392 0.000000 191.000000
21.000000 0.527778 0.500000 2.735954 3.590392 0.000000 191.000000
21.000000 0.555556 0.505435 2.997722 3.590392 0.000000 191.000000
21.000000 0.583333 0.500000 3.262139 3.590392 0.000000 191.000000
21.000000 0.611111 0.504988 3.520962 3.590392 0.000000 191.000000
21.000000 0.638889 0.500000 3.782464 3.590392 0.000000 191.000000
21.000000 0.666667 0.500000 4.040163 3.590392 0.000000 191.000000
21.000000 0.694444 0.507692 4.292699 3.590392 0.000000 191.000000
21.000000 0.722222 0.500000 4.551220 3.590392 0.000000 191.000000
21.000000 0.750000 0.500000 4.806987 3.590392 0.000000 191.000000
21.000000 0.777778 0.500000 5.061776 3.590392 0.000000 191.000000
21.000000 0.805556 0.500000 5.315501 3.590392 0.000000 191.000000
21.000000 0.833333 0.500000 5.566488 3.590392 0.000000 191.000000
21.000000 0.861111 0.500000 5.822276 3.590392 0.000000 191.000000
21.000000 0.888889 0.500000 6.068736 3.590392 0.000000 191.000000
21.000000 0.916667 0.500000 6.318440 3.590392 0.000000 191.000000
21.000000 0.944444 0.509050 6.558551 3.590392 0.000000 191.000000
21.000000 0.972222 0.509709 6.809284 3.590392 0.000000 191.000000
21.000000 1.000000 0.509709 7.058926 3.590392 0.000000 191.000000
21.000000 1.027778 0.500000 7.315318 3.590392 0.000000 191.000000
21.000000 1.055556 0.500000 7.557794 3.590392 0.000000 191.000000
21.000000 1.083333 0.500000 7.807351 3.590392 0.000000 191.000000
21.000000 1.111111 0.514286 8.035452 3.590392 0.000000 191.000000
21.000000 1.138889 0.500000 8.283335 3.590392 0.000000 191.000000
21.000000 1.166667 0.500000 8.543247 3.590392 0.000000 191.000000
21.000000 1.194444 0.515625 8.769594 3.590392 0.000000 191.000000
21.000000 1.222222 0.500000 9.020464 3.590392 0.000000 191.000000
21.000000 1.250000 0.515625 9.252405 3.590392 0.000000 191.000000
21.000000 1.277778 0.500000 9.514694 3.590392 0.000000 191.000000
21.000000 1.305556 0.517241 9.739369 3.590392 0.000000 191.000000
21.000000 1.333333 0.500000 9.987852 3.590392 0.000000 191.000000
21.000000 1.361111 0.517241 10.210778 3.590392 0.000000 191.000000
21.000000 1.388889 0.500000 10.476023 3.590392 0.000000 191.000000
21.000000 1.416667 0.511364 10.695341 3.590392 0.000000 191.000000
21.000000 1.444444 0.523256 10.923563 3.590392 0.000000 191.000000
21.000000 1.472222 0.500000 11.184403 3.590392 0.000000 191.000000
21.000000 1.500000 0.515267 11.390687 3.590392 0.000000 191.000000
