29.500000 0.000000 0.124481 -1.509035 1.795196 0.000000 191.000000
29.500000 0.027778 0.124481 -1.507205 1.795196 0.000000 191.000000
29.500000 0.055556 0.125000 -1.535970 1.795196 0.000000 191.000000
29.500000 0.083333 0.125000 -1.533306 1.795196 0.000000 191.000000
29.500000 0.111111 0.124481 -1.530352 1.795196 0.000000 191.000000
29.500000 0.138889 0.124481 -1.527134 1.795196 0.000000 191.000000
29.500000 0.166667 0.124481 -1.523646 1.795196 0.000000 191.000000
29.500000 0.194444 0.124481 -1.519849 1.795196 0.000000 191.000000
29.500000 0.222222 0.124481 -1.515640 1.795196 0.000000 191.000000
29.500000 0.250000 0.124481 -1.272321 1.795196 0.000000 191.000000
29.500000 0.277778 0.124481 -1.269431 1.795196 0.000000 191.000000
29.500000 0.305556 0.124481 -1.264831 1.795196 0.000000 191.000000
29.500000 0.333333 0.124481 -1.283038 1.795196 0.000000 191.000000
29.500000 0.361111 0.124481 -1.268163 1.795196 0.000000 191.000000
29.500000 0.388889 0.124585 -1.338769 1.795196 0.000000 191.000000
29.500000 0.416667 0.489583 0.345530 4.487990 0.000000 191.000000
29.500000 0.444444 0.501364 0.877463 4.487990 0.000000 191.000000
29.500000 0.472222 0.500681 1.323717 4.487990 0.000000 191.000000
29.500000 0.500000 0.500000 1.705401 4.487990 0.000000 191.000000
29.500000 0.527778 0.500000 2.046155 4.487990 0.000000 191.000000
29.500000 0.555556 0.500000 2.362975 4.487990 0.000000 191.000000
29.500000 0.583333 0.500000 2.666022 4.487990 0.000000 191.000000
29.500000 0.611111 0.500000 2.961306 4.487990 0.000000 191.000000
29.500000 0.638889 0.500000 3.254018 4.487990 0.000000 191.000000
29.500000 0.666667 0.502853 3.540023 4.487990 0.000000 191.000000
29.500000 0.694444 0.500000 3.822999 4.487990 0.000000 191.000000
29.500000 0.722222 0.500000 4.102799 4.487990 0.000000 191.000000
29.500000 0.750000 0.500000 4.378143 4.487990 0.000000 191.000000
29.500000 0.777778 0.503731 4.650671 4.487990 0.000000 191.000000
29.500000 0.805556 0.503953 4.922404 4.487990 0.000000 191.000000
29.500000 0.833333 0.500000 5.198169 4.487990 0.000000 191.000000
29.500000 0.861111 0.500000 5.469706 4.487990 0.000000 191.000000
29.500000 0.888889 0.500000 5.735181 4.487990 0.000000 191.000000
29.500000 0.916667 0.504808 6.001546 4.487990 0.000000 191.000000
29.500000 0.944444 0.506250 6.267625 4.487990 0.000000 191.000000
29.500000 0.972222 0.500000 6.536393 4.487990 0.000000 191.000000
29.500000 1.000000 0.500000 6.805221 4.487990 0.000000 191.000000
29.500000 1.027778 0.507042 7.062440 4.487990 0.000000 191.000000
29.500000 1.055556 0.505865 7.323267 4.487990 0.000000 191.000000
29.500000 1.083333 0.500000 7.587343 4.487990 0.000000 191.000000
29.500000 1.111111 0.506431 7.842072 4.487990 0.000000 191.000000
29.500000 1.138889 0.509709 8.101653 4.487990 0.000000 191.000000
29.500000 1.166667 0.500000 8.375977 4.487990 0.000000 191.000000
29.500000 1.194444 0.500000 8.637673 4.487990 0.000000 191.000000
29.500000 1.222222 0.507117 8.882284 4.487990 0.000000 191.000000
29.500000 1.250000 0.509434 9.130483 4.487990 0.000000 191.000000
29.500000 1.277778 0.507519 9.387272 4.487990 0.000000 191.000000
29.500000 1.305556 0.507968 9.645696 4.487990 0.000000 191.000000
29.500000 1.333333 0.505952 9.905593 4.487990 0.000000 191.000000
29.500000 1.361111 0.500000 10.183134 4.487990 0.000000 191.000000
29.500000 1.388889 0.500000 10.440772 4.487990 0.000000 191.000000
29.500000 1.416667 0.512821 10.677365 4.487990 0.000000 191.000000
29.500000 1.444444 0.511364 10.925442 4.487990 0.000000 191.000000
29.500000 1.472222 0.500000 11.191086 4.487990 0.000000 191.000000
29.500000 1.500000 0.513699 11.423611 4.487990 0.000000 191.000000
