12.000000 0.000000 0.330189 -1.044452 1.795196 0.000000 191.000000
12.000000 0.027778 0.333333 -1.112097 1.795196 0.000000 191.000000
12.000000 0.055556 0.307377 -1.086956 1.795196 0.000000 191.000000
12.000000 0.083333 0.307377 -1.082663 1.795196 0.000000 191.000000
12.000000 0.111111 0.304878 -1.381697 1.795196 0.000000 191.000000
12.000000 0.138889 0.306122 -0.999382 1.795196 0.000000 191.000000
12.000000 0.166667 0.306122 -1.036782 1.795196 0.000000 191.000000
12.000000 0.194444 0.307377 -1.307331 1.795196 0.000000 191.000000
12.000000 0.222222 0.307377 -1.041138 1.795196 0.000000 191.000000
12.000000 0.250000 0.307377 -1.091043 1.795196 0.000000 191.000000
12.000000 0.277778 0.333333 -1.075944 1.795196 0.000000 191.000000
12.000000 0.305556 0.306122 -0.998819 1.795196 0.000000 191.000000
12.000000 0.333333 0.332278 -0.915814 1.795196 0.000000 191.000000
12.000000 0.361111 0.309917 -1.301091 1.795196 0.000000 191.000000
12.000000 0.388889 0.309917 -1.302437 1.795196 0.000000 191.000000
12.000000 0.416667 0.309917 -1.303792 1.795196 0.000000 191.000000
12.000000 0.444444 0.309917 -1.305111 1.795196 0.000000 191.000000
12.000000 0.472222 0.309917 -1.306959 1.795196 0.000000 191.000000
12.000000 0.500000 0.314685 -1.027630 1.795196 0.000000 191.000000
12.000000 0.527778 0.308219 -1.022951 1.795196 0.000000 191.000000
12.000000 0.555556 0.312500 -1.319102 1.795196 0.000000 191.000000
12.000000 0.583333 0.312500 -1.098391 1.795196 0.000000 191.000000
12.000000 0.611111 0.308219 -1.018731 1.795196 0.000000 191.000000
12.000000 0.638889 0.312500 -1.337017 1.795196 0.000000 191.000000
12.000000 0.666667 0.315126 -1.113959 1.795196 0.000000 191.000000
12.000000 0.694444 0.315126 -1.346632 1.795196 0.000000 191.000000
12.000000 0.722222 0.310345 -1.030694 1.795196 0.000000 191.000000
12.000000 0.750000 0.321429 -0.960694 1.795196 0.000000 191.000000
12.000000 0.777778 0.310345 -1.281755 1.795196 0.000000 191.000000
12.000000 0.805556 0.310345 -1.286438 1.795196 0.000000 191.000000
12.000000 0.833333 0.312500 -1.072707 1.795196 0.000000 191.000000
12.000000 0.861111 0.310345 -1.047194 1.795196 0.000000 191.000000
12.000000 0.888889 0.323741 -0.935151 1.795196 0.000000 191.000000
12.000000 0.916667 0.321429 -0.974685 1.795196 0.000000 191.000000
12.000000 0.944444 0.312500 -1.306609 1.795196 0.000000 191.000000
12.000000 0.972222 0.321429 -0.972056 1.795196 0.000000 191.000000
12.000000 1.000000 0.321429 -1.044547 1.795196 0.000000 191.000000
12.000000 1.027778 0.323741 -0.984722 1.795196 0.000000 191.000000
12.000000 1.055556 0.446809 -0.571423 1.795196 0.000000 191.000000
12.000000 1.083333 0.500000 0.805106 2.692794 0.000000 191.000000
12.000000 1.111111 0.499147 1.463104 2.692794 0.000000 191.000000
12.000000 1.138889 0.500000 2.010153 2.692794 0.000000 191.000000
12.000000 1.166667 0.500000 2.487671 2.692794 0.000000 191.000000
12.000000 1.194444 0.500000 2.922444 2.692794 0.000000 191.000000
12.000000 1.222222 0.500000 3.327168 2.692794 0.000000 191.000000
12.000000 1.250000 0.497925 3.700622 2.692794 0.000000 191.000000
12.000000 1.277778 0.500000 4.059336 2.692794 0.000000 191.000000
12.000000 1.305556 0.500000 4.400455 2.692794 0.000000 191.000000
12.000000 1.333333 0.500000 4.726166 2.692794 0.000000 191.000000
12.000000 1.361111 0.500000 5.037342 2.692794 0.000000 191.000000
12.000000 1.388889 0.500000 5.340077 2.692794 0.000000 191.000000
12.000000 1.416667 0.506135 5.628392 2.692794 0.000000 191.000000
12.000000 1.444444 0.506135 5.930279 2.692794 0.000000 191.000000
12.000000 1.472222 0.500000 6.203114 2.692794 0.000000 191.000000
12.000000 1.500000 0.500000 6.478751 2.692794 0.000000 191.000000
