31.500000 0.000000 0.116279 -1.537982 1.795196 0.000000 191.000000
31.500000 0.027778 0.116279 -1.538537 1.795196 0.000000 191.000000
31.500000 0.055556 0.116279 -1.538906 1.795196 0.000000 191.000000
31.500000 0.083333 0.116279 -1.539112 1.795196 0.000000 191.000000
31.500000 0.111111 0.116732 -1.539181 1.795196 0.000000 191.000000
31.500000 0.138889 0.116732 -1.539138 1.795196 0.000000 191.000000
31.500000 0.166667 0.116732 -1.539003 1.795196 0.000000 191.000000
31.500000 0.194444 0.116732 -1.559747 1.795196 0.000000 191.000000
31.500000 0.222222 0.116732 -1.559249 1.795196 0.000000 191.000000
31.500000 0.250000 0.116732 -1.558692 1.795196 0.000000 191.000000
31.500000 0.277778 0.116732 -1.558096 1.795196 0.000000 191.000000
31.500000 0.305556 0.116279 -1.302845 1.795196 0.000000 191.000000
31.500000 0.333333 0.116279 -1.303553 1.795196 0.000000 191.000000
31.500000 0.361111 0.116279 -1.304363 1.795196 0.000000 191.000000
31.500000 0.388889 0.116732 -1.305270 1.795196 0.000000 191.000000
31.500000 0.416667 0.116732 -1.306269 1.795196 0.000000 191.000000
31.500000 0.444444 0.117188 -1.307352 1.795196 0.000000 191.000000
31.500000 0.472222 0.117188 -1.308503 1.795196 0.000000 191.000000
31.500000 0.500000 0.117188 -1.309706 1.795196 0.000000 191.000000
31.500000 0.527778 0.117188 -1.310944 1.795196 0.000000 191.000000
31.500000 0.555556 0.117647 -1.312195 1.795196 0.000000 191.000000
31.500000 0.583333 0.144231 -1.335148 1.795196 0.000000 191.000000
31.500000 0.611111 0.144231 -1.335721 1.795196 0.000000 191.000000
31.500000 0.638889 0.144231 -1.336223 1.795196 0.000000 191.000000
31.500000 0.666667 0.138889 -1.447566 1.795196 0.000000 191.000000
31.500000 0.694444 0.138889 -1.448553 1.795196 0.000000 191.000000
31.500000 0.722222 0.162037 -1.449370 1.795196 0.000000 191.000000
31.500000 0.750000 0.162539 -1.450065 1.795196 0.000000 191.000000
31.500000 0.777778 0.185759 -1.450693 1.795196 0.000000 191.000000
31.500000 0.805556 0.185759 -1.451213 1.795196 0.000000 191.000000
31.500000 0.833333 0.185759 -1.451320 1.795196 0.000000 191.000000
31.500000 0.861111 0.190141 -1.459734 1.795196 0.000000 191.000000
31.500000 0.888889 0.210674 -1.457542 1.795196 0.000000 191.000000
31.500000 0.916667 0.210674 -1.458467 1.795196 0.000000 191.000000
31.500000 0.944444 0.231742 -1.469913 1.795196 0.000000 191.000000
31.500000 0.972222 0.210084 -1.468862 1.795196 0.000000 191.000000
31.500000 1.000000 0.473827 -0.669024 1.795196 0.000000 191.000000
31.500000 1.027778 0.500000 0.787249 4.487990 0.000000 191.000000
31.500000 1.055556 0.500000 1.568792 4.487990 0.000000 191.000000
31.500000 1.083333 0.500000 2.195339 4.487990 0.000000 191.000000
31.500000 1.111111 0.500000 2.748829 4.487990 0.000000 191.000000
31.500000 1.138889 0.500000 3.261455 4.487990 0.000000 191.000000
31.500000 1.166667 0.502451 3.730466 4.487990 0.000000 191.000000
31.500000 1.194444 0.503630 4.177086 4.487990 0.000000 191.000000
31.500000 1.222222 0.503049 4.602789 4.487990 0.000000 191.000000
31.500000 1.250000 0.504338 5.008230 4.487990 0.000000 191.000000
31.500000 1.277778 0.505814 5.400991 4.487990 0.000000 191.000000
31.500000 1.305556 0.504988 5.781872 4.487990 0.000000 191.000000
31.500000 1.333333 0.505391 6.156003 4.487990 0.000000 191.000000
31.500000 1.361111 0.500000 6.516727 4.487990 0.000000 191.000000
31.500000 1.388889 0.507353 6.864035 4.487990 0.000000 191.000000
31.500000 1.416667 0.507692 7.211643 4.487990 0.000000 191.000000
31.500000 1.444444 0.508065 7.551492 4.487990 0.000000 191.000000
31.500000 1.472222 0.505051 7.887289 4.487990 0.000000 191.000000
31.500000 1.500000 0.508929 8.218045 4.487990 0.000000 191.000000
