14.500000 0.000000 0.253378 -1.312679 1.795196 0.000000 191.000000
14.500000 0.027778 0.251678 -1.318245 1.795196 0.000000 191.000000
14.500000 0.055556 0.253378 -1.280863 1.795196 0.000000 191.000000
14.500000 0.083333 0.251678 -1.265702 1.795196 0.000000 191.000000
14.500000 0.111111 0.251397 -1.203515 1.795196 0.000000 191.000000
14.500000 0.138889 0.276316 -1.188925 1.795196 0.000000 191.000000
14.500000 0.166667 0.273438 -1.191416 1.795196 0.000000 191.000000
14.500000 0.194444 0.394737 -1.160000 1.795196 0.000000 191.000000
14.500000 0.222222 0.429688 -1.149824 1.795196 0.000000 191.000000
14.500000 0.250000 0.509050 -1.126982 1.795196 0.000000 191.000000
14.500000 0.277778 0.581897 -1.131197 1.795196 0.000000 191.000000
14.500000 0.305556 0.642857 -1.095585 1.795196 0.000000 191.000000
14.500000 0.333333 0.708155 -1.056696 1.795196 0.000000 191.000000
14.500000 0.361111 0.743802 -1.040578 1.795196 0.000000 191.000000
14.500000 0.388889 0.741445 -1.047540 1.795196 0.000000 191.000000
14.500000 0.416667 0.744485 -1.020251 1.795196 0.000000 191.000000
14.500000 0.444444 0.741758 -1.012266 1.795196 0.000000 191.000000
14.500000 0.472222 0.741758 -1.033699 1.795196 0.000000 191.000000
14.500000 0.500000 0.739051 -1.033237 1.795196 0.000000 191.000000
14.500000 0.527778 0.500000 2.472956 2.692794 0.000000 191.000000
14.500000 0.555556 0.504425 2.677315 2.692794 0.000000 191.000000
14.500000 0.583333 0.500000 2.883421 2.692794 0.000000 191.000000
14.500000 0.611111 0.500000 3.087510 2.692794 0.000000 191.000000
14.500000 0.638889 0.505814 3.288353 2.692794 0.000000 191.000000
14.500000 0.666667 0.500000 3.493020 2.692794 0.000000 191.000000
14.500000 0.694444 0.506757 3.692198 2.692794 0.000000 191.000000
14.500000 0.722222 0.507042 3.894583 2.692794 0.000000 191.000000
14.500000 0.750000 0.507692 4.096286 2.692794 0.000000 191.000000
14.500000 0.777778 0.500000 4.296645 2.692794 0.000000 191.000000
14.500000 0.805556 0.505051 4.496723 2.692794 0.000000 191.000000
14.500000 0.833333 0.505319 4.695151 2.692794 0.000000 191.000000
14.500000 0.861111 0.500000 4.898240 2.692794 0.000000 191.000000
14.500000 0.888889 0.500000 5.098009 2.692794 0.000000 191.000000
14.500000 0.916667 0.508475 5.295569 2.692794 0.000000 191.000000
14.500000 0.944444 0.510638 5.492375 2.692794 0.000000 191.000000
14.500000 0.972222 0.500000 5.688298 2.692794 0.000000 191.000000
14.500000 1.000000 0.507246 5.891051 2.692794 0.000000 191.000000
14.500000 1.027778 0.509709 6.080285 2.692794 0.000000 191.000000
14.500000 1.055556 0.510471 6.275595 2.692794 0.000000 191.000000
14.500000 1.083333 0.510471 6.468763 2.692794 0.000000 191.000000
14.500000 1.111111 0.508475 6.679362 2.692794 0.000000 191.000000
14.500000 1.138889 0.500000 6.873310 2.692794 0.000000 191.000000
14.500000 1.166667 0.500000 7.077063 2.692794 0.000000 191.000000
14.500000 1.194444 0.515625 7.249660 2.692794 0.000000 191.000000
14.500000 1.222222 0.512422 7.440534 2.692794 0.000000 191.000000
14.500000 1.250000 0.500000 7.671245 2.692794 0.000000 191.000000
14.500000 1.277778 0.517241 7.848342 2.692794 0.000000 191.000000
14.500000 1.305556 0.510204 8.026970 2.692794 0.000000 191.000000
14.500000 1.333333 0.520833 8.225298 2.692794 0.000000 191.000000
14.500000 1.361111 0.511364 8.411557 2.692794 0.000000 191.000000
14.500000 1.388889 0.500000 8.623003 2.692794 0.000000 191.000000
14.500000 1.416667 0.511364 8.792308 2.692794 0.000000 191.000000
14.500000 1.444444 0.523256 8.994546 2.692794 0.000000 191.000000
14.500000 1.472222 0.512821 9.196306 2.692794 0.000000 191.000000
14.500000 1.500000 0.521739 9.383449 2.692794 0.000000 191.000000
