256 0.500000 3.500000 0.050000 0.000000 0.000000 0.000000 0.000000
256 0.500000 3.500000 0.050000 0.000000 0.266270 0.500000 3.166330
256 0.500000 3.500000 0.050000 0.000000 0.000000 0.000000 0.000000
256 0.500000 3.500000 0.050000 0.000000 0.000000 0.000000 0.000000
256 0.500000 3.500000 0.050000 0.000000 0.000000 0.000000 0.000000
256 0.500000 3.500000 0.050000 0.000000 0.000000 0.000000 0.000000
256 0.500000 3.500000 0.050000 0.000000 0.000000 0.000000 0.000000
256 0.500000 3.500000 0.050000 0.000000 0.000000 0.000000 0.000000
256 0.500000 3.500000 0.050000 0.000000 0.000000 0.000000 0.000000
256 0.500000 3.500000 0.050000 0.000000 0.000000 0.000000 0.000000
256 0.500000 3.500000 0.050000 0.000000 0.000000 0.000000 0.000000
256 0.500000 3.500000 0.050000 0.000000 0.000000 0.000000 0.000000
256 0.500000 3.500000 0.050000 0.000000 0.000000 0.000000 0.000000
256 0.500000 3.500000 0.050000 0.000000 0.000000 0.000000 0.000000
256 0.500000 3.500000 0.050000 0.000000 0.000000 0.000000 0.000000
256 0.500000 3.500000 0.050000 0.000000 0.000000 0.000000 0.000000
256 0.500000 3.500000 0.050000 0.000000 0.000000 0.000000 0.000000
256 0.500000 3.500000 0.050000 0.000000 0.000000 0.000000 0.000000
256 0.500000 3.500000 0.050000 0.000000 0.000000 0.000000 0.000000
256 0.500000 3.500000 0.050000 0.000000 0.000000 0.000000 0.000000
256 0.500000 3.500000 0.050000 0.000000 0.000000 0.000000 0.000000
256 0.500000 3.500000 0.050000 0.000000 0.000000 0.000000 0.000000
256 0.500000 3.500000 0.050000 0.000000 0.000000 0.000000 0.000000
256 0.500000 3.500000 0.050000 0.000000 0.000000 0.000000 0.000000
256 0.500000 3.500000 0.050000 0.000000 0.271538 0.500000 3.166330
256 0.500000 3.500000 0.050000 0.000000 0.000000 0.000000 0.000000
256 0.500000 3.500000 0.050000 0.000000 0.000000 0.000000 0.000000
256 0.500000 3.500000 0.050000 0.000000 0.000000 0.000000 0.000000
256 0.500000 3.500000 0.050000 0.000000 0.000000 0.000000 0.000000
256 0.500000 3.500000 0.050000 0.000000 0.000000 0.000000 0.000000
256 0.500000 3.500000 0.050000 0.000000 0.000000 0.000000 0.000000
256 0.500000 3.500000 0.050000 0.000000 0.000000 0.000000 0.000000
256 0.500000 3.500000 0.050000 0.000000 0.000000 0.000000 0.000000
256 0.500000 3.500000 0.050000 0.000000 0.000000 0.000000 0.000000
256 0.500000 3.500000 0.050000 0.000000 0.000000 0.000000 0.000000
256 0.500000 3.500000 0.050000 0.000000 0.000000 0.000000 0.000000
256 0.500000 3.500000 0.050000 0.000000 0.000000 0.000000 0.000000
256 0.500000 3.500000 0.050000 0.000000 0.000000 0.000000 0.000000
256 0.500000 3.500000 0.050000 0.000000 0.000000 0.000000 0.000000
256 0.500000 3.500000 0.050000 0.000000 0.000000 0.000000 0.000000
256 0.500000 3.500000 0.050000 0.000000 0.000000 0.000000 0.000000
256 0.500000 3.500000 0.050000 0.000000 0.000000 0.000000 0.000000
256 0.500000 3.500000 0.050000 0.000000 0.000000 0.000000 0.000000
256 0.500000 3.500000 0.050000 0.000000 0.000000 0.000000 0.000000
256 0.500000 3.500000 0.050000 0.000000 0.000000 0.000000 0.000000
256 0.500000 3.500000 0.050000 0.000000 0.000000 0.000000 0.000000
256 0.500000 3.500000 0.050000 0.000000 0.000000 0.000000 0.000000
256 0.500000 3.500000 0.050000 0.000000 0.000000 0.000000 0.000000
256 0.500000 3.500000 0.050000 0.000000 0.000000 0.000000 0.000000
256 0.500000 3.500000 0.050000 0.000000 0.000000 0.000000 0.000000
256 0.500000 3.500000 0.050000 0.000000 0.000000 0.000000 0.000000
256 0.500000 3.500000 0.050000 0.000000 0.000000 0.000000 0.000000
256 0.500000 3.500000 0.050000 0.000000 0.000000 0.000000 0.000000
256 0.500000 3.500000 0.050000 0.000000 0.000000 0.000000 0.000000
256 0.500000 3.500000 0.050000 0.000000 0.000000 0.000000 0.000000
256 0.500000 3.500000 0.050000 0.000000 0.000000 0.000000 0.000000
256 0.500000 3.500000 0.050000 0.000000 0.000000 0.000000 0.000000
256 0.500000 3.500000 0.050000 0.000000 0.000000 0.000000 0.000000
256 0.500000 3.500000 0.050000 0.000000 0.000000 0.000000 0.000000
256 0.500000 3.500000 0.050000 0.000000 0.000000 0.000000 0.000000
256 0.500000 3.500000 0.050000 0.000000 0.000000 0.000000 0.000000
256 0.500000 3.500000 0.050000 0.000000 0.000000 0.000000 0.000000
256 0.500000 3.500000 0.050000 0.000000 0.290487 0.500000 3.166330
256 0.500000 3.500000 0.050000 0.000000 0.000000 0.000000 0.000000
256 0.500000 3.500000 0.050000 0.000000 0.000000 0.000000 0.000000
256 0.500000 3.500000 0.050000 0.000000 0.000000 0.000000 0.000000
256 0.500000 3.500000 0.050000 0.000000 0.000000 0.000000 0.000000
256 0.500000 3.500000 0.050000 0.000000 0.278291 -0.500000 3.166330
256 0.500000 3.500000 0.050000 0.000000 0.000000 0.000000 0.000000
256 0.500000 3.500000 0.050000 0.000000 0.000000 0.000000 0.000000
256 0.500000 3.500000 0.050000 0.000000 0.000000 0.000000 0.000000
256 0.500000 3.500000 0.050000 0.000000 0.000000 0.000000 0.000000
256 0.500000 3.500000 0.050000 0.000000 0.000000 0.000000 0.000000
256 0.500000 3.500000 0.050000 0.000000 0.000000 0.000000 0.000000
256 0.500000 3.500000 0.050000 0.000000 0.000000 0.000000 0.000000
256 0.500000 3.500000 0.050000 0.000000 0.000000 0.000000 0.000000
256 0.500000 3.500000 0.050000 0.000000 0.000000 0.000000 0.000000
256 0.500000 3.500000 0.050000 0.000000 0.000000 0.000000 0.000000
256 0.500000 3.500000 0.050000 0.000000 0.000000 0.000000 0.000000
256 0.500000 3.500000 0.050000 0.000000 0.000000 0.000000 0.000000
256 0.500000 3.500000 0.050000 0.000000 0.000000 0.000000 0.000000
256 0.500000 3.500000 0.050000 0.000000 0.000000 0.000000 0.000000
256 0.500000 3.500000 0.050000 0.000000 0.000000 0.000000 0.000000
256 0.500000 3.500000 0.050000 0.000000 0.000000 0.000000 0.000000
256 0.500000 3.500000 0.050000 0.000000 0.000000 0.000000 0.000000
256 0.500000 3.500000 0.050000 0.000000 0.000000 0.000000 0.000000
256 0.500000 3.500000 0.050000 0.000000 0.000000 0.000000 0.000000
256 0.500000 3.500000 0.050000 0.000000 0.000000 0.000000 0.000000
256 0.500000 3.500000 0.050000 0.000000 0.000000 0.000000 0.000000
256 0.500000 3.500000 0.050000 0.000000 0.000000 0.000000 0.000000
256 0.500000 3.500000 0.050000 0.000000 0.000000 0.000000 0.000000
256 0.500000 3.500000 0.050000 0.000000 0.000000 0.000000 0.000000
256 0.500000 3.500000 0.050000 0.000000 0.285591 0.500000 3.166330
256 0.500000 3.500000 0.050000 0.000000 0.000000 0.000000 0.000000
256 0.500000 3.500000 0.050000 0.000000 0.000000 0.000000 0.000000
256 0.500000 3.500000 0.050000 0.000000 0.000000 0.000000 0.000000
256 0.500000 3.500000 0.050000 0.000000 0.000000 0.000000 0.000000
256 0.500000 3.500000 0.050000 0.000000 0.000000 0.000000 0.000000
256 0.500000 3.500000 0.050000 0.000000 0.000000 0.000000 0.000000
256 0.500000 3.500000 0.050000 0.000000 0.000000 0.000000 0.000000
256 0.500000 3.500000 0.050000 0.000000 0.000000 0.000000 0.000000
256 0.500000 3.500000 0.050000 0.000000 0.000000 0.000000 0.000000
256 0.500000 3.500000 0.050000 0.000000 0.000000 0.000000 0.000000
256 0.500000 3.500000 0.050000 0.000000 0.000000 0.000000 0.000000
256 0.500000 3.500000 0.050000 0.000000 0.000000 0.000000 0.000000
256 0.500000 3.500000 0.050000 0.000000 0.000000 0.000000 0.000000
256 0.500000 3.500000 0.050000 0.000000 0.000000 0.000000 0.000000
256 0.500000 3.500000 0.050000 0.000000 0.000000 0.000000 0.000000
256 0.500000 3.500000 0.050000 0.000000 0.000000 0.000000 0.000000
256 0.500000 3.500000 0.050000 0.000000 0.000000 0.000000 0.000000
256 0.500000 3.500000 0.050000 0.000000 0.000000 0.000000 0.000000
256 0.500000 3.500000 0.050000 0.000000 0.000000 0.000000 0.000000
256 0.500000 3.500000 0.050000 0.000000 0.000000 0.000000 0.000000
256 0.500000 3.500000 0.050000 0.000000 0.000000 0.000000 0.000000
256 0.500000 3.500000 0.050000 0.000000 0.000000 0.000000 0.000000
256 0.500000 3.500000 0.050000 0.000000 0.000000 0.000000 0.000000
256 0.500000 3.500000 0.050000 0.000000 0.000000 0.000000 0.000000
256 0.500000 3.500000 0.050000 0.000000 0.000000 0.000000 0.000000
256 0.500000 3.500000 0.050000 0.000000 0.000000 0.000000 0.000000
256 0.500000 3.500000 0.050000 0.000000 0.000000 0.000000 0.000000
256 0.500000 3.500000 0.050000 0.000000 0.000000 0.000000 0.000000
256 0.500000 3.500000 0.050000 0.000000 0.000000 0.000000 0.000000
256 0.500000 3.500000 0.050000 0.000000 0.000000 0.000000 0.000000
256 0.500000 3.500000 0.050000 0.000000 0.000000 0.000000 0.000000
256 0.500000 3.500000 0.050000 0.000000 0.000000 0.000000 0.000000
256 0.500000 3.500000 0.050000 0.000000 0.000000 0.000000 0.000000
256 0.500000 3.500000 0.050000 0.000000 0.000000 0.000000 0.000000
256 0.500000 3.500000 0.050000 0.000000 0.000000 0.000000 0.000000
256 0.500000 3.500000 0.050000 0.000000 0.000000 0.000000 0.000000
256 0.500000 3.500000 0.050000 0.000000 0.000000 0.000000 0.000000
256 0.500000 3.500000 0.050000 0.000000 0.000000 0.000000 0.000000
256 0.500000 3.500000 0.050000 0.000000 0.000000 0.000000 0.000000
256 0.500000 3.500000 0.050000 0.000000 0.000000 0.000000 0.000000
256 0.500000 3.500000 0.050000 0.000000 0.276099 0.500000 3.166330
256 0.500000 3.500000 0.050000 0.000000 0.000000 0.000000 0.000000
256 0.500000 3.500000 0.050000 0.000000 0.000000 0.000000 0.000000
256 0.500000 3.500000 0.050000 0.000000 0.000000 0.000000 0.000000
256 0.500000 3.500000 0.050000 0.000000 0.000000 0.000000 0.000000
256 0.500000 3.500000 0.050000 0.000000 0.000000 0.000000 0.000000
256 0.500000 3.500000 0.050000 0.000000 0.000000 0.000000 0.000000
256 0.500000 3.500000 0.050000 0.000000 0.000000 0.000000 0.000000
256 0.500000 3.500000 0.050000 0.000000 0.000000 0.000000 0.000000
256 0.500000 3.500000 0.050000 0.000000 0.000000 0.000000 0.000000
256 0.500000 3.500000 0.050000 0.000000 0.000000 0.000000 0.000000
256 0.500000 3.500000 0.050000 0.000000 0.000000 0.000000 0.000000
256 0.500000 3.500000 0.050000 0.000000 0.000000 0.000000 0.000000
256 0.500000 3.500000 0.050000 0.000000 0.000000 0.000000 0.000000
256 0.500000 3.500000 0.050000 0.000000 0.000000 0.000000 0.000000
256 0.500000 3.500000 0.050000 0.000000 0.000000 0.000000 0.000000
256 0.500000 3.500000 0.050000 0.000000 0.000000 0.000000 0.000000
256 0.500000 3.500000 0.050000 0.000000 0.000000 0.000000 0.000000
256 0.500000 3.500000 0.050000 0.000000 0.000000 0.000000 0.000000
256 0.500000 3.500000 0.050000 0.000000 0.000000 0.000000 0.000000
256 0.500000 3.500000 0.050000 0.000000 0.000000 0.000000 0.000000
256 0.500000 3.500000 0.050000 0.000000 0.000000 0.000000 0.000000
256 0.500000 3.500000 0.050000 0.000000 0.000000 0.000000 0.000000
256 0.500000 3.500000 0.050000 0.000000 0.000000 0.000000 0.000000
256 0.500000 3.500000 0.050000 0.000000 0.000000 0.000000 0.000000
256 0.500000 3.500000 0.050000 0.000000 0.000000 0.000000 0.000000
256 0.500000 3.500000 0.050000 0.000000 0.000000 0.000000 0.000000
256 0.500000 3.500000 0.050000 0.000000 0.000000 0.000000 0.000000
256 0.500000 3.500000 0.050000 0.000000 0.000000 0.000000 0.000000
256 0.500000 3.500000 0.050000 0.000000 0.000000 0.000000 0.000000
256 0.500000 3.500000 0.050000 0.000000 0.000000 0.000000 0.000000
256 0.500000 3.500000 0.050000 0.000000 0.000000 0.000000 0.000000
256 0.500000 3.500000 0.050000 0.000000 0.000000 0.000000 0.000000
256 0.500000 3.500000 0.050000 0.000000 0.000000 0.000000 0.000000
256 0.500000 3.500000 0.050000 0.000000 0.000000 0.000000 0.000000
256 0.500000 3.500000 0.050000 0.000000 0.000000 0.000000 0.000000
256 0.500000 3.500000 0.050000 0.000000 0.000000 0.000000 0.000000
256 0.500000 3.500000 0.050000 0.000000 0.000000 0.000000 0.000000
256 0.500000 3.500000 0.050000 0.000000 0.000000 0.000000 0.000000
256 0.500000 3.500000 0.050000 0.000000 0.000000 0.000000 0.000000
256 0.500000 3.500000 0.050000 0.000000 0.000000 0.000000 0.000000
256 0.500000 3.500000 0.050000 0.000000 0.000000 0.000000 0.000000
256 0.500000 3.500000 0.050000 0.000000 0.000000 0.000000 0.000000
256 0.500000 3.500000 0.050000 0.000000 0.270621 0.500000 3.166330
256 0.500000 3.500000 0.050000 0.000000 0.000000 0.000000 0.000000
256 0.500000 3.500000 0.050000 0.000000 0.000000 0.000000 0.000000
256 0.500000 3.500000 0.050000 0.000000 0.000000 0.000000 0.000000
256 0.500000 3.500000 0.050000 0.000000 0.000000 0.000000 0.000000
256 0.500000 3.500000 0.050000 0.000000 0.000000 0.000000 0.000000
256 0.500000 3.500000 0.050000 0.000000 0.000000 0.000000 0.000000
256 0.500000 3.500000 0.050000 0.000000 0.000000 0.000000 0.000000
256 0.500000 3.500000 0.050000 0.000000 0.000000 0.000000 0.000000
256 0.500000 3.500000 0.050000 0.000000 0.000000 0.000000 0.000000
256 0.500000 3.500000 0.050000 0.000000 0.000000 0.000000 0.000000
256 0.500000 3.500000 0.050000 0.000000 0.000000 0.000000 0.000000
256 0.500000 3.500000 0.050000 0.000000 0.000000 0.000000 0.000000
256 0.500000 3.500000 0.050000 0.000000 0.000000 0.000000 0.000000
256 0.500000 3.500000 0.050000 0.000000 0.000000 0.000000 0.000000
256 0.500000 3.500000 0.050000 0.000000 0.000000 0.000000 0.000000
256 0.500000 3.500000 0.050000 0.000000 0.000000 0.000000 0.000000
256 0.500000 3.500000 0.050000 0.000000 0.000000 0.000000 0.000000
256 0.500000 3.500000 0.050000 0.000000 0.257267 0.500000 3.166330
256 0.500000 3.500000 0.050000 0.000000 0.000000 0.000000 0.000000
256 0.500000 3.500000 0.050000 0.000000 0.000000 0.000000 0.000000
256 0.500000 3.500000 0.050000 0.000000 0.000000 0.000000 0.000000
256 0.500000 3.500000 0.050000 0.000000 0.000000 0.000000 0.000000
256 0.500000 3.500000 0.050000 0.000000 0.000000 0.000000 0.000000
256 0.500000 3.500000 0.050000 0.000000 0.000000 0.000000 0.000000
256 0.500000 3.500000 0.050000 0.000000 0.000000 0.000000 0.000000
256 0.500000 3.500000 0.050000 0.000000 0.000000 0.000000 0.000000
256 0.500000 3.500000 0.050000 0.000000 0.000000 0.000000 0.000000
256 0.500000 3.500000 0.050000 0.000000 0.000000 0.000000 0.000000
256 0.500000 3.500000 0.050000 0.000000 0.000000 0.000000 0.000000
256 0.500000 3.500000 0.050000 0.000000 0.000000 0.000000 0.000000
256 0.500000 3.500000 0.050000 0.000000 0.000000 0.000000 0.000000
256 0.500000 3.500000 0.050000 0.000000 0.000000 0.000000 0.000000
256 0.500000 3.500000 0.050000 0.000000 0.000000 0.000000 0.000000
256 0.500000 3.500000 0.050000 0.000000 0.000000 0.000000 0.000000
256 0.500000 3.500000 0.050000 0.000000 0.000000 0.000000 0.000000
256 0.500000 3.500000 0.050000 0.000000 0.000000 0.000000 0.000000
256 0.500000 3.500000 0.050000 0.000000 0.000000 0.000000 0.000000
256 0.500000 3.500000 0.050000 0.000000 0.000000 0.000000 0.000000
256 0.500000 3.500000 0.050000 0.000000 0.000000 0.000000 0.000000
256 0.500000 3.500000 0.050000 0.000000 0.000000 0.000000 0.000000
256 0.500000 3.500000 0.050000 0.000000 0.000000 0.000000 0.000000
256 0.500000 3.500000 0.050000 0.000000 0.000000 0.000000 0.000000
256 0.500000 3.500000 0.050000 0.000000 0.000000 0.000000 0.000000
256 0.500000 3.500000 0.050000 0.000000 0.000000 0.000000 0.000000
256 0.500000 3.500000 0.050000 0.000000 0.000000 0.000000 0.000000
256 0.500000 3.500000 0.050000 0.000000 0.256758 0.500000 3.166330
256 0.500000 3.500000 0.050000 0.000000 0.000000 0.000000 0.000000
256 0.500000 3.500000 0.050000 0.000000 0.000000 0.000000 0.000000
256 0.500000 3.500000 0.050000 0.000000 0.000000 0.000000 0.000000
256 0.500000 3.500000 0.050000 0.000000 0.000000 0.000000 0.000000
256 0.500000 3.500000 0.050000 0.000000 0.000000 0.000000 0.000000
256 0.500000 3.500000 0.050000 0.000000 0.000000 0.000000 0.000000
256 0.500000 3.500000 0.050000 0.000000 0.000000 0.000000 0.000000
256 0.500000 3.500000 0.050000 0.000000 0.000000 0.000000 0.000000
256 0.500000 3.500000 0.050000 0.000000 0.000000 0.000000 0.000000
256 0.500000 3.500000 0.050000 0.000000 0.000000 0.000000 0.000000
256 0.500000 3.500000 0.050000 0.000000 0.000000 0.000000 0.000000
256 0.500000 3.500000 0.050000 0.000000 0.000000 0.000000 0.000000
256 0.500000 3.500000 0.050000 0.000000 0.000000 0.000000 0.000000
256 0.500000 3.500000 0.050000 0.000000 0.000000 0.000000 0.000000
256 0.500000 3.500000 0.050000 0.000000 0.000000 0.000000 0.000000
256 0.500000 3.500000 0.050000 0.000000 0.000000 0.000000 0.000000
256 0.500000 3.500000 0.050000 0.000000 0.000000 0.000000 0.000000
256 0.500000 3.500000 0.050000 0.000000 0.000000 0.000000 0.000000
256 0.500000 3.500000 0.050000 0.000000 0.000000 0.000000 0.000000
256 0.500000 3.500000 0.050000 0.000000 0.000000 0.000000 0.000000
256 0.500000 3.500000 0.050000 0.000000 0.000000 0.000000 0.000000
256 0.500000 3.500000 0.050000 0.000000 0.000000 0.000000 0.000000
256 0.500000 3.500000 0.050000 0.000000 0.000000 0.000000 0.000000
256 0.500000 3.500000 0.050000 0.000000 0.000000 0.000000 0.000000
256 0.500000 3.500000 0.050000 0.000000 0.000000 0.000000 0.000000
256 0.500000 3.500000 0.050000 0.000000 0.000000 0.000000 0.000000
256 0.500000 3.500000 0.050000 0.000000 0.000000 0.000000 0.000000
256 0.500000 3.500000 0.050000 0.000000 0.000000 0.000000 0.000000
256 0.500000 3.500000 0.050000 0.000000 0.000000 0.000000 0.000000
256 0.500000 3.500000 0.050000 0.000000 0.000000 0.000000 0.000000
256 0.500000 3.500000 0.050000 0.000000 0.000000 0.000000 0.000000
256 0.500000 3.500000 0.050000 0.000000 0.000000 0.000000 0.000000
256 0.500000 3.500000 0.050000 0.000000 0.000000 0.000000 0.000000
256 0.500000 3.500000 0.050000 0.000000 0.000000 0.000000 0.000000
256 0.500000 3.500000 0.050000 0.000000 0.000000 0.000000 0.000000
256 0.500000 3.500000 0.050000 0.000000 0.000000 0.000000 0.000000
256 0.500000 3.500000 0.050000 0.000000 0.000000 0.000000 0.000000
256 0.500000 3.500000 0.050000 0.000000 0.000000 0.000000 0.000000
256 0.500000 3.500000 0.050000 0.000000 0.000000 0.000000 0.000000
256 0.500000 3.500000 0.050000 0.000000 0.000000 0.000000 0.000000
256 0.500000 3.500000 0.050000 0.000000 0.000000 0.000000 0.000000
256 0.500000 3.500000 0.050000 0.000000 0.000000 0.000000 0.000000
256 0.500000 3.500000 0.050000 0.000000 0.000000 0.000000 0.000000
256 0.500000 3.500000 0.050000 0.000000 0.000000 0.000000 0.000000
256 0.500000 3.500000 0.050000 0.000000 0.000000 0.000000 0.000000
256 0.500000 3.500000 0.050000 0.000000 0.271050 0.500000 3.166330
256 0.500000 3.500000 0.050000 0.000000 0.000000 0.000000 0.000000
256 0.500000 3.500000 0.050000 0.000000 0.000000 0.000000 0.000000
256 0.500000 3.500000 0.050000 0.000000 0.000000 0.000000 0.000000
256 0.500000 3.500000 0.050000 0.000000 0.282720 0.500000 3.166330
256 0.500000 3.500000 0.050000 0.000000 0.000000 0.000000 0.000000
256 0.500000 3.500000 0.050000 0.000000 0.000000 0.000000 0.000000
256 0.500000 3.500000 0.050000 0.000000 0.000000 0.000000 0.000000
256 0.500000 3.500000 0.050000 0.000000 0.295095 0.500000 3.166330
256 0.500000 3.500000 0.050000 0.000000 0.000000 0.000000 0.000000
256 0.500000 3.500000 0.050000 0.000000 0.000000 0.000000 0.000000
256 0.500000 3.500000 0.050000 0.000000 0.000000 0.000000 0.000000
256 0.500000 3.500000 0.050000 0.000000 0.000000 0.000000 0.000000
256 0.500000 3.500000 0.050000 0.000000 0.000000 0.000000 0.000000
256 0.500000 3.500000 0.050000 0.000000 0.000000 0.000000 0.000000
256 0.500000 3.500000 0.050000 0.000000 0.000000 0.000000 0.000000
256 0.500000 3.500000 0.050000 0.000000 0.000000 0.000000 0.000000
256 0.500000 3.500000 0.050000 0.000000 0.000000 0.000000 0.000000
256 0.500000 3.500000 0.050000 0.000000 0.000000 0.000000 0.000000
256 0.500000 3.500000 0.050000 0.000000 0.000000 0.000000 0.000000
256 0.500000 3.500000 0.050000 0.000000 0.000000 0.000000 0.000000
256 0.500000 3.500000 0.050000 0.000000 0.000000 0.000000 0.000000
256 0.500000 3.500000 0.050000 0.000000 0.000000 0.000000 0.000000
256 0.500000 3.500000 0.050000 0.000000 0.000000 0.000000 0.000000
256 0.500000 3.500000 0.050000 0.000000 0.270297 0.500000 3.166330
256 0.500000 3.500000 0.050000 0.000000 0.000000 0.000000 0.000000
256 0.500000 3.500000 0.050000 0.000000 0.000000 0.000000 0.000000
256 0.500000 3.500000 0.050000 0.000000 0.000000 0.000000 0.000000
256 0.500000 3.500000 0.050000 0.000000 0.000000 0.000000 0.000000
256 0.500000 3.500000 0.050000 0.000000 0.270826 0.500000 3.166330
256 0.500000 3.500000 0.050000 0.000000 0.000000 0.000000 0.000000
256 0.500000 3.500000 0.050000 0.000000 0.000000 0.000000 0.000000
256 0.500000 3.500000 0.050000 0.000000 0.000000 0.000000 0.000000
256 0.500000 3.500000 0.050000 0.000000 0.000000 0.000000 0.000000
256 0.500000 3.500000 0.050000 0.000000 0.000000 0.000000 0.000000
256 0.500000 3.500000 0.050000 0.000000 0.000000 0.000000 0.000000
256 0.500000 3.500000 0.050000 0.000000 0.000000 0.000000 0.000000
256 0.500000 3.500000 0.050000 0.000000 0.000000 0.000000 0.000000
256 0.500000 3.500000 0.050000 0.000000 0.000000 0.000000 0.000000
256 0.500000 3.500000 0.050000 0.000000 0.000000 0.000000 0.000000
256 0.500000 3.500000 0.050000 0.000000 0.000000 0.000000 0.000000
256 0.500000 3.500000 0.050000 0.000000 0.000000 0.000000 0.000000
256 0.500000 3.500000 0.050000 0.000000 0.000000 0.000000 0.000000
256 0.500000 3.500000 0.050000 0.000000 0.000000 0.000000 0.000000
256 0.500000 3.500000 0.050000 0.000000 0.000000 0.000000 0.000000
256 0.500000 3.500000 0.050000 0.000000 0.000000 0.000000 0.000000
256 0.500000 3.500000 0.050000 0.000000 0.000000 0.000000 0.000000
256 0.500000 3.500000 0.050000 0.000000 0.262502 0.500000 3.166330
256 0.500000 3.500000 0.050000 0.000000 0.000000 0.000000 0.000000
256 0.500000 3.500000 0.050000 0.000000 0.000000 0.000000 0.000000
256 0.500000 3.500000 0.050000 0.000000 0.000000 0.000000 0.000000
256 0.500000 3.500000 0.050000 0.000000 0.000000 0.000000 0.000000
256 0.500000 3.500000 0.050000 0.000000 0.000000 0.000000 0.000000
256 0.500000 3.500000 0.050000 0.000000 0.000000 0.000000 0.000000
256 0.500000 3.500000 0.050000 0.000000 0.000000 0.000000 0.000000
256 0.500000 3.500000 0.050000 0.000000 0.000000 0.000000 0.000000
256 0.500000 3.500000 0.050000 0.000000 0.293818 0.500000 3.166330
256 0.500000 3.500000 0.050000 0.000000 0.000000 0.000000 0.000000
256 0.500000 3.500000 0.050000 0.000000 0.000000 0.000000 0.000000
256 0.500000 3.500000 0.050000 0.000000 0.000000 0.000000 0.000000
256 0.500000 3.500000 0.050000 0.000000 0.000000 0.000000 0.000000
256 0.500000 3.500000 0.050000 0.000000 0.000000 0.000000 0.000000
256 0.500000 3.500000 0.050000 0.000000 0.000000 0.000000 0.000000
256 0.500000 3.500000 0.050000 0.000000 0.000000 0.000000 0.000000
256 0.500000 3.500000 0.050000 0.000000 0.000000 0.000000 0.000000
256 0.500000 3.500000 0.050000 0.000000 0.000000 0.000000 0.000000
256 0.500000 3.500000 0.050000 0.000000 0.000000 0.000000 0.000000
256 0.500000 3.500000 0.050000 0.000000 0.000000 0.000000 0.000000
256 0.500000 3.500000 0.050000 0.000000 0.000000 0.000000 0.000000
256 0.500000 3.500000 0.050000 0.000000 0.000000 0.000000 0.000000
256 0.500000 3.500000 0.050000 0.000000 0.000000 0.000000 0.000000
256 0.500000 3.500000 0.050000 0.000000 0.000000 0.000000 0.000000
256 0.500000 3.500000 0.050000 0.000000 0.000000 0.000000 0.000000
256 0.500000 3.500000 0.050000 0.000000 0.000000 0.000000 0.000000
256 0.500000 3.500000 0.050000 0.000000 0.000000 0.000000 0.000000
256 0.500000 3.500000 0.050000 0.000000 0.000000 0.000000 0.000000
256 0.500000 3.500000 0.050000 0.000000 0.000000 0.000000 0.000000
256 0.500000 3.500000 0.050000 0.000000 0.000000 0.000000 0.000000
256 0.500000 3.500000 0.050000 0.000000 0.000000 0.000000 0.000000
256 0.500000 3.500000 0.050000 0.000000 0.000000 0.000000 0.000000
256 0.500000 3.500000 0.050000 0.000000 0.000000 0.000000 0.000000
256 0.500000 3.500000 0.050000 0.000000 0.000000 0.000000 0.000000
256 0.500000 3.500000 0.050000 0.000000 0.269395 0.500000 3.166330
256 0.500000 3.500000 0.050000 0.000000 0.000000 0.000000 0.000000
256 0.500000 3.500000 0.050000 0.000000 0.257395 0.500000 3.166330
256 0.500000 3.500000 0.050000 0.000000 0.000000 0.000000 0.000000
256 0.500000 3.500000 0.050000 0.000000 0.000000 0.000000 0.000000
256 0.500000 3.500000 0.050000 0.000000 0.000000 0.000000 0.000000
256 0.500000 3.500000 0.050000 0.000000 0.000000 0.000000 0.000000
256 0.500000 3.500000 0.050000 0.000000 0.000000 0.000000 0.000000
256 0.500000 3.500000 0.050000 0.000000 0.000000 0.000000 0.000000
256 0.500000 3.500000 0.050000 0.000000 0.000000 0.000000 0.000000
256 0.500000 3.500000 0.050000 0.000000 0.000000 0.000000 0.000000
256 0.500000 3.500000 0.050000 0.000000 0.000000 0.000000 0.000000
256 0.500000 3.500000 0.050000 0.000000 0.000000 0.000000 0.000000
256 0.500000 3.500000 0.050000 0.000000 0.000000 0.000000 0.000000
256 0.500000 3.500000 0.050000 0.000000 0.000000 0.000000 0.000000
256 0.500000 3.500000 0.050000 0.000000 0.000000 0.000000 0.000000
256 0.500000 3.500000 0.050000 0.000000 0.000000 0.000000 0.000000
256 0.500000 3.500000 0.050000 0.000000 0.000000 0.000000 0.000000
256 0.500000 3.500000 0.050000 0.000000 0.257698 0.500000 3.166330
256 0.500000 3.500000 0.050000 0.000000 0.000000 0.000000 0.000000
256 0.500000 3.500000 0.050000 0.000000 0.000000 0.000000 0.000000
256 0.500000 3.500000 0.050000 0.000000 0.000000 0.000000 0.000000
256 0.500000 3.500000 0.050000 0.000000 0.000000 0.000000 0.000000
256 0.500000 3.500000 0.050000 0.000000 0.000000 0.000000 0.000000
256 0.500000 3.500000 0.050000 0.000000 0.000000 0.000000 0.000000
256 0.500000 3.500000 0.050000 0.000000 0.000000 0.000000 0.000000
256 0.500000 3.500000 0.050000 0.000000 0.000000 0.000000 0.000000
256 0.500000 3.500000 0.050000 0.000000 0.000000 0.000000 0.000000
256 0.500000 3.500000 0.050000 0.000000 0.000000 0.000000 0.000000
256 0.500000 3.500000 0.050000 0.000000 0.000000 0.000000 0.000000
256 0.500000 3.500000 0.050000 0.000000 0.000000 0.000000 0.000000
256 0.500000 3.500000 0.050000 0.000000 0.000000 0.000000 0.000000
256 0.500000 3.500000 0.050000 0.000000 0.000000 0.000000 0.000000
256 0.500000 3.500000 0.050000 0.000000 0.000000 0.000000 0.000000
256 0.500000 3.500000 0.050000 0.000000 0.000000 0.000000 0.000000
256 0.500000 3.500000 0.050000 0.000000 0.000000 0.000000 0.000000
256 0.500000 3.500000 0.050000 0.000000 0.000000 0.000000 0.000000
256 0.500000 3.500000 0.050000 0.000000 0.000000 0.000000 0.000000
256 0.500000 3.500000 0.050000 0.000000 0.000000 0.000000 0.000000
256 0.500000 3.500000 0.050000 0.000000 0.000000 0.000000 0.000000
256 0.500000 3.500000 0.050000 0.000000 0.000000 0.000000 0.000000
256 0.500000 3.500000 0.050000 0.000000 0.000000 0.000000 0.000000
256 0.500000 3.500000 0.050000 0.000000 0.000000 0.000000 0.000000
256 0.500000 3.500000 0.050000 0.000000 0.000000 0.000000 0.000000
256 0.500000 3.500000 0.050000 0.000000 0.277510 0.500000 3.166330
256 0.500000 3.500000 0.050000 0.000000 0.000000 0.000000 0.000000
256 0.500000 3.500000 0.050000 0.000000 0.000000 0.000000 0.000000
256 0.500000 3.500000 0.050000 0.000000 0.000000 0.000000 0.000000
256 0.500000 3.500000 0.050000 0.000000 0.257364 -0.500000 3.166330
256 0.500000 3.500000 0.050000 0.000000 0.000000 0.000000 0.000000
256 0.500000 3.500000 0.050000 0.000000 0.000000 0.000000 0.000000
256 0.500000 3.500000 0.050000 0.000000 0.000000 0.000000 0.000000
256 0.500000 3.500000 0.050000 0.000000 0.000000 0.000000 0.000000
256 0.500000 3.500000 0.050000 0.000000 0.000000 0.000000 0.000000
256 0.500000 3.500000 0.050000 0.000000 0.000000 0.000000 0.000000
256 0.500000 3.500000 0.050000 0.000000 0.000000 0.000000 0.000000
256 0.500000 3.500000 0.050000 0.000000 0.000000 0.000000 0.000000
256 0.500000 3.500000 0.050000 0.000000 0.000000 0.000000 0.000000
256 0.500000 3.500000 0.050000 0.000000 0.264737 0.500000 3.166330
256 0.500000 3.500000 0.050000 0.000000 0.000000 0.000000 0.000000
256 0.500000 3.500000 0.050000 0.000000 0.000000 0.000000 0.000000
256 0.500000 3.500000 0.050000 0.000000 0.000000 0.000000 0.000000
256 0.500000 3.500000 0.050000 0.000000 0.000000 0.000000 0.000000
256 0.500000 3.500000 0.050000 0.000000 0.000000 0.000000 0.000000
256 0.500000 3.500000 0.050000 0.000000 0.000000 0.000000 0.000000
256 0.500000 3.500000 0.050000 0.000000 0.000000 0.000000 0.000000
256 0.500000 3.500000 0.050000 0.000000 0.000000 0.000000 0.000000
256 0.500000 3.500000 0.050000 0.000000 0.000000 0.000000 0.000000
256 0.500000 3.500000 0.050000 0.000000 0.000000 0.000000 0.000000
256 0.500000 3.500000 0.050000 0.000000 0.000000 0.000000 0.000000
256 0.500000 3.500000 0.050000 0.000000 0.000000 0.000000 0.000000
256 0.500000 3.500000 0.050000 0.000000 0.000000 0.000000 0.000000
256 0.500000 3.500000 0.050000 0.000000 0.000000 0.000000 0.000000
256 0.500000 3.500000 0.050000 0.000000 0.000000 0.000000 0.000000
256 0.500000 3.500000 0.050000 0.000000 0.000000 0.000000 0.000000
256 0.500000 3.500000 0.050000 0.000000 0.000000 0.000000 0.000000
256 0.500000 3.500000 0.050000 0.000000 0.000000 0.000000 0.000000
256 0.500000 3.500000 0.050000 0.000000 0.285132 0.500000 3.166330
256 0.500000 3.500000 0.050000 0.000000 0.000000 0.000000 0.000000
256 0.500000 3.500000 0.050000 0.000000 0.000000 0.000000 0.000000
256 0.500000 3.500000 0.050000 0.000000 0.000000 0.000000 0.000000
256 0.500000 3.500000 0.050000 0.000000 0.271461 -0.500000 3.166330
256 0.500000 3.500000 0.050000 0.000000 0.000000 0.000000 0.000000
256 0.500000 3.500000 0.050000 0.000000 0.000000 0.000000 0.000000
256 0.500000 3.500000 0.050000 0.000000 0.270285 -0.500000 3.166330
256 0.500000 3.500000 0.050000 0.000000 0.000000 0.000000 0.000000
256 0.500000 3.500000 0.050000 0.000000 0.000000 0.000000 0.000000
256 0.500000 3.500000 0.050000 0.000000 0.000000 0.000000 0.000000
256 0.500000 3.500000 0.050000 0.000000 0.000000 0.000000 0.000000
256 0.500000 3.500000 0.050000 0.000000 0.000000 0.000000 0.000000
256 0.500000 3.500000 0.050000 0.000000 0.000000 0.000000 0.000000
256 0.500000 3.500000 0.050000 0.000000 0.000000 0.000000 0.000000
256 0.500000 3.500000 0.050000 0.000000 0.000000 0.000000 0.000000
256 0.500000 3.500000 0.050000 0.000000 0.000000 0.000000 0.000000
256 0.500000 3.500000 0.050000 0.000000 0.262359 0.500000 3.166330
256 0.500000 3.500000 0.050000 0.000000 0.000000 0.000000 0.000000
256 0.500000 3.500000 0.050000 0.000000 0.000000 0.000000 0.000000
256 0.500000 3.500000 0.050000 0.000000 0.000000 0.000000 0.000000
256 0.500000 3.500000 0.050000 0.000000 0.000000 0.000000 0.000000
256 0.500000 3.500000 0.050000 0.000000 0.000000 0.000000 0.000000
256 0.500000 3.500000 0.050000 0.000000 0.000000 0.000000 0.000000
256 0.500000 3.500000 0.050000 0.000000 0.000000 0.000000 0.000000
256 0.500000 3.500000 0.050000 0.000000 0.000000 0.000000 0.000000
256 0.500000 3.500000 0.050000 0.000000 0.000000 0.000000 0.000000
256 0.500000 3.500000 0.050000 0.000000 0.000000 0.000000 0.000000
256 0.500000 3.500000 0.050000 0.000000 0.000000 0.000000 0.000000
256 0.500000 3.500000 0.050000 0.000000 0.000000 0.000000 0.000000
256 0.500000 3.500000 0.050000 0.000000 0.276077 0.500000 3.166330
256 0.500000 3.500000 0.050000 0.000000 0.000000 0.000000 0.000000
256 0.500000 3.500000 0.050000 0.000000 0.000000 0.000000 0.000000
256 0.500000 3.500000 0.050000 0.000000 0.000000 0.000000 0.000000
256 0.500000 3.500000 0.050000 0.000000 0.000000 0.000000 0.000000
256 0.500000 3.500000 0.050000 0.000000 0.000000 0.000000 0.000000
256 0.500000 3.500000 0.050000 0.000000 0.000000 0.000000 0.000000
256 0.500000 3.500000 0.050000 0.000000 0.000000 0.000000 0.000000
256 0.500000 3.500000 0.050000 0.000000 0.000000 0.000000 0.000000
256 0.500000 3.500000 0.050000 0.000000 0.000000 0.000000 0.000000
256 0.500000 3.500000 0.050000 0.000000 0.000000 0.000000 0.000000
256 0.500000 3.500000 0.050000 0.000000 0.000000 0.000000 0.000000
256 0.500000 3.500000 0.050000 0.000000 0.000000 0.000000 0.000000
256 0.500000 3.500000 0.050000 0.000000 0.000000 0.000000 0.000000
256 0.500000 3.500000 0.050000 0.000000 0.000000 0.000000 0.000000
256 0.500000 3.500000 0.050000 0.000000 0.000000 0.000000 0.000000
256 0.500000 3.500000 0.050000 0.000000 0.000000 0.000000 0.000000
256 0.500000 3.500000 0.050000 0.000000 0.270845 0.500000 3.166330
256 0.500000 3.500000 0.050000 0.000000 0.000000 0.000000 0.000000
256 0.500000 3.500000 0.050000 0.000000 0.000000 0.000000 0.000000
256 0.500000 3.500000 0.050000 0.000000 0.000000 0.000000 0.000000
256 0.500000 3.500000 0.050000 0.000000 0.000000 0.000000 0.000000
256 0.500000 3.500000 0.050000 0.000000 0.000000 0.000000 0.000000
256 0.500000 3.500000 0.050000 0.000000 0.000000 0.000000 0.000000
256 0.500000 3.500000 0.050000 0.000000 0.000000 0.000000 0.000000
256 0.500000 3.500000 0.050000 0.000000 0.000000 0.000000 0.000000
256 0.500000 3.500000 0.050000 0.000000 0.000000 0.000000 0.000000
256 0.500000 3.500000 0.050000 0.000000 0.000000 0.000000 0.000000
256 0.500000 3.500000 0.050000 0.000000 0.000000 0.000000 0.000000
256 0.500000 3.500000 0.050000 0.000000 0.000000 0.000000 0.000000
256 0.500000 3.500000 0.050000 0.000000 0.000000 0.000000 0.000000
256 0.500000 3.500000 0.050000 0.000000 0.282738 0.500000 3.166330
256 0.500000 3.500000 0.050000 0.000000 0.285147 0.500000 3.166330
256 0.500000 3.500000 0.050000 0.000000 0.000000 0.000000 0.000000
256 0.500000 3.500000 0.050000 0.000000 0.000000 0.000000 0.000000
256 0.500000 3.500000 0.050000 0.000000 0.000000 0.000000 0.000000
256 0.500000 3.500000 0.050000 0.000000 0.000000 0.000000 0.000000
256 0.500000 3.500000 0.050000 0.000000 0.000000 0.000000 0.000000
256 0.500000 3.500000 0.050000 0.000000 0.000000 0.000000 0.000000
256 0.500000 3.500000 0.050000 0.000000 0.000000 0.000000 0.000000
256 0.500000 3.500000 0.050000 0.000000 0.000000 0.000000 0.000000
256 0.500000 3.500000 0.050000 0.000000 0.000000 0.000000 0.000000
256 0.500000 3.500000 0.050000 0.000000 0.000000 0.000000 0.000000
256 0.500000 3.500000 0.050000 0.000000 0.000000 0.000000 0.000000
256 0.500000 3.500000 0.050000 0.000000 0.000000 0.000000 0.000000
256 0.500000 3.500000 0.050000 0.000000 0.000000 0.000000 0.000000
256 0.500000 3.500000 0.050000 0.000000 0.000000 0.000000 0.000000
256 0.500000 3.500000 0.050000 0.000000 0.000000 0.000000 0.000000
256 0.500000 3.500000 0.050000 0.000000 0.000000 0.000000 0.000000
256 0.500000 3.500000 0.050000 0.000000 0.000000 0.000000 0.000000
256 0.500000 3.500000 0.050000 0.000000 0.269908 -0.500000 3.166330
256 0.500000 3.500000 0.050000 0.000000 0.285683 0.500000 3.166330
256 0.500000 3.500000 0.050000 0.000000 0.000000 0.000000 0.000000
256 0.500000 3.500000 0.050000 0.000000 0.000000 0.000000 0.000000
256 0.500000 3.500000 0.050000 0.000000 0.000000 0.000000 0.000000
256 0.500000 3.500000 0.050000 0.000000 0.000000 0.000000 0.000000
256 0.500000 3.500000 0.050000 0.000000 0.000000 0.000000 0.000000
256 0.500000 3.500000 0.050000 0.000000 0.000000 0.000000 0.000000
256 0.500000 3.500000 0.050000 0.000000 0.000000 0.000000 0.000000
256 0.500000 3.500000 0.050000 0.000000 0.000000 0.000000 0.000000
256 0.500000 3.500000 0.050000 0.000000 0.000000 0.000000 0.000000
256 0.500000 3.500000 0.050000 0.000000 0.000000 0.000000 0.000000
256 0.500000 3.500000 0.050000 0.000000 0.000000 0.000000 0.000000
256 0.500000 3.500000 0.050000 0.000000 0.000000 0.000000 0.000000
256 0.500000 3.500000 0.050000 0.000000 0.000000 0.000000 0.000000
256 0.500000 3.500000 0.050000 0.000000 0.270713 0.500000 3.166330
256 0.500000 3.500000 0.050000 0.000000 0.000000 0.000000 0.000000
256 0.500000 3.500000 0.050000 0.000000 0.000000 0.000000 0.000000
256 0.500000 3.500000 0.050000 0.000000 0.000000 0.000000 0.000000
256 0.500000 3.500000 0.050000 0.000000 0.000000 0.000000 0.000000
256 0.500000 3.500000 0.050000 0.000000 0.270724 0.500000 3.166330
256 0.500000 3.500000 0.050000 0.000000 0.000000 0.000000 0.000000
256 0.500000 3.500000 0.050000 0.000000 0.000000 0.000000 0.000000
256 0.500000 3.500000 0.050000 0.000000 0.000000 0.000000 0.000000
256 0.500000 3.500000 0.050000 0.000000 0.000000 0.000000 0.000000
256 0.500000 3.500000 0.050000 0.000000 0.000000 0.000000 0.000000
256 0.500000 3.500000 0.050000 0.000000 0.000000 0.000000 0.000000
256 0.500000 3.500000 0.050000 0.000000 0.000000 0.000000 0.000000
256 0.500000 3.500000 0.050000 0.000000 0.000000 0.000000 0.000000
256 0.500000 3.500000 0.050000 0.000000 0.000000 0.000000 0.000000
256 0.500000 3.500000 0.050000 0.000000 0.000000 0.000000 0.000000
256 0.500000 3.500000 0.050000 0.000000 0.000000 0.000000 0.000000
256 0.500000 3.500000 0.050000 0.000000 0.000000 0.000000 0.000000
256 0.500000 3.500000 0.050000 0.000000 0.000000 0.000000 0.000000
256 0.500000 3.500000 0.050000 0.000000 0.000000 0.000000 0.000000
256 0.500000 3.500000 0.050000 0.000000 0.000000 0.000000 0.000000
256 0.500000 3.500000 0.050000 0.000000 0.000000 0.000000 0.000000
256 0.500000 3.500000 0.050000 0.000000 0.000000 0.000000 0.000000
256 0.500000 3.500000 0.050000 0.000000 0.000000 0.000000 0.000000
256 0.500000 3.500000 0.050000 0.000000 0.266782 -0.500000 3.166330
256 0.500000 3.500000 0.050000 0.000000 0.000000 0.000000 0.000000
256 0.500000 3.500000 0.050000 0.000000 0.000000 0.000000 0.000000
256 0.500000 3.500000 0.050000 0.000000 0.000000 0.000000 0.000000
256 0.500000 3.500000 0.050000 0.000000 0.000000 0.000000 0.000000
256 0.500000 3.500000 0.050000 0.000000 0.000000 0.000000 0.000000
256 0.500000 3.500000 0.050000 0.000000 0.000000 0.000000 0.000000
256 0.500000 3.500000 0.050000 0.000000 0.000000 0.000000 0.000000
256 0.500000 3.500000 0.050000 0.000000 0.000000 0.000000 0.000000
256 0.500000 3.500000 0.050000 0.000000 0.000000 0.000000 0.000000
256 0.500000 3.500000 0.050000 0.000000 0.000000 0.000000 0.000000
256 0.500000 3.500000 0.050000 0.000000 0.000000 0.000000 0.000000
256 0.500000 3.500000 0.050000 0.000000 0.000000 0.000000 0.000000
256 0.500000 3.500000 0.050000 0.000000 0.000000 0.000000 0.000000
256 0.500000 3.500000 0.050000 0.000000 0.000000 0.000000 0.000000
256 0.500000 3.500000 0.050000 0.000000 0.000000 0.000000 0.000000
256 0.500000 3.500000 0.050000 0.000000 0.000000 0.000000 0.000000
256 0.500000 3.500000 0.050000 0.000000 0.000000 0.000000 0.000000
256 0.500000 3.500000 0.050000 0.000000 0.000000 0.000000 0.000000
256 0.500000 3.500000 0.050000 0.000000 0.000000 0.000000 0.000000
256 0.500000 3.500000 0.050000 0.000000 0.000000 0.000000 0.000000
256 0.500000 3.500000 0.050000 0.000000 0.000000 0.000000 0.000000
256 0.500000 3.500000 0.050000 0.000000 0.000000 0.000000 0.000000
256 0.500000 3.500000 0.050000 0.000000 0.000000 0.000000 0.000000
256 0.500000 3.500000 0.050000 0.000000 0.271762 0.500000 3.166330
256 0.500000 3.500000 0.050000 0.000000 0.000000 0.000000 0.000000
256 0.500000 3.500000 0.050000 0.000000 0.000000 0.000000 0.000000
256 0.500000 3.500000 0.050000 0.000000 0.000000 0.000000 0.000000
256 0.500000 3.500000 0.050000 0.000000 0.000000 0.000000 0.000000
256 0.500000 3.500000 0.050000 0.000000 0.000000 0.000000 0.000000
256 0.500000 3.500000 0.050000 0.000000 0.000000 0.000000 0.000000
256 0.500000 3.500000 0.050000 0.000000 0.000000 0.000000 0.000000
256 0.500000 3.500000 0.050000 0.000000 0.000000 0.000000 0.000000
256 0.500000 3.500000 0.050000 0.000000 0.000000 0.000000 0.000000
256 0.500000 3.500000 0.050000 0.000000 0.000000 0.000000 0.000000
256 0.500000 3.500000 0.050000 0.000000 0.000000 0.000000 0.000000
256 0.500000 3.500000 0.050000 0.000000 0.000000 0.000000 0.000000
256 0.500000 3.500000 0.050000 0.000000 0.000000 0.000000 0.000000
256 0.500000 3.500000 0.050000 0.000000 0.000000 0.000000 0.000000
256 0.500000 3.500000 0.050000 0.000000 0.000000 0.000000 0.000000
256 0.500000 3.500000 0.050000 0.000000 0.000000 0.000000 0.000000
256 0.500000 3.500000 0.050000 0.000000 0.000000 0.000000 0.000000
256 0.500000 3.500000 0.050000 0.000000 0.000000 0.000000 0.000000
256 0.500000 3.500000 0.050000 0.000000 0.000000 0.000000 0.000000
256 0.500000 3.500000 0.050000 0.000000 0.000000 0.000000 0.000000
256 0.500000 3.500000 0.050000 0.000000 0.000000 0.000000 0.000000
256 0.500000 3.500000 0.050000 0.000000 0.000000 0.000000 0.000000
256 0.500000 3.500000 0.050000 0.000000 0.000000 0.000000 0.000000
256 0.500000 3.500000 0.050000 0.000000 0.000000 0.000000 0.000000
256 0.500000 3.500000 0.050000 0.000000 0.000000 0.000000 0.000000
256 0.500000 3.500000 0.050000 0.000000 0.000000 0.000000 0.000000
256 0.500000 3.500000 0.050000 0.000000 0.000000 0.000000 0.000000
256 0.500000 3.500000 0.050000 0.000000 0.000000 0.000000 0.000000
256 0.500000 3.500000 0.050000 0.000000 0.000000 0.000000 0.000000
256 0.500000 3.500000 0.050000 0.000000 0.000000 0.000000 0.000000
256 0.500000 3.500000 0.050000 0.000000 0.000000 0.000000 0.000000
256 0.500000 3.500000 0.050000 0.000000 0.000000 0.000000 0.000000
256 0.500000 3.500000 0.050000 0.000000 0.000000 0.000000 0.000000
256 0.500000 3.500000 0.050000 0.000000 0.000000 0.000000 0.000000
256 0.500000 3.500000 0.050000 0.000000 0.000000 0.000000 0.000000
256 0.500000 3.500000 0.050000 0.000000 0.263090 0.500000 3.166330
256 0.500000 3.500000 0.050000 0.000000 0.000000 0.000000 0.000000
256 0.500000 3.500000 0.050000 0.000000 0.000000 0.000000 0.000000
256 0.500000 3.500000 0.050000 0.000000 0.000000 0.000000 0.000000
256 0.500000 3.500000 0.050000 0.000000 0.000000 0.000000 0.000000
256 0.500000 3.500000 0.050000 0.000000 0.000000 0.000000 0.000000
256 0.500000 3.500000 0.050000 0.000000 0.000000 0.000000 0.000000
256 0.500000 3.500000 0.050000 0.000000 0.000000 0.000000 0.000000
256 0.500000 3.500000 0.050000 0.000000 0.000000 0.000000 0.000000
256 0.500000 3.500000 0.050000 0.000000 0.000000 0.000000 0.000000
256 0.500000 3.500000 0.050000 0.000000 0.000000 0.000000 0.000000
256 0.500000 3.500000 0.050000 0.000000 0.000000 0.000000 0.000000
256 0.500000 3.500000 0.050000 0.000000 0.000000 0.000000 0.000000
256 0.500000 3.500000 0.050000 0.000000 0.000000 0.000000 0.000000
256 0.500000 3.500000 0.050000 0.000000 0.000000 0.000000 0.000000
256 0.500000 3.500000 0.050000 0.000000 0.000000 0.000000 0.000000
256 0.500000 3.500000 0.050000 0.000000 0.000000 0.000000 0.000000
256 0.500000 3.500000 0.050000 0.000000 0.000000 0.000000 0.000000
256 0.500000 3.500000 0.050000 0.000000 0.000000 0.000000 0.000000
256 0.500000 3.500000 0.050000 0.000000 0.000000 0.000000 0.000000
256 0.500000 3.500000 0.050000 0.000000 0.000000 0.000000 0.000000
256 0.500000 3.500000 0.050000 0.000000 0.000000 0.000000 0.000000
256 0.500000 3.500000 0.050000 0.000000 0.000000 0.000000 0.000000
256 0.500000 3.500000 0.050000 0.000000 0.000000 0.000000 0.000000
256 0.500000 3.500000 0.050000 0.000000 0.000000 0.000000 0.000000
256 0.500000 3.500000 0.050000 0.000000 0.000000 0.000000 0.000000
256 0.500000 3.500000 0.050000 0.000000 0.000000 0.000000 0.000000
256 0.500000 3.500000 0.050000 0.000000 0.000000 0.000000 0.000000
256 0.500000 3.500000 0.050000 0.000000 0.000000 0.000000 0.000000
256 0.500000 3.500000 0.050000 0.000000 0.000000 0.000000 0.000000
256 0.500000 3.500000 0.050000 0.000000 0.000000 0.000000 0.000000
256 0.500000 3.500000 0.050000 0.000000 0.000000 0.000000 0.000000
256 0.500000 3.500000 0.050000 0.000000 0.000000 0.000000 0.000000
256 0.500000 3.500000 0.050000 0.000000 0.000000 0.000000 0.000000
256 0.500000 3.500000 0.050000 0.000000 0.000000 0.000000 0.000000
256 0.500000 3.500000 0.050000 0.000000 0.000000 0.000000 0.000000
256 0.500000 3.500000 0.050000 0.000000 0.266273 0.500000 3.166330
256 0.500000 3.500000 0.050000 0.000000 0.000000 0.000000 0.000000
256 0.500000 3.500000 0.050000 0.000000 0.000000 0.000000 0.000000
256 0.500000 3.500000 0.050000 0.000000 0.000000 0.000000 0.000000
256 0.500000 3.500000 0.050000 0.000000 0.000000 0.000000 0.000000
256 0.500000 3.500000 0.050000 0.000000 0.000000 0.000000 0.000000
256 0.500000 3.500000 0.050000 0.000000 0.000000 0.000000 0.000000
256 0.500000 3.500000 0.050000 0.000000 0.000000 0.000000 0.000000
256 0.500000 3.500000 0.050000 0.000000 0.000000 0.000000 0.000000
256 0.500000 3.500000 0.050000 0.000000 0.000000 0.000000 0.000000
256 0.500000 3.500000 0.050000 0.000000 0.000000 0.000000 0.000000
256 0.500000 3.500000 0.050000 0.000000 0.000000 0.000000 0.000000
256 0.500000 3.500000 0.050000 0.000000 0.000000 0.000000 0.000000
256 0.500000 3.500000 0.050000 0.000000 0.000000 0.000000 0.000000
256 0.500000 3.500000 0.050000 0.000000 0.000000 0.000000 0.000000
256 0.500000 3.500000 0.050000 0.000000 0.000000 0.000000 0.000000
256 0.500000 3.500000 0.050000 0.000000 0.000000 0.000000 0.000000
256 0.500000 3.500000 0.050000 0.000000 0.000000 0.000000 0.000000
256 0.500000 3.500000 0.050000 0.000000 0.000000 0.000000 0.000000
256 0.500000 3.500000 0.050000 0.000000 0.000000 0.000000 0.000000
256 0.500000 3.500000 0.050000 0.000000 0.000000 0.000000 0.000000
256 0.500000 3.500000 0.050000 0.000000 0.000000 0.000000 0.000000
256 0.500000 3.500000 0.050000 0.000000 0.000000 0.000000 0.000000
256 0.500000 3.500000 0.050000 0.000000 0.000000 0.000000 0.000000
256 0.500000 3.500000 0.050000 0.000000 0.000000 0.000000 0.000000
256 0.500000 3.500000 0.050000 0.000000 0.000000 0.000000 0.000000
256 0.500000 3.500000 0.050000 0.000000 0.000000 0.000000 0.000000
256 0.500000 3.500000 0.050000 0.000000 0.000000 0.000000 0.000000
256 0.500000 3.500000 0.050000 0.000000 0.000000 0.000000 0.000000
256 0.500000 3.500000 0.050000 0.000000 0.000000 0.000000 0.000000
256 0.500000 3.500000 0.050000 0.000000 0.000000 0.000000 0.000000
256 0.500000 3.500000 0.050000 0.000000 0.000000 0.000000 0.000000
256 0.500000 3.500000 0.050000 0.000000 0.000000 0.000000 0.000000
256 0.500000 3.500000 0.050000 0.000000 0.000000 0.000000 0.000000
256 0.500000 3.500000 0.050000 0.000000 0.270147 0.500000 3.166330
256 0.500000 3.500000 0.050000 0.000000 0.000000 0.000000 0.000000
256 0.500000 3.500000 0.050000 0.000000 0.000000 0.000000 0.000000
256 0.500000 3.500000 0.050000 0.000000 0.000000 0.000000 0.000000
256 0.500000 3.500000 0.050000 0.000000 0.000000 0.000000 0.000000
256 0.500000 3.500000 0.050000 0.000000 0.000000 0.000000 0.000000
256 0.500000 3.500000 0.050000 0.000000 0.000000 0.000000 0.000000
256 0.500000 3.500000 0.050000 0.000000 0.000000 0.000000 0.000000
256 0.500000 3.500000 0.050000 0.000000 0.000000 0.000000 0.000000
256 0.500000 3.500000 0.050000 0.000000 0.000000 0.000000 0.000000
256 0.500000 3.500000 0.050000 0.000000 0.000000 0.000000 0.000000
256 0.500000 3.500000 0.050000 0.000000 0.000000 0.000000 0.000000
256 0.500000 3.500000 0.050000 0.000000 0.000000 0.000000 0.000000
256 0.500000 3.500000 0.050000 0.000000 0.000000 0.000000 0.000000
256 0.500000 3.500000 0.050000 0.000000 0.000000 0.000000 0.000000
256 0.500000 3.500000 0.050000 0.000000 0.000000 0.000000 0.000000
256 0.500000 3.500000 0.050000 0.000000 0.000000 0.000000 0.000000
256 0.500000 3.500000 0.050000 0.000000 0.000000 0.000000 0.000000
256 0.500000 3.500000 0.050000 0.000000 0.000000 0.000000 0.000000
256 0.500000 3.500000 0.050000 0.000000 0.000000 0.000000 0.000000
256 0.500000 3.500000 0.050000 0.000000 0.000000 0.000000 0.000000
256 0.500000 3.500000 0.050000 0.000000 0.000000 0.000000 0.000000
256 0.500000 3.500000 0.050000 0.000000 0.000000 0.000000 0.000000
256 0.500000 3.500000 0.050000 0.000000 0.000000 0.000000 0.000000
256 0.500000 3.500000 0.050000 0.000000 0.000000 0.000000 0.000000
256 0.500000 3.500000 0.050000 0.000000 0.000000 0.000000 0.000000
256 0.500000 3.500000 0.050000 0.000000 0.270950 -0.500000 3.166330
256 0.500000 3.500000 0.050000 0.000000 0.000000 0.000000 0.000000
256 0.500000 3.500000 0.050000 0.000000 0.000000 0.000000 0.000000
256 0.500000 3.500000 0.050000 0.000000 0.000000 0.000000 0.000000
256 0.500000 3.500000 0.050000 0.000000 0.000000 0.000000 0.000000
256 0.500000 3.500000 0.050000 0.000000 0.000000 0.000000 0.000000
256 0.500000 3.500000 0.050000 0.000000 0.000000 0.000000 0.000000
256 0.500000 3.500000 0.050000 0.000000 0.000000 0.000000 0.000000
256 0.500000 3.500000 0.050000 0.000000 0.000000 0.000000 0.000000
256 0.500000 3.500000 0.050000 0.000000 0.000000 0.000000 0.000000
256 0.500000 3.500000 0.050000 0.000000 0.000000 0.000000 0.000000
256 0.500000 3.500000 0.050000 0.000000 0.000000 0.000000 0.000000
256 0.500000 3.500000 0.050000 0.000000 0.000000 0.000000 0.000000
256 0.500000 3.500000 0.050000 0.000000 0.000000 0.000000 0.000000
256 0.500000 3.500000 0.050000 0.000000 0.000000 0.000000 0.000000
256 0.500000 3.500000 0.050000 0.000000 0.000000 0.000000 0.000000
256 0.500000 3.500000 0.050000 0.000000 0.000000 0.000000 0.000000
256 0.500000 3.500000 0.050000 0.000000 0.000000 0.000000 0.000000
256 0.500000 3.500000 0.050000 0.000000 0.000000 0.000000 0.000000
256 0.500000 3.500000 0.050000 0.000000 0.000000 0.000000 0.000000
256 0.500000 3.500000 0.050000 0.000000 0.000000 0.000000 0.000000
256 0.500000 3.500000 0.050000 0.000000 0.000000 0.000000 0.000000
256 0.500000 3.500000 0.050000 0.000000 0.000000 0.000000 0.000000
256 0.500000 3.500000 0.050000 0.000000 0.000000 0.000000 0.000000
256 0.500000 3.500000 0.050000 0.000000 0.000000 0.000000 0.000000
256 0.500000 3.500000 0.050000 0.000000 0.000000 0.000000 0.000000
256 0.500000 3.500000 0.050000 0.000000 0.000000 0.000000 0.000000
256 0.500000 3.500000 0.050000 0.000000 0.000000 0.000000 0.000000
256 0.500000 3.500000 0.050000 0.000000 0.000000 0.000000 0.000000
256 0.500000 3.500000 0.050000 0.000000 0.000000 0.000000 0.000000
256 0.500000 3.500000 0.050000 0.000000 0.000000 0.000000 0.000000
256 0.500000 3.500000 0.050000 0.000000 0.000000 0.000000 0.000000
256 0.500000 3.500000 0.050000 0.000000 0.271763 0.500000 3.166330
256 0.500000 3.500000 0.050000 0.000000 0.000000 0.000000 0.000000
256 0.500000 3.500000 0.050000 0.000000 0.000000 0.000000 0.000000
256 0.500000 3.500000 0.050000 0.000000 0.000000 0.000000 0.000000
256 0.500000 3.500000 0.050000 0.000000 0.000000 0.000000 0.000000
256 0.500000 3.500000 0.050000 0.000000 0.000000 0.000000 0.000000
256 0.500000 3.500000 0.050000 0.000000 0.000000 0.000000 0.000000
256 0.500000 3.500000 0.050000 0.000000 0.000000 0.000000 0.000000
256 0.500000 3.500000 0.050000 0.000000 0.276594 0.500000 3.166330
256 0.500000 3.500000 0.050000 0.000000 0.000000 0.000000 0.000000
256 0.500000 3.500000 0.050000 0.000000 0.000000 0.000000 0.000000
256 0.500000 3.500000 0.050000 0.000000 0.000000 0.000000 0.000000
256 0.500000 3.500000 0.050000 0.000000 0.000000 0.000000 0.000000
256 0.500000 3.500000 0.050000 0.000000 0.000000 0.000000 0.000000
256 0.500000 3.500000 0.050000 0.000000 0.000000 0.000000 0.000000
256 0.500000 3.500000 0.050000 0.000000 0.000000 0.000000 0.000000
256 0.500000 3.500000 0.050000 0.000000 0.000000 0.000000 0.000000
256 0.500000 3.500000 0.050000 0.000000 0.000000 0.000000 0.000000
256 0.500000 3.500000 0.050000 0.000000 0.000000 0.000000 0.000000
256 0.500000 3.500000 0.050000 0.000000 0.000000 0.000000 0.000000
256 0.500000 3.500000 0.050000 0.000000 0.000000 0.000000 0.000000
256 0.500000 3.500000 0.050000 0.000000 0.000000 0.000000 0.000000
256 0.500000 3.500000 0.050000 0.000000 0.000000 0.000000 0.000000
256 0.500000 3.500000 0.050000 0.000000 0.276419 0.500000 3.166330
256 0.500000 3.500000 0.050000 0.000000 0.000000 0.000000 0.000000
256 0.500000 3.500000 0.050000 0.000000 0.000000 0.000000 0.000000
256 0.500000 3.500000 0.050000 0.000000 0.000000 0.000000 0.000000
256 0.500000 3.500000 0.050000 0.000000 0.000000 0.000000 0.000000
256 0.500000 3.500000 0.050000 0.000000 0.000000 0.000000 0.000000
256 0.500000 3.500000 0.050000 0.000000 0.000000 0.000000 0.000000
256 0.500000 3.500000 0.050000 0.000000 0.000000 0.000000 0.000000
256 0.500000 3.500000 0.050000 0.000000 0.000000 0.000000 0.000000
256 0.500000 3.500000 0.050000 0.000000 0.000000 0.000000 0.000000
256 0.500000 3.500000 0.050000 0.000000 0.000000 0.000000 0.000000
256 0.500000 3.500000 0.050000 0.000000 0.000000 0.000000 0.000000
256 0.500000 3.500000 0.050000 0.000000 0.000000 0.000000 0.000000
256 0.500000 3.500000 0.050000 0.000000 0.000000 0.000000 0.000000
256 0.500000 3.500000 0.050000 0.000000 0.274981 0.500000 3.166330
256 0.500000 3.500000 0.050000 0.000000 0.000000 0.000000 0.000000
256 0.500000 3.500000 0.050000 0.000000 0.000000 0.000000 0.000000
256 0.500000 3.500000 0.050000 0.000000 0.000000 0.000000 0.000000
256 0.500000 3.500000 0.050000 0.000000 0.000000 0.000000 0.000000
256 0.500000 3.500000 0.050000 0.000000 0.262818 0.500000 3.166330
256 0.500000 3.500000 0.050000 0.000000 0.000000 0.000000 0.000000
256 0.500000 3.500000 0.050000 0.000000 0.000000 0.000000 0.000000
256 0.500000 3.500000 0.050000 0.000000 0.000000 0.000000 0.000000
256 0.500000 3.500000 0.050000 0.000000 0.000000 0.000000 0.000000
256 0.500000 3.500000 0.050000 0.000000 0.000000 0.000000 0.000000
256 0.500000 3.500000 0.050000 0.000000 0.000000 0.000000 0.000000
256 0.500000 3.500000 0.050000 0.000000 0.000000 0.000000 0.000000
256 0.500000 3.500000 0.050000 0.000000 0.000000 0.000000 0.000000
256 0.500000 3.500000 0.050000 0.000000 0.000000 0.000000 0.000000
256 0.500000 3.500000 0.050000 0.000000 0.000000 0.000000 0.000000
256 0.500000 3.500000 0.050000 0.000000 0.000000 0.000000 0.000000
256 0.500000 3.500000 0.050000 0.000000 0.000000 0.000000 0.000000
256 0.500000 3.500000 0.050000 0.000000 0.000000 0.000000 0.000000
256 0.500000 3.500000 0.050000 0.000000 0.000000 0.000000 0.000000
256 0.500000 3.500000 0.050000 0.000000 0.000000 0.000000 0.000000
256 0.500000 3.500000 0.050000 0.000000 0.000000 0.000000 0.000000
256 0.500000 3.500000 0.050000 0.000000 0.000000 0.000000 0.000000
256 0.500000 3.500000 0.050000 0.000000 0.000000 0.000000 0.000000
256 0.500000 3.500000 0.050000 0.000000 0.277582 0.500000 3.166330
256 0.500000 3.500000 0.050000 0.000000 0.264181 -0.500000 3.166330
256 0.500000 3.500000 0.050000 0.000000 0.000000 0.000000 0.000000
256 0.500000 3.500000 0.050000 0.000000 0.000000 0.000000 0.000000
256 0.500000 3.500000 0.050000 0.000000 0.000000 0.000000 0.000000
256 0.500000 3.500000 0.050000 0.000000 0.000000 0.000000 0.000000
256 0.500000 3.500000 0.050000 0.000000 0.000000 0.000000 0.000000
256 0.500000 3.500000 0.050000 0.000000 0.000000 0.000000 0.000000
256 0.500000 3.500000 0.050000 0.000000 0.000000 0.000000 0.000000
256 0.500000 3.500000 0.050000 0.000000 0.000000 0.000000 0.000000
256 0.500000 3.500000 0.050000 0.000000 0.000000 0.000000 0.000000
256 0.500000 3.500000 0.050000 0.000000 0.000000 0.000000 0.000000
256 0.500000 3.500000 0.050000 0.000000 0.000000 0.000000 0.000000
256 0.500000 3.500000 0.050000 0.000000 0.000000 0.000000 0.000000
256 0.500000 3.500000 0.050000 0.000000 0.000000 0.000000 0.000000
256 0.500000 3.500000 0.050000 0.000000 0.000000 0.000000 0.000000
256 0.500000 3.500000 0.050000 0.000000 0.000000 0.000000 0.000000
256 0.500000 3.500000 0.050000 0.000000 0.000000 0.000000 0.000000
256 0.500000 3.500000 0.050000 0.000000 0.000000 0.000000 0.000000
256 0.500000 3.500000 0.050000 0.000000 0.000000 0.000000 0.000000
256 0.500000 3.500000 0.050000 0.000000 0.000000 0.000000 0.000000
256 0.500000 3.500000 0.050000 0.000000 0.000000 0.000000 0.000000
256 0.500000 3.500000 0.050000 0.000000 0.276232 0.500000 3.166330
256 0.500000 3.500000 0.050000 0.000000 0.000000 0.000000 0.000000
256 0.500000 3.500000 0.050000 0.000000 0.000000 0.000000 0.000000
256 0.500000 3.500000 0.050000 0.000000 0.000000 0.000000 0.000000
256 0.500000 3.500000 0.050000 0.000000 0.000000 0.000000 0.000000
256 0.500000 3.500000 0.050000 0.000000 0.265527 0.500000 3.166330
256 0.500000 3.500000 0.050000 0.000000 0.000000 0.000000 0.000000
256 0.500000 3.500000 0.050000 0.000000 0.000000 0.000000 0.000000
256 0.500000 3.500000 0.050000 0.000000 0.000000 0.000000 0.000000
256 0.500000 3.500000 0.050000 0.000000 0.000000 0.000000 0.000000
256 0.500000 3.500000 0.050000 0.000000 0.000000 0.000000 0.000000
256 0.500000 3.500000 0.050000 0.000000 0.000000 0.000000 0.000000
256 0.500000 3.500000 0.050000 0.000000 0.000000 0.000000 0.000000
256 0.500000 3.500000 0.050000 0.000000 0.000000 0.000000 0.000000
256 0.500000 3.500000 0.050000 0.000000 0.000000 0.000000 0.000000
256 0.500000 3.500000 0.050000 0.000000 0.000000 0.000000 0.000000
256 0.500000 3.500000 0.050000 0.000000 0.000000 0.000000 0.000000
256 0.500000 3.500000 0.050000 0.000000 0.000000 0.000000 0.000000
256 0.500000 3.500000 0.050000 0.000000 0.000000 0.000000 0.000000
256 0.500000 3.500000 0.050000 0.000000 0.000000 0.000000 0.000000
256 0.500000 3.500000 0.050000 0.000000 0.000000 0.000000 0.000000
256 0.500000 3.500000 0.050000 0.000000 0.000000 0.000000 0.000000
256 0.500000 3.500000 0.050000 0.000000 0.000000 0.000000 0.000000
256 0.500000 3.500000 0.050000 0.000000 0.000000 0.000000 0.000000
256 0.500000 3.500000 0.050000 0.000000 0.000000 0.000000 0.000000
256 0.500000 3.500000 0.050000 0.000000 0.000000 0.000000 0.000000
256 0.500000 3.500000 0.050000 0.000000 0.000000 0.000000 0.000000
256 0.500000 3.500000 0.050000 0.000000 0.000000 0.000000 0.000000
256 0.500000 3.500000 0.050000 0.000000 0.000000 0.000000 0.000000
256 0.500000 3.500000 0.050000 0.000000 0.000000 0.000000 0.000000
256 0.500000 3.500000 0.050000 0.000000 0.000000 0.000000 0.000000
256 0.500000 3.500000 0.050000 0.000000 0.000000 0.000000 0.000000
256 0.500000 3.500000 0.050000 0.000000 0.000000 0.000000 0.000000
256 0.500000 3.500000 0.050000 0.000000 0.000000 0.000000 0.000000
256 0.500000 3.500000 0.050000 0.000000 0.000000 0.000000 0.000000
256 0.500000 3.500000 0.050000 0.000000 0.000000 0.000000 0.000000
256 0.500000 3.500000 0.050000 0.000000 0.000000 0.000000 0.000000
256 0.500000 3.500000 0.050000 0.000000 0.000000 0.000000 0.000000
256 0.500000 3.500000 0.050000 0.000000 0.000000 0.000000 0.000000
256 0.500000 3.500000 0.050000 0.000000 0.000000 0.000000 0.000000
256 0.500000 3.500000 0.050000 0.000000 0.000000 0.000000 0.000000
256 0.500000 3.500000 0.050000 0.000000 0.000000 0.000000 0.000000
256 0.500000 3.500000 0.050000 0.000000 0.000000 0.000000 0.000000
256 0.500000 3.500000 0.050000 0.000000 0.000000 0.000000 0.000000
256 0.500000 3.500000 0.050000 0.000000 0.000000 0.000000 0.000000
256 0.500000 3.500000 0.050000 0.000000 0.000000 0.000000 0.000000
256 0.500000 3.500000 0.050000 0.000000 0.000000 0.000000 0.000000
256 0.500000 3.500000 0.050000 0.000000 0.000000 0.000000 0.000000
256 0.500000 3.500000 0.050000 0.000000 0.000000 0.000000 0.000000
256 0.500000 3.500000 0.050000 0.000000 0.000000 0.000000 0.000000
256 0.500000 3.500000 0.050000 0.000000 0.000000 0.000000 0.000000
256 0.500000 3.500000 0.050000 0.000000 0.000000 0.000000 0.000000
256 0.500000 3.500000 0.050000 0.000000 0.000000 0.000000 0.000000
256 0.500000 3.500000 0.050000 0.000000 0.000000 0.000000 0.000000
256 0.500000 3.500000 0.050000 0.000000 0.000000 0.000000 0.000000
256 0.500000 3.500000 0.050000 0.000000 0.000000 0.000000 0.000000
256 0.500000 3.500000 0.050000 0.000000 0.000000 0.000000 0.000000
256 0.500000 3.500000 0.050000 0.000000 0.000000 0.000000 0.000000
256 0.500000 3.500000 0.050000 0.000000 0.000000 0.000000 0.000000
256 0.500000 3.500000 0.050000 0.000000 0.000000 0.000000 0.000000
256 0.500000 3.500000 0.050000 0.000000 0.000000 0.000000 0.000000
256 0.500000 3.500000 0.050000 0.000000 0.000000 0.000000 0.000000
256 0.500000 3.500000 0.050000 0.000000 0.000000 0.000000 0.000000
256 0.500000 3.500000 0.050000 0.000000 0.000000 0.000000 0.000000
256 0.500000 3.500000 0.050000 0.000000 0.000000 0.000000 0.000000
256 0.500000 3.500000 0.050000 0.000000 0.000000 0.000000 0.000000
256 0.500000 3.500000 0.050000 0.000000 0.000000 0.000000 0.000000
256 0.500000 3.500000 0.050000 0.000000 0.000000 0.000000 0.000000
256 0.500000 3.500000 0.050000 0.000000 0.000000 0.000000 0.000000
256 0.500000 3.500000 0.050000 0.000000 0.000000 0.000000 0.000000
256 0.500000 3.500000 0.050000 0.000000 0.000000 0.000000 0.000000
256 0.500000 3.500000 0.050000 0.000000 0.000000 0.000000 0.000000
256 0.500000 3.500000 0.050000 0.000000 0.000000 0.000000 0.000000
256 0.500000 3.500000 0.050000 0.000000 0.000000 0.000000 0.000000
256 0.500000 3.500000 0.050000 0.000000 0.000000 0.000000 0.000000
256 0.500000 3.500000 0.050000 0.000000 0.000000 0.000000 0.000000
256 0.500000 3.500000 0.050000 0.000000 0.000000 0.000000 0.000000
256 0.500000 3.500000 0.050000 0.000000 0.257711 0.500000 3.166330
256 0.500000 3.500000 0.050000 0.000000 0.000000 0.000000 0.000000
256 0.500000 3.500000 0.050000 0.000000 0.000000 0.000000 0.000000
256 0.500000 3.500000 0.050000 0.000000 0.000000 0.000000 0.000000
256 0.500000 3.500000 0.050000 0.000000 0.000000 0.000000 0.000000
256 0.500000 3.500000 0.050000 0.000000 0.000000 0.000000 0.000000
256 0.500000 3.500000 0.050000 0.000000 0.000000 0.000000 0.000000
256 0.500000 3.500000 0.050000 0.000000 0.000000 0.000000 0.000000
256 0.500000 3.500000 0.050000 0.000000 0.000000 0.000000 0.000000
256 0.500000 3.500000 0.050000 0.000000 0.000000 0.000000 0.000000
256 0.500000 3.500000 0.050000 0.000000 0.000000 0.000000 0.000000
256 0.500000 3.500000 0.050000 0.000000 0.000000 0.000000 0.000000
256 0.500000 3.500000 0.050000 0.000000 0.000000 0.000000 0.000000
256 0.500000 3.500000 0.050000 0.000000 0.000000 0.000000 0.000000
256 0.500000 3.500000 0.050000 0.000000 0.000000 0.000000 0.000000
256 0.500000 3.500000 0.050000 0.000000 0.000000 0.000000 0.000000
256 0.500000 3.500000 0.050000 0.000000 0.000000 0.000000 0.000000
256 0.500000 3.500000 0.050000 0.000000 0.264749 -0.500000 3.166330
256 0.500000 3.500000 0.050000 0.000000 0.000000 0.000000 0.000000
256 0.500000 3.500000 0.050000 0.000000 0.000000 0.000000 0.000000
256 0.500000 3.500000 0.050000 0.000000 0.000000 0.000000 0.000000
256 0.500000 3.500000 0.050000 0.000000 0.270491 0.500000 3.166330
256 0.500000 3.500000 0.050000 0.000000 0.000000 0.000000 0.000000
256 0.500000 3.500000 0.050000 0.000000 0.000000 0.000000 0.000000
256 0.500000 3.500000 0.050000 0.000000 0.000000 0.000000 0.000000
256 0.500000 3.500000 0.050000 0.000000 0.250855 0.500000 3.166330
256 0.500000 3.500000 0.050000 0.000000 0.000000 0.000000 0.000000
256 0.500000 3.500000 0.050000 0.000000 0.000000 0.000000 0.000000
256 0.500000 3.500000 0.050000 0.000000 0.000000 0.000000 0.000000
256 0.500000 3.500000 0.050000 0.000000 0.000000 0.000000 0.000000
256 0.500000 3.500000 0.050000 0.000000 0.000000 0.000000 0.000000
256 0.500000 3.500000 0.050000 0.000000 0.000000 0.000000 0.000000
256 0.500000 3.500000 0.050000 0.000000 0.000000 0.000000 0.000000
256 0.500000 3.500000 0.050000 0.000000 0.000000 0.000000 0.000000
256 0.500000 3.500000 0.050000 0.000000 0.000000 0.000000 0.000000
256 0.500000 3.500000 0.050000 0.000000 0.000000 0.000000 0.000000
256 0.500000 3.500000 0.050000 0.000000 0.000000 0.000000 0.000000
256 0.500000 3.500000 0.050000 0.000000 0.000000 0.000000 0.000000
256 0.500000 3.500000 0.050000 0.000000 0.000000 0.000000 0.000000
256 0.500000 3.500000 0.050000 0.000000 0.000000 0.000000 0.000000
256 0.500000 3.500000 0.050000 0.000000 0.000000 0.000000 0.000000
256 0.500000 3.500000 0.050000 0.000000 0.000000 0.000000 0.000000
256 0.500000 3.500000 0.050000 0.000000 0.000000 0.000000 0.000000
256 0.500000 3.500000 0.050000 0.000000 0.000000 0.000000 0.000000
256 0.500000 3.500000 0.050000 0.000000 0.000000 0.000000 0.000000
256 0.500000 3.500000 0.050000 0.000000 0.000000 0.000000 0.000000
256 0.500000 3.500000 0.050000 0.000000 0.000000 0.000000 0.000000
256 0.500000 3.500000 0.050000 0.000000 0.000000 0.000000 0.000000
256 0.500000 3.500000 0.050000 0.000000 0.264684 0.500000 3.166330
256 0.500000 3.500000 0.050000 0.000000 0.000000 0.000000 0.000000
256 0.500000 3.500000 0.050000 0.000000 0.000000 0.000000 0.000000
256 0.500000 3.500000 0.050000 0.000000 0.000000 0.000000 0.000000
256 0.500000 3.500000 0.050000 0.000000 0.000000 0.000000 0.000000
256 0.500000 3.500000 0.050000 0.000000 0.000000 0.000000 0.000000
256 0.500000 3.500000 0.050000 0.000000 0.000000 0.000000 0.000000
256 0.500000 3.500000 0.050000 0.000000 0.000000 0.000000 0.000000
256 0.500000 3.500000 0.050000 0.000000 0.000000 0.000000 0.000000
256 0.500000 3.500000 0.050000 0.000000 0.000000 0.000000 0.000000
256 0.500000 3.500000 0.050000 0.000000 0.000000 0.000000 0.000000
256 0.500000 3.500000 0.050000 0.000000 0.000000 0.000000 0.000000
256 0.500000 3.500000 0.050000 0.000000 0.000000 0.000000 0.000000
256 0.500000 3.500000 0.050000 0.000000 0.272105 -0.500000 3.166330
256 0.500000 3.500000 0.050000 0.000000 0.000000 0.000000 0.000000
256 0.500000 3.500000 0.050000 0.000000 0.000000 0.000000 0.000000
256 0.500000 3.500000 0.050000 0.000000 0.000000 0.000000 0.000000
256 0.500000 3.500000 0.050000 0.000000 0.000000 0.000000 0.000000
256 0.500000 3.500000 0.050000 0.000000 0.000000 0.000000 0.000000
256 0.500000 3.500000 0.050000 0.000000 0.000000 0.000000 0.000000
256 0.500000 3.500000 0.050000 0.000000 0.000000 0.000000 0.000000
256 0.500000 3.500000 0.050000 0.000000 0.000000 0.000000 0.000000
256 0.500000 3.500000 0.050000 0.000000 0.000000 0.000000 0.000000
256 0.500000 3.500000 0.050000 0.000000 0.000000 0.000000 0.000000
256 0.500000 3.500000 0.050000 0.000000 0.000000 0.000000 0.000000
256 0.500000 3.500000 0.050000 0.000000 0.000000 0.000000 0.000000
256 0.500000 3.500000 0.050000 0.000000 0.000000 0.000000 0.000000
256 0.500000 3.500000 0.050000 0.000000 0.000000 0.000000 0.000000
256 0.500000 3.500000 0.050000 0.000000 0.000000 0.000000 0.000000
256 0.500000 3.500000 0.050000 0.000000 0.000000 0.000000 0.000000
256 0.500000 3.500000 0.050000 0.000000 0.000000 0.000000 0.000000
256 0.500000 3.500000 0.050000 0.000000 0.000000 0.000000 0.000000
256 0.500000 3.500000 0.050000 0.000000 0.000000 0.000000 0.000000
256 0.500000 3.500000 0.050000 0.000000 0.000000 0.000000 0.000000
256 0.500000 3.500000 0.050000 0.000000 0.000000 0.000000 0.000000
256 0.500000 3.500000 0.050000 0.000000 0.000000 0.000000 0.000000
256 0.500000 3.500000 0.050000 0.000000 0.000000 0.000000 0.000000
256 0.500000 3.500000 0.050000 0.000000 0.000000 0.000000 0.000000
256 0.500000 3.500000 0.050000 0.000000 0.000000 0.000000 0.000000
256 0.500000 3.500000 0.050000 0.000000 0.000000 0.000000 0.000000
256 0.500000 3.500000 0.050000 0.000000 0.000000 0.000000 0.000000
256 0.500000 3.500000 0.050000 0.000000 0.000000 0.000000 0.000000
256 0.500000 3.500000 0.050000 0.000000 0.000000 0.000000 0.000000
256 0.500000 3.500000 0.050000 0.000000 0.000000 0.000000 0.000000
256 0.500000 3.500000 0.050000 0.000000 0.000000 0.000000 0.000000
256 0.500000 3.500000 0.050000 0.000000 0.000000 0.000000 0.000000
256 0.500000 3.500000 0.050000 0.000000 0.000000 0.000000 0.000000
256 0.500000 3.500000 0.050000 0.000000 0.000000 0.000000 0.000000
256 0.500000 3.500000 0.050000 0.000000 0.000000 0.000000 0.000000
256 0.500000 3.500000 0.050000 0.000000 0.000000 0.000000 0.000000
256 0.500000 3.500000 0.050000 0.000000 0.000000 0.000000 0.000000
256 0.500000 3.500000 0.050000 0.000000 0.000000 0.000000 0.000000
256 0.500000 3.500000 0.050000 0.000000 0.000000 0.000000 0.000000
256 0.500000 3.500000 0.050000 0.000000 0.000000 0.000000 0.000000
256 0.500000 3.500000 0.050000 0.000000 0.000000 0.000000 0.000000
256 0.500000 3.500000 0.050000 0.000000 0.000000 0.000000 0.000000
256 0.500000 3.500000 0.050000 0.000000 0.000000 0.000000 0.000000
256 0.500000 3.500000 0.050000 0.000000 0.000000 0.000000 0.000000
256 0.500000 3.500000 0.050000 0.000000 0.000000 0.000000 0.000000
256 0.500000 3.500000 0.050000 0.000000 0.000000 0.000000 0.000000
256 0.500000 3.500000 0.050000 0.000000 0.000000 0.000000 0.000000
256 0.500000 3.500000 0.050000 0.000000 0.000000 0.000000 0.000000
256 0.500000 3.500000 0.050000 0.000000 0.000000 0.000000 0.000000
256 0.500000 3.500000 0.050000 0.000000 0.000000 0.000000 0.000000
256 0.500000 3.500000 0.050000 0.000000 0.000000 0.000000 0.000000
256 0.500000 3.500000 0.050000 0.000000 0.000000 0.000000 0.000000
256 0.500000 3.500000 0.050000 0.000000 0.000000 0.000000 0.000000
256 0.500000 3.500000 0.050000 0.000000 0.000000 0.000000 0.000000
256 0.500000 3.500000 0.050000 0.000000 0.000000 0.000000 0.000000
256 0.500000 3.500000 0.050000 0.000000 0.000000 0.000000 0.000000
256 0.500000 3.500000 0.050000 0.000000 0.000000 0.000000 0.000000
256 0.500000 3.500000 0.050000 0.000000 0.263823 0.500000 3.166330
256 0.500000 3.500000 0.050000 0.000000 0.000000 0.000000 0.000000
256 0.500000 3.500000 0.050000 0.000000 0.000000 0.000000 0.000000
256 0.500000 3.500000 0.050000 0.000000 0.000000 0.000000 0.000000
256 0.500000 3.500000 0.050000 0.000000 0.000000 0.000000 0.000000
256 0.500000 3.500000 0.050000 0.000000 0.000000 0.000000 0.000000
256 0.500000 3.500000 0.050000 0.000000 0.000000 0.000000 0.000000
256 0.500000 3.500000 0.050000 0.000000 0.000000 0.000000 0.000000
256 0.500000 3.500000 0.050000 0.000000 0.000000 0.000000 0.000000
256 0.500000 3.500000 0.050000 0.000000 0.000000 0.000000 0.000000
256 0.500000 3.500000 0.050000 0.000000 0.000000 0.000000 0.000000
256 0.500000 3.500000 0.050000 0.000000 0.250311 -0.500000 3.166330
