256 0.500000 3.500000 0.050000 0.000000 0.000000 0.000000 0.000000
256 0.500000 3.500000 0.050000 0.000000 0.284580 -0.500000 3.166330
256 0.500000 3.500000 0.050000 0.000000 0.000000 0.000000 0.000000
256 0.500000 3.500000 0.050000 0.000000 0.265778 0.500000 3.166330
256 0.500000 3.500000 0.050000 0.000000 0.000000 0.000000 0.000000
256 0.500000 3.500000 0.050000 0.000000 0.000000 0.000000 0.000000
256 0.500000 3.500000 0.050000 0.000000 0.000000 0.000000 0.000000
256 0.500000 3.500000 0.050000 0.000000 0.275348 0.500000 3.166330
256 0.500000 3.500000 0.050000 0.000000 0.000000 0.000000 0.000000
256 0.500000 3.500000 0.050000 0.000000 0.000000 0.000000 0.000000
256 0.500000 3.500000 0.050000 0.000000 0.271946 0.500000 3.166330
256 0.500000 3.500000 0.050000 0.000000 0.000000 0.000000 0.000000
256 0.500000 3.500000 0.050000 0.000000 0.295278 0.500000 3.166330
256 0.500000 3.500000 0.050000 0.000000 0.296815 0.500000 3.166330
256 0.500000 3.500000 0.050000 0.000000 0.282691 0.500000 3.166330
256 0.500000 3.500000 0.050000 0.000000 0.270525 -0.500000 3.166330
256 0.500000 3.500000 0.050000 0.000000 0.000000 0.000000 0.000000
256 0.500000 3.500000 0.050000 0.000000 0.279605 -0.500000 3.166330
256 0.500000 3.500000 0.050000 0.000000 0.283801 0.500000 3.166330
256 0.500000 3.500000 0.050000 0.000000 0.000000 0.000000 0.000000
256 0.500000 3.500000 0.050000 0.000000 0.000000 0.000000 0.000000
256 0.500000 3.500000 0.050000 0.000000 0.000000 0.000000 0.000000
256 0.500000 3.500000 0.050000 0.000000 0.000000 0.000000 0.000000
256 0.500000 3.500000 0.050000 0.000000 0.283251 0.500000 3.166330
256 0.500000 3.500000 0.050000 0.000000 0.239022 0.500000 3.166330
256 0.500000 3.500000 0.050000 0.000000 0.000000 0.000000 0.000000
256 0.500000 3.500000 0.050000 0.000000 0.000000 0.000000 0.000000
256 0.500000 3.500000 0.050000 0.000000 0.271074 0.500000 3.166330
256 0.500000 3.500000 0.050000 0.000000 0.263911 0.500000 3.166330
256 0.500000 3.500000 0.050000 0.000000 0.000000 0.000000 0.000000
256 0.500000 3.500000 0.050000 0.000000 0.000000 0.000000 0.000000
256 0.500000 3.500000 0.050000 0.000000 0.000000 0.000000 0.000000
256 0.500000 3.500000 0.050000 0.000000 0.000000 0.000000 0.000000
256 0.500000 3.500000 0.050000 0.000000 0.265098 0.500000 3.166330
256 0.500000 3.500000 0.050000 0.000000 0.228143 0.500000 3.116856
256 0.500000 3.500000 0.050000 0.000000 0.000000 0.000000 0.000000
256 0.500000 3.500000 0.050000 0.000000 0.270710 0.500000 3.166330
256 0.500000 3.500000 0.050000 0.000000 0.000000 0.000000 0.000000
256 0.500000 3.500000 0.050000 0.000000 0.000000 0.000000 0.000000
256 0.500000 3.500000 0.050000 0.000000 0.000000 0.000000 0.000000
256 0.500000 3.500000 0.050000 0.000000 0.000000 0.000000 0.000000
256 0.500000 3.500000 0.050000 0.000000 0.263854 0.500000 3.166330
256 0.500000 3.500000 0.050000 0.000000 0.252146 0.500000 3.166330
256 0.500000 3.500000 0.050000 0.000000 0.000000 0.000000 0.000000
256 0.500000 3.500000 0.050000 0.000000 0.278126 0.500000 3.166330
256 0.500000 3.500000 0.050000 0.000000 0.285373 0.500000 3.166330
256 0.500000 3.500000 0.050000 0.000000 0.000000 0.000000 0.000000
256 0.500000 3.500000 0.050000 0.000000 0.000000 0.000000 0.000000
256 0.500000 3.500000 0.050000 0.000000 0.000000 0.000000 0.000000
256 0.500000 3.500000 0.050000 0.000000 0.000000 0.000000 0.000000
256 0.500000 3.500000 0.050000 0.000000 0.258517 0.500000 3.166330
256 0.500000 3.500000 0.050000 0.000000 0.283117 0.500000 3.166330
256 0.500000 3.500000 0.050000 0.000000 0.000000 0.000000 0.000000
256 0.500000 3.500000 0.050000 0.000000 0.279055 0.500000 3.166330
256 0.500000 3.500000 0.050000 0.000000 0.000000 0.000000 0.000000
256 0.500000 3.500000 0.050000 0.000000 0.000000 0.000000 0.000000
256 0.500000 3.500000 0.050000 0.000000 0.000000 0.000000 0.000000
256 0.500000 3.500000 0.050000 0.000000 0.000000 0.000000 0.000000
256 0.500000 3.500000 0.050000 0.000000 0.264033 0.500000 3.166330
256 0.500000 3.500000 0.050000 0.000000 0.000000 0.000000 0.000000
256 0.500000 3.500000 0.050000 0.000000 0.000000 0.000000 0.000000
256 0.500000 3.500000 0.050000 0.000000 0.269976 0.500000 3.166330
256 0.500000 3.500000 0.050000 0.000000 0.284263 0.500000 3.166330
256 0.500000 3.500000 0.050000 0.000000 0.276522 0.500000 3.166330
256 0.500000 3.500000 0.050000 0.000000 0.000000 0.000000 0.000000
256 0.500000 3.500000 0.050000 0.000000 0.000000 0.000000 0.000000
256 0.500000 3.500000 0.050000 0.000000 0.257221 0.500000 3.166330
256 0.500000 3.500000 0.050000 0.000000 0.265264 -0.500000 3.166330
256 0.500000 3.500000 0.050000 0.000000 0.282336 0.500000 3.166330
256 0.500000 3.500000 0.050000 0.000000 0.000000 0.000000 0.000000
256 0.500000 3.500000 0.050000 0.000000 0.000000 0.000000 0.000000
256 0.500000 3.500000 0.050000 0.000000 0.000000 0.000000 0.000000
256 0.500000 3.500000 0.050000 0.000000 0.000000 0.000000 0.000000
256 0.500000 3.500000 0.050000 0.000000 0.257778 0.500000 3.166330
256 0.500000 3.500000 0.050000 0.000000 0.000000 0.000000 0.000000
256 0.500000 3.500000 0.050000 0.000000 0.000000 0.000000 0.000000
256 0.500000 3.500000 0.050000 0.000000 0.276263 -0.500000 3.166330
256 0.500000 3.500000 0.050000 0.000000 0.000000 0.000000 0.000000
256 0.500000 3.500000 0.050000 0.000000 0.277679 0.500000 3.166330
256 0.500000 3.500000 0.050000 0.000000 0.000000 0.000000 0.000000
256 0.500000 3.500000 0.050000 0.000000 0.000000 0.000000 0.000000
256 0.500000 3.500000 0.050000 0.000000 0.244958 0.500000 3.166330
256 0.500000 3.500000 0.050000 0.000000 0.000000 0.000000 0.000000
256 0.500000 3.500000 0.050000 0.000000 0.000000 0.000000 0.000000
256 0.500000 3.500000 0.050000 0.000000 0.000000 0.000000 0.000000
256 0.500000 3.500000 0.050000 0.000000 0.000000 0.000000 0.000000
256 0.500000 3.500000 0.050000 0.000000 0.000000 0.000000 0.000000
256 0.500000 3.500000 0.050000 0.000000 0.000000 0.000000 0.000000
256 0.500000 3.500000 0.050000 0.000000 0.000000 0.000000 0.000000
256 0.500000 3.500000 0.050000 0.000000 0.000000 0.000000 0.000000
256 0.500000 3.500000 0.050000 0.000000 0.000000 0.000000 0.000000
256 0.500000 3.500000 0.050000 0.000000 0.264603 0.500000 3.166330
256 0.500000 3.500000 0.050000 0.000000 0.243253 0.500000 3.166330
256 0.500000 3.500000 0.050000 0.000000 0.000000 0.000000 0.000000
256 0.500000 3.500000 0.050000 0.000000 0.290492 -0.500000 3.166330
256 0.500000 3.500000 0.050000 0.000000 0.000000 0.000000 0.000000
256 0.500000 3.500000 0.050000 0.000000 0.000000 0.000000 0.000000
256 0.500000 3.500000 0.050000 0.000000 0.000000 0.000000 0.000000
256 0.500000 3.500000 0.050000 0.000000 0.290985 0.500000 3.166330
256 0.500000 3.500000 0.050000 0.000000 0.264907 0.500000 3.166330
256 0.500000 3.500000 0.050000 0.000000 0.000000 0.000000 0.000000
256 0.500000 3.500000 0.050000 0.000000 0.000000 0.000000 0.000000
256 0.500000 3.500000 0.050000 0.000000 0.000000 0.000000 0.000000
256 0.500000 3.500000 0.050000 0.000000 0.277345 0.500000 3.166330
256 0.500000 3.500000 0.050000 0.000000 0.202511 0.500000 3.215804
256 0.500000 3.500000 0.050000 0.000000 0.000000 0.000000 0.000000
256 0.500000 3.500000 0.050000 0.000000 0.000000 0.000000 0.000000
256 0.500000 3.500000 0.050000 0.000000 0.000000 0.000000 0.000000
256 0.500000 3.500000 0.050000 0.000000 0.000000 0.000000 0.000000
256 0.500000 3.500000 0.050000 0.000000 0.275152 0.500000 3.166330
256 0.500000 3.500000 0.050000 0.000000 0.000000 0.000000 0.000000
256 0.500000 3.500000 0.050000 0.000000 0.000000 0.000000 0.000000
256 0.500000 3.500000 0.050000 0.000000 0.269971 0.500000 3.166330
256 0.500000 3.500000 0.050000 0.000000 0.265110 0.500000 3.166330
256 0.500000 3.500000 0.050000 0.000000 0.000000 0.000000 0.000000
256 0.500000 3.500000 0.050000 0.000000 0.000000 0.000000 0.000000
256 0.500000 3.500000 0.050000 0.000000 0.271395 -0.500000 3.166330
256 0.500000 3.500000 0.050000 0.000000 0.000000 0.000000 0.000000
256 0.500000 3.500000 0.050000 0.000000 0.256571 0.500000 3.166330
256 0.500000 3.500000 0.050000 0.000000 0.000000 0.000000 0.000000
256 0.500000 3.500000 0.050000 0.000000 0.270186 0.500000 3.166330
256 0.500000 3.500000 0.050000 0.000000 0.000000 0.000000 0.000000
256 0.500000 3.500000 0.050000 0.000000 0.000000 0.000000 0.000000
256 0.500000 3.500000 0.050000 0.000000 0.000000 0.000000 0.000000
256 0.500000 3.500000 0.050000 0.000000 0.277166 0.500000 3.166330
256 0.500000 3.500000 0.050000 0.000000 0.263975 0.500000 3.166330
256 0.500000 3.500000 0.050000 0.000000 0.000000 0.000000 0.000000
256 0.500000 3.500000 0.050000 0.000000 0.289160 0.500000 3.166330
256 0.500000 3.500000 0.050000 0.000000 0.265663 0.500000 3.166330
256 0.500000 3.500000 0.050000 0.000000 0.000000 0.000000 0.000000
256 0.500000 3.500000 0.050000 0.000000 0.271616 -0.500000 3.166330
256 0.500000 3.500000 0.050000 0.000000 0.000000 0.000000 0.000000
256 0.500000 3.500000 0.050000 0.000000 0.271272 0.500000 3.166330
256 0.500000 3.500000 0.050000 0.000000 0.277921 0.500000 3.166330
256 0.500000 3.500000 0.050000 0.000000 0.000000 0.000000 0.000000
256 0.500000 3.500000 0.050000 0.000000 0.277886 0.500000 3.166330
256 0.500000 3.500000 0.050000 0.000000 0.000000 0.000000 0.000000
256 0.500000 3.500000 0.050000 0.000000 0.000000 0.000000 0.000000
256 0.500000 3.500000 0.050000 0.000000 0.000000 0.000000 0.000000
256 0.500000 3.500000 0.050000 0.000000 0.287877 0.500000 3.166330
256 0.500000 3.500000 0.050000 0.000000 0.000000 0.000000 0.000000
256 0.500000 3.500000 0.050000 0.000000 0.000000 0.000000 0.000000
256 0.500000 3.500000 0.050000 0.000000 0.258637 0.500000 3.166330
256 0.500000 3.500000 0.050000 0.000000 0.000000 0.000000 0.000000
256 0.500000 3.500000 0.050000 0.000000 0.000000 0.000000 0.000000
256 0.500000 3.500000 0.050000 0.000000 0.000000 0.000000 0.000000
256 0.500000 3.500000 0.050000 0.000000 0.270521 -0.500000 3.166330
256 0.500000 3.500000 0.050000 0.000000 0.000000 0.000000 0.000000
256 0.500000 3.500000 0.050000 0.000000 0.264574 0.500000 3.166330
256 0.500000 3.500000 0.050000 0.000000 0.000000 0.000000 0.000000
256 0.500000 3.500000 0.050000 0.000000 0.218266 0.500000 3.116856
256 0.500000 3.500000 0.050000 0.000000 0.301048 0.500000 3.166330
256 0.500000 3.500000 0.050000 0.000000 0.000000 0.000000 0.000000
256 0.500000 3.500000 0.050000 0.000000 0.000000 0.000000 0.000000
256 0.500000 3.500000 0.050000 0.000000 0.000000 0.000000 0.000000
256 0.500000 3.500000 0.050000 0.000000 0.000000 0.000000 0.000000
256 0.500000 3.500000 0.050000 0.000000 0.000000 0.000000 0.000000
256 0.500000 3.500000 0.050000 0.000000 0.000000 0.000000 0.000000
256 0.500000 3.500000 0.050000 0.000000 0.000000 0.000000 0.000000
256 0.500000 3.500000 0.050000 0.000000 0.000000 0.000000 0.000000
256 0.500000 3.500000 0.050000 0.000000 0.000000 0.000000 0.000000
256 0.500000 3.500000 0.050000 0.000000 0.000000 0.000000 0.000000
256 0.500000 3.500000 0.050000 0.000000 0.270273 0.500000 3.166330
256 0.500000 3.500000 0.050000 0.000000 0.268690 0.500000 3.166330
256 0.500000 3.500000 0.050000 0.000000 0.000000 0.000000 0.000000
256 0.500000 3.500000 0.050000 0.000000 0.000000 0.000000 0.000000
256 0.500000 3.500000 0.050000 0.000000 0.000000 0.000000 0.000000
256 0.500000 3.500000 0.050000 0.000000 0.278102 -0.500000 3.166330
256 0.500000 3.500000 0.050000 0.000000 0.282861 -0.500000 3.166330
256 0.500000 3.500000 0.050000 0.000000 0.000000 0.000000 0.000000
256 0.500000 3.500000 0.050000 0.000000 0.000000 0.000000 0.000000
256 0.500000 3.500000 0.050000 0.000000 0.216232 0.500000 3.116856
256 0.500000 3.500000 0.050000 0.000000 0.000000 0.000000 0.000000
256 0.500000 3.500000 0.050000 0.000000 0.000000 0.000000 0.000000
256 0.500000 3.500000 0.050000 0.000000 0.277504 0.500000 3.166330
256 0.500000 3.500000 0.050000 0.000000 0.000000 0.000000 0.000000
256 0.500000 3.500000 0.050000 0.000000 0.284942 0.500000 3.166330
256 0.500000 3.500000 0.050000 0.000000 0.291483 0.500000 3.166330
256 0.500000 3.500000 0.050000 0.000000 0.269941 0.500000 3.166330
256 0.500000 3.500000 0.050000 0.000000 0.000000 0.000000 0.000000
256 0.500000 3.500000 0.050000 0.000000 0.000000 0.000000 0.000000
256 0.500000 3.500000 0.050000 0.000000 0.000000 0.000000 0.000000
256 0.500000 3.500000 0.050000 0.000000 0.000000 0.000000 0.000000
256 0.500000 3.500000 0.050000 0.000000 0.000000 0.000000 0.000000
256 0.500000 3.500000 0.050000 0.000000 0.277468 0.500000 3.166330
256 0.500000 3.500000 0.050000 0.000000 0.000000 0.000000 0.000000
256 0.500000 3.500000 0.050000 0.000000 0.000000 0.000000 0.000000
256 0.500000 3.500000 0.050000 0.000000 0.000000 0.000000 0.000000
256 0.500000 3.500000 0.050000 0.000000 0.250088 0.500000 3.166330
256 0.500000 3.500000 0.050000 0.000000 0.000000 0.000000 0.000000
256 0.500000 3.500000 0.050000 0.000000 0.000000 0.000000 0.000000
256 0.500000 3.500000 0.050000 0.000000 0.000000 0.000000 0.000000
256 0.500000 3.500000 0.050000 0.000000 0.269223 0.500000 3.166330
256 0.500000 3.500000 0.050000 0.000000 0.283840 0.500000 3.166330
256 0.500000 3.500000 0.050000 0.000000 0.271967 0.500000 3.166330
256 0.500000 3.500000 0.050000 0.000000 0.283095 0.500000 3.166330
256 0.500000 3.500000 0.050000 0.000000 0.000000 0.000000 0.000000
256 0.500000 3.500000 0.050000 0.000000 0.000000 0.000000 0.000000
256 0.500000 3.500000 0.050000 0.000000 0.000000 0.000000 0.000000
256 0.500000 3.500000 0.050000 0.000000 0.000000 0.000000 0.000000
256 0.500000 3.500000 0.050000 0.000000 0.271084 -0.500000 3.166330
256 0.500000 3.500000 0.050000 0.000000 0.000000 0.000000 0.000000
256 0.500000 3.500000 0.050000 0.000000 0.000000 0.000000 0.000000
256 0.500000 3.500000 0.050000 0.000000 0.292408 0.500000 3.166330
256 0.500000 3.500000 0.050000 0.000000 0.276431 -0.500000 3.166330
256 0.500000 3.500000 0.050000 0.000000 0.000000 0.000000 0.000000
256 0.500000 3.500000 0.050000 0.000000 0.000000 0.000000 0.000000
256 0.500000 3.500000 0.050000 0.000000 0.000000 0.000000 0.000000
256 0.500000 3.500000 0.050000 0.000000 0.000000 0.000000 0.000000
256 0.500000 3.500000 0.050000 0.000000 0.000000 0.000000 0.000000
256 0.500000 3.500000 0.050000 0.000000 0.000000 0.000000 0.000000
256 0.500000 3.500000 0.050000 0.000000 0.276766 0.500000 3.166330
256 0.500000 3.500000 0.050000 0.000000 0.000000 0.000000 0.000000
256 0.500000 3.500000 0.050000 0.000000 0.000000 0.000000 0.000000
256 0.500000 3.500000 0.050000 0.000000 0.000000 0.000000 0.000000
256 0.500000 3.500000 0.050000 0.000000 0.277115 -0.500000 3.166330
256 0.500000 3.500000 0.050000 0.000000 0.277370 0.500000 3.166330
256 0.500000 3.500000 0.050000 0.000000 0.000000 0.000000 0.000000
256 0.500000 3.500000 0.050000 0.000000 0.264570 0.500000 3.166330
256 0.500000 3.500000 0.050000 0.000000 0.000000 0.000000 0.000000
256 0.500000 3.500000 0.050000 0.000000 0.000000 0.000000 0.000000
256 0.500000 3.500000 0.050000 0.000000 0.000000 0.000000 0.000000
256 0.500000 3.500000 0.050000 0.000000 0.270725 0.500000 3.166330
256 0.500000 3.500000 0.050000 0.000000 0.262265 0.500000 3.166330
256 0.500000 3.500000 0.050000 0.000000 0.000000 0.000000 0.000000
256 0.500000 3.500000 0.050000 0.000000 0.000000 0.000000 0.000000
256 0.500000 3.500000 0.050000 0.000000 0.000000 0.000000 0.000000
256 0.500000 3.500000 0.050000 0.000000 0.000000 0.000000 0.000000
256 0.500000 3.500000 0.050000 0.000000 0.263667 0.500000 3.166330
256 0.500000 3.500000 0.050000 0.000000 0.000000 0.000000 0.000000
256 0.500000 3.500000 0.050000 0.000000 0.000000 0.000000 0.000000
256 0.500000 3.500000 0.050000 0.000000 0.000000 0.000000 0.000000
256 0.500000 3.500000 0.050000 0.000000 0.291350 0.500000 3.166330
256 0.500000 3.500000 0.050000 0.000000 0.000000 0.000000 0.000000
256 0.500000 3.500000 0.050000 0.000000 0.264572 0.500000 3.166330
256 0.500000 3.500000 0.050000 0.000000 0.271033 0.500000 3.166330
256 0.500000 3.500000 0.050000 0.000000 0.000000 0.000000 0.000000
256 0.500000 3.500000 0.050000 0.000000 0.277739 0.500000 3.166330
256 0.500000 3.500000 0.050000 0.000000 0.000000 0.000000 0.000000
256 0.500000 3.500000 0.050000 0.000000 0.276769 0.500000 3.166330
256 0.500000 3.500000 0.050000 0.000000 0.000000 0.000000 0.000000
256 0.500000 3.500000 0.050000 0.000000 0.000000 0.000000 0.000000
256 0.500000 3.500000 0.050000 0.000000 0.270894 0.500000 3.166330
256 0.500000 3.500000 0.050000 0.000000 0.000000 0.000000 0.000000
256 0.500000 3.500000 0.050000 0.000000 0.000000 0.000000 0.000000
256 0.500000 3.500000 0.050000 0.000000 0.000000 0.000000 0.000000
256 0.500000 3.500000 0.050000 0.000000 0.000000 0.000000 0.000000
256 0.500000 3.500000 0.050000 0.000000 0.271132 -0.500000 3.166330
256 0.500000 3.500000 0.050000 0.000000 0.000000 0.000000 0.000000
256 0.500000 3.500000 0.050000 0.000000 0.272523 0.500000 3.166330
256 0.500000 3.500000 0.050000 0.000000 0.276971 -0.500000 3.166330
256 0.500000 3.500000 0.050000 0.000000 0.240716 0.500000 3.166330
256 0.500000 3.500000 0.050000 0.000000 0.268494 0.500000 3.166330
256 0.500000 3.500000 0.050000 0.000000 0.000000 0.000000 0.000000
256 0.500000 3.500000 0.050000 0.000000 0.261861 0.500000 3.166330
256 0.500000 3.500000 0.050000 0.000000 0.000000 0.000000 0.000000
256 0.500000 3.500000 0.050000 0.000000 0.277585 0.500000 3.166330
256 0.500000 3.500000 0.050000 0.000000 0.000000 0.000000 0.000000
256 0.500000 3.500000 0.050000 0.000000 0.000000 0.000000 0.000000
256 0.500000 3.500000 0.050000 0.000000 0.293445 -0.500000 3.166330
256 0.500000 3.500000 0.050000 0.000000 0.000000 0.000000 0.000000
256 0.500000 3.500000 0.050000 0.000000 0.000000 0.000000 0.000000
256 0.500000 3.500000 0.050000 0.000000 0.000000 0.000000 0.000000
256 0.500000 3.500000 0.050000 0.000000 0.283277 0.500000 3.166330
256 0.500000 3.500000 0.050000 0.000000 0.211119 0.500000 3.116856
256 0.500000 3.500000 0.050000 0.000000 0.000000 0.000000 0.000000
256 0.500000 3.500000 0.050000 0.000000 0.258810 0.500000 3.166330
256 0.500000 3.500000 0.050000 0.000000 0.000000 0.000000 0.000000
256 0.500000 3.500000 0.050000 0.000000 0.291963 0.500000 3.166330
256 0.500000 3.500000 0.050000 0.000000 0.000000 0.000000 0.000000
256 0.500000 3.500000 0.050000 0.000000 0.000000 0.000000 0.000000
256 0.500000 3.500000 0.050000 0.000000 0.263888 0.500000 3.166330
256 0.500000 3.500000 0.050000 0.000000 0.258822 0.500000 3.166330
256 0.500000 3.500000 0.050000 0.000000 0.270118 -0.500000 3.166330
256 0.500000 3.500000 0.050000 0.000000 0.189922 0.500000 3.116856
256 0.500000 3.500000 0.050000 0.000000 0.000000 0.000000 0.000000
256 0.500000 3.500000 0.050000 0.000000 0.284129 0.500000 3.166330
256 0.500000 3.500000 0.050000 0.000000 0.284032 -0.500000 3.166330
256 0.500000 3.500000 0.050000 0.000000 0.270668 0.500000 3.166330
256 0.500000 3.500000 0.050000 0.000000 0.000000 0.000000 0.000000
256 0.500000 3.500000 0.050000 0.000000 0.000000 0.000000 0.000000
256 0.500000 3.500000 0.050000 0.000000 0.000000 0.000000 0.000000
256 0.500000 3.500000 0.050000 0.000000 0.000000 0.000000 0.000000
256 0.500000 3.500000 0.050000 0.000000 0.000000 0.000000 0.000000
256 0.500000 3.500000 0.050000 0.000000 0.264197 0.500000 3.166330
256 0.500000 3.500000 0.050000 0.000000 0.238503 0.500000 3.166330
256 0.500000 3.500000 0.050000 0.000000 0.000000 0.000000 0.000000
256 0.500000 3.500000 0.050000 0.000000 0.000000 0.000000 0.000000
256 0.500000 3.500000 0.050000 0.000000 0.000000 0.000000 0.000000
256 0.500000 3.500000 0.050000 0.000000 0.000000 0.000000 0.000000
256 0.500000 3.500000 0.050000 0.000000 0.000000 0.000000 0.000000
256 0.500000 3.500000 0.050000 0.000000 0.000000 0.000000 0.000000
256 0.500000 3.500000 0.050000 0.000000 0.270089 0.500000 3.166330
256 0.500000 3.500000 0.050000 0.000000 0.000000 0.000000 0.000000
256 0.500000 3.500000 0.050000 0.000000 0.280428 0.500000 3.166330
256 0.500000 3.500000 0.050000 0.000000 0.264913 0.500000 3.166330
256 0.500000 3.500000 0.050000 0.000000 0.256436 0.500000 3.166330
256 0.500000 3.500000 0.050000 0.000000 0.269843 0.500000 3.166330
256 0.500000 3.500000 0.050000 0.000000 0.000000 0.000000 0.000000
256 0.500000 3.500000 0.050000 0.000000 0.000000 0.000000 0.000000
256 0.500000 3.500000 0.050000 0.000000 0.000000 0.000000 0.000000
256 0.500000 3.500000 0.050000 0.000000 0.000000 0.000000 0.000000
256 0.500000 3.500000 0.050000 0.000000 0.281210 0.500000 3.166330
256 0.500000 3.500000 0.050000 0.000000 0.270665 0.500000 3.166330
256 0.500000 3.500000 0.050000 0.000000 0.282887 0.500000 3.166330
256 0.500000 3.500000 0.050000 0.000000 0.000000 0.000000 0.000000
256 0.500000 3.500000 0.050000 0.000000 0.000000 0.000000 0.000000
256 0.500000 3.500000 0.050000 0.000000 0.000000 0.000000 0.000000
256 0.500000 3.500000 0.050000 0.000000 0.261561 -0.500000 3.166330
256 0.500000 3.500000 0.050000 0.000000 0.000000 0.000000 0.000000
256 0.500000 3.500000 0.050000 0.000000 0.252031 0.500000 3.166330
256 0.500000 3.500000 0.050000 0.000000 0.196127 0.500000 3.116856
256 0.500000 3.500000 0.050000 0.000000 0.272194 -0.500000 3.166330
256 0.500000 3.500000 0.050000 0.000000 0.000000 0.000000 0.000000
256 0.500000 3.500000 0.050000 0.000000 0.000000 0.000000 0.000000
256 0.500000 3.500000 0.050000 0.000000 0.237202 0.500000 3.166330
256 0.500000 3.500000 0.050000 0.000000 0.270582 0.500000 3.166330
256 0.500000 3.500000 0.050000 0.000000 0.000000 0.000000 0.000000
256 0.500000 3.500000 0.050000 0.000000 0.000000 0.000000 0.000000
256 0.500000 3.500000 0.050000 0.000000 0.273058 0.500000 3.166330
256 0.500000 3.500000 0.050000 0.000000 0.283979 -0.500000 3.166330
256 0.500000 3.500000 0.050000 0.000000 0.270821 0.500000 3.166330
256 0.500000 3.500000 0.050000 0.000000 0.258497 0.500000 3.166330
256 0.500000 3.500000 0.050000 0.000000 0.000000 0.000000 0.000000
256 0.500000 3.500000 0.050000 0.000000 0.289022 0.500000 3.166330
256 0.500000 3.500000 0.050000 0.000000 0.000000 0.000000 0.000000
256 0.500000 3.500000 0.050000 0.000000 0.000000 0.000000 0.000000
256 0.500000 3.500000 0.050000 0.000000 0.000000 0.000000 0.000000
256 0.500000 3.500000 0.050000 0.000000 0.000000 0.000000 0.000000
256 0.500000 3.500000 0.050000 0.000000 0.000000 0.000000 0.000000
256 0.500000 3.500000 0.050000 0.000000 0.000000 0.000000 0.000000
256 0.500000 3.500000 0.050000 0.000000 0.282036 0.500000 3.166330
256 0.500000 3.500000 0.050000 0.000000 0.000000 0.000000 0.000000
256 0.500000 3.500000 0.050000 0.000000 0.000000 0.000000 0.000000
256 0.500000 3.500000 0.050000 0.000000 0.000000 0.000000 0.000000
256 0.500000 3.500000 0.050000 0.000000 0.000000 0.000000 0.000000
256 0.500000 3.500000 0.050000 0.000000 0.243039 0.500000 3.116856
256 0.500000 3.500000 0.050000 0.000000 0.000000 0.000000 0.000000
256 0.500000 3.500000 0.050000 0.000000 0.258265 -0.500000 3.166330
256 0.500000 3.500000 0.050000 0.000000 0.000000 0.000000 0.000000
256 0.500000 3.500000 0.050000 0.000000 0.000000 0.000000 0.000000
256 0.500000 3.500000 0.050000 0.000000 0.285177 0.500000 3.166330
256 0.500000 3.500000 0.050000 0.000000 0.000000 0.000000 0.000000
256 0.500000 3.500000 0.050000 0.000000 0.000000 0.000000 0.000000
256 0.500000 3.500000 0.050000 0.000000 0.270891 0.500000 3.166330
256 0.500000 3.500000 0.050000 0.000000 0.000000 0.000000 0.000000
256 0.500000 3.500000 0.050000 0.000000 0.000000 0.000000 0.000000
256 0.500000 3.500000 0.050000 0.000000 0.000000 0.000000 0.000000
256 0.500000 3.500000 0.050000 0.000000 0.000000 0.000000 0.000000
256 0.500000 3.500000 0.050000 0.000000 0.000000 0.000000 0.000000
256 0.500000 3.500000 0.050000 0.000000 0.257594 0.500000 3.166330
256 0.500000 3.500000 0.050000 0.000000 0.000000 0.000000 0.000000
256 0.500000 3.500000 0.050000 0.000000 0.261575 0.500000 3.166330
256 0.500000 3.500000 0.050000 0.000000 0.000000 0.000000 0.000000
256 0.500000 3.500000 0.050000 0.000000 0.000000 0.000000 0.000000
256 0.500000 3.500000 0.050000 0.000000 0.000000 0.000000 0.000000
256 0.500000 3.500000 0.050000 0.000000 0.000000 0.000000 0.000000
256 0.500000 3.500000 0.050000 0.000000 0.000000 0.000000 0.000000
256 0.500000 3.500000 0.050000 0.000000 0.276122 0.500000 3.166330
256 0.500000 3.500000 0.050000 0.000000 0.265645 0.500000 3.166330
256 0.500000 3.500000 0.050000 0.000000 0.000000 0.000000 0.000000
256 0.500000 3.500000 0.050000 0.000000 0.264241 0.500000 3.166330
256 0.500000 3.500000 0.050000 0.000000 0.000000 0.000000 0.000000
256 0.500000 3.500000 0.050000 0.000000 0.000000 0.000000 0.000000
256 0.500000 3.500000 0.050000 0.000000 0.000000 0.000000 0.000000
256 0.500000 3.500000 0.050000 0.000000 0.000000 0.000000 0.000000
256 0.500000 3.500000 0.050000 0.000000 0.000000 0.000000 0.000000
256 0.500000 3.500000 0.050000 0.000000 0.271821 0.500000 3.166330
256 0.500000 3.500000 0.050000 0.000000 0.297067 0.500000 3.166330
256 0.500000 3.500000 0.050000 0.000000 0.000000 0.000000 0.000000
256 0.500000 3.500000 0.050000 0.000000 0.000000 0.000000 0.000000
256 0.500000 3.500000 0.050000 0.000000 0.000000 0.000000 0.000000
256 0.500000 3.500000 0.050000 0.000000 0.000000 0.000000 0.000000
256 0.500000 3.500000 0.050000 0.000000 0.000000 0.000000 0.000000
256 0.500000 3.500000 0.050000 0.000000 0.277000 0.500000 3.166330
256 0.500000 3.500000 0.050000 0.000000 0.000000 0.000000 0.000000
256 0.500000 3.500000 0.050000 0.000000 0.264044 0.500000 3.166330
256 0.500000 3.500000 0.050000 0.000000 0.000000 0.000000 0.000000
256 0.500000 3.500000 0.050000 0.000000 0.271426 0.500000 3.166330
256 0.500000 3.500000 0.050000 0.000000 0.000000 0.000000 0.000000
256 0.500000 3.500000 0.050000 0.000000 0.284378 0.500000 3.166330
256 0.500000 3.500000 0.050000 0.000000 0.000000 0.000000 0.000000
256 0.500000 3.500000 0.050000 0.000000 0.000000 0.000000 0.000000
256 0.500000 3.500000 0.050000 0.000000 0.000000 0.000000 0.000000
256 0.500000 3.500000 0.050000 0.000000 0.277402 0.500000 3.166330
256 0.500000 3.500000 0.050000 0.000000 0.294567 0.500000 3.166330
256 0.500000 3.500000 0.050000 0.000000 0.000000 0.000000 0.000000
256 0.500000 3.500000 0.050000 0.000000 0.276809 0.500000 3.166330
256 0.500000 3.500000 0.050000 0.000000 0.000000 0.000000 0.000000
256 0.500000 3.500000 0.050000 0.000000 0.000000 0.000000 0.000000
256 0.500000 3.500000 0.050000 0.000000 0.000000 0.000000 0.000000
256 0.500000 3.500000 0.050000 0.000000 0.244784 0.500000 3.166330
256 0.500000 3.500000 0.050000 0.000000 0.000000 0.000000 0.000000
256 0.500000 3.500000 0.050000 0.000000 0.000000 0.000000 0.000000
256 0.500000 3.500000 0.050000 0.000000 0.245180 -0.500000 3.166330
256 0.500000 3.500000 0.050000 0.000000 0.251080 0.500000 3.166330
256 0.500000 3.500000 0.050000 0.000000 0.257729 0.500000 3.166330
256 0.500000 3.500000 0.050000 0.000000 0.000000 0.000000 0.000000
256 0.500000 3.500000 0.050000 0.000000 0.258292 0.500000 3.166330
256 0.500000 3.500000 0.050000 0.000000 0.000000 0.000000 0.000000
256 0.500000 3.500000 0.050000 0.000000 0.000000 0.000000 0.000000
256 0.500000 3.500000 0.050000 0.000000 0.305939 0.500000 3.166330
256 0.500000 3.500000 0.050000 0.000000 0.000000 0.000000 0.000000
256 0.500000 3.500000 0.050000 0.000000 0.258282 0.500000 3.166330
256 0.500000 3.500000 0.050000 0.000000 0.289872 0.500000 3.166330
256 0.500000 3.500000 0.050000 0.000000 0.000000 0.000000 0.000000
256 0.500000 3.500000 0.050000 0.000000 0.000000 0.000000 0.000000
256 0.500000 3.500000 0.050000 0.000000 0.277739 0.500000 3.166330
256 0.500000 3.500000 0.050000 0.000000 0.279778 0.500000 3.166330
256 0.500000 3.500000 0.050000 0.000000 0.000000 0.000000 0.000000
256 0.500000 3.500000 0.050000 0.000000 0.000000 0.000000 0.000000
256 0.500000 3.500000 0.050000 0.000000 0.000000 0.000000 0.000000
256 0.500000 3.500000 0.050000 0.000000 0.000000 0.000000 0.000000
256 0.500000 3.500000 0.050000 0.000000 0.000000 0.000000 0.000000
256 0.500000 3.500000 0.050000 0.000000 0.000000 0.000000 0.000000
256 0.500000 3.500000 0.050000 0.000000 0.000000 0.000000 0.000000
256 0.500000 3.500000 0.050000 0.000000 0.000000 0.000000 0.000000
256 0.500000 3.500000 0.050000 0.000000 0.244797 0.500000 3.166330
256 0.500000 3.500000 0.050000 0.000000 0.000000 0.000000 0.000000
256 0.500000 3.500000 0.050000 0.000000 0.000000 0.000000 0.000000
256 0.500000 3.500000 0.050000 0.000000 0.000000 0.000000 0.000000
256 0.500000 3.500000 0.050000 0.000000 0.256826 -0.500000 3.166330
256 0.500000 3.500000 0.050000 0.000000 0.000000 0.000000 0.000000
256 0.500000 3.500000 0.050000 0.000000 0.000000 0.000000 0.000000
256 0.500000 3.500000 0.050000 0.000000 0.264371 0.500000 3.166330
256 0.500000 3.500000 0.050000 0.000000 0.264771 -0.500000 3.166330
256 0.500000 3.500000 0.050000 0.000000 0.000000 0.000000 0.000000
256 0.500000 3.500000 0.050000 0.000000 0.259655 0.500000 3.166330
256 0.500000 3.500000 0.050000 0.000000 0.000000 0.000000 0.000000
256 0.500000 3.500000 0.050000 0.000000 0.277141 0.500000 3.166330
256 0.500000 3.500000 0.050000 0.000000 0.000000 0.000000 0.000000
256 0.500000 3.500000 0.050000 0.000000 0.016300 0.500000 3.166330
256 0.500000 3.500000 0.050000 0.000000 0.000000 0.000000 0.000000
256 0.500000 3.500000 0.050000 0.000000 0.000000 0.000000 0.000000
256 0.500000 3.500000 0.050000 0.000000 0.265657 0.500000 3.166330
256 0.500000 3.500000 0.050000 0.000000 0.000000 0.000000 0.000000
256 0.500000 3.500000 0.050000 0.000000 0.289933 0.500000 3.166330
256 0.500000 3.500000 0.050000 0.000000 0.000000 0.000000 0.000000
256 0.500000 3.500000 0.050000 0.000000 0.000000 0.000000 0.000000
256 0.500000 3.500000 0.050000 0.000000 0.000000 0.000000 0.000000
256 0.500000 3.500000 0.050000 0.000000 0.000000 0.000000 0.000000
256 0.500000 3.500000 0.050000 0.000000 0.000000 0.000000 0.000000
256 0.500000 3.500000 0.050000 0.000000 0.000000 0.000000 0.000000
256 0.500000 3.500000 0.050000 0.000000 0.000000 0.000000 0.000000
256 0.500000 3.500000 0.050000 0.000000 0.268475 -0.500000 3.166330
256 0.500000 3.500000 0.050000 0.000000 0.271010 0.500000 3.166330
256 0.500000 3.500000 0.050000 0.000000 0.000000 0.000000 0.000000
256 0.500000 3.500000 0.050000 0.000000 0.000000 0.000000 0.000000
256 0.500000 3.500000 0.050000 0.000000 0.000000 0.000000 0.000000
256 0.500000 3.500000 0.050000 0.000000 0.284716 -0.500000 3.166330
256 0.500000 3.500000 0.050000 0.000000 0.000000 0.000000 0.000000
256 0.500000 3.500000 0.050000 0.000000 0.218124 0.500000 3.116856
256 0.500000 3.500000 0.050000 0.000000 0.000000 0.000000 0.000000
256 0.500000 3.500000 0.050000 0.000000 0.259731 0.500000 3.166330
256 0.500000 3.500000 0.050000 0.000000 0.000000 0.000000 0.000000
256 0.500000 3.500000 0.050000 0.000000 0.000000 0.000000 0.000000
256 0.500000 3.500000 0.050000 0.000000 0.000000 0.000000 0.000000
256 0.500000 3.500000 0.050000 0.000000 0.270013 0.500000 3.166330
256 0.500000 3.500000 0.050000 0.000000 0.000000 0.000000 0.000000
256 0.500000 3.500000 0.050000 0.000000 0.264759 0.500000 3.166330
256 0.500000 3.500000 0.050000 0.000000 0.000000 0.000000 0.000000
256 0.500000 3.500000 0.050000 0.000000 0.000000 0.000000 0.000000
256 0.500000 3.500000 0.050000 0.000000 0.000000 0.000000 0.000000
256 0.500000 3.500000 0.050000 0.000000 0.000000 0.000000 0.000000
256 0.500000 3.500000 0.050000 0.000000 0.000000 0.000000 0.000000
256 0.500000 3.500000 0.050000 0.000000 0.256721 0.500000 3.166330
256 0.500000 3.500000 0.050000 0.000000 0.271947 0.500000 3.166330
256 0.500000 3.500000 0.050000 0.000000 0.265057 0.500000 3.166330
256 0.500000 3.500000 0.050000 0.000000 0.272304 0.500000 3.166330
256 0.500000 3.500000 0.050000 0.000000 0.249629 0.500000 3.166330
256 0.500000 3.500000 0.050000 0.000000 0.000000 0.000000 0.000000
256 0.500000 3.500000 0.050000 0.000000 0.000000 0.000000 0.000000
256 0.500000 3.500000 0.050000 0.000000 0.000000 0.000000 0.000000
256 0.500000 3.500000 0.050000 0.000000 0.000000 0.000000 0.000000
256 0.500000 3.500000 0.050000 0.000000 0.264957 0.500000 3.166330
256 0.500000 3.500000 0.050000 0.000000 0.270266 0.500000 3.166330
256 0.500000 3.500000 0.050000 0.000000 0.000000 0.000000 0.000000
256 0.500000 3.500000 0.050000 0.000000 0.000000 0.000000 0.000000
256 0.500000 3.500000 0.050000 0.000000 0.000000 0.000000 0.000000
256 0.500000 3.500000 0.050000 0.000000 0.000000 0.000000 0.000000
256 0.500000 3.500000 0.050000 0.000000 0.000000 0.000000 0.000000
256 0.500000 3.500000 0.050000 0.000000 0.000000 0.000000 0.000000
256 0.500000 3.500000 0.050000 0.000000 0.210480 0.500000 3.116856
256 0.500000 3.500000 0.050000 0.000000 0.282875 0.500000 3.166330
256 0.500000 3.500000 0.050000 0.000000 0.000000 0.000000 0.000000
256 0.500000 3.500000 0.050000 0.000000 0.275902 0.500000 3.166330
256 0.500000 3.500000 0.050000 0.000000 0.000000 0.000000 0.000000
256 0.500000 3.500000 0.050000 0.000000 0.000000 0.000000 0.000000
256 0.500000 3.500000 0.050000 0.000000 0.218519 0.500000 3.116856
256 0.500000 3.500000 0.050000 0.000000 0.264530 0.500000 3.166330
256 0.500000 3.500000 0.050000 0.000000 0.000000 0.000000 0.000000
256 0.500000 3.500000 0.050000 0.000000 0.000000 0.000000 0.000000
256 0.500000 3.500000 0.050000 0.000000 0.000000 0.000000 0.000000
256 0.500000 3.500000 0.050000 0.000000 0.258142 -0.500000 3.166330
256 0.500000 3.500000 0.050000 0.000000 0.276021 0.500000 3.166330
256 0.500000 3.500000 0.050000 0.000000 0.000000 0.000000 0.000000
256 0.500000 3.500000 0.050000 0.000000 0.000000 0.000000 0.000000
256 0.500000 3.500000 0.050000 0.000000 0.000000 0.000000 0.000000
256 0.500000 3.500000 0.050000 0.000000 0.283441 0.500000 3.166330
256 0.500000 3.500000 0.050000 0.000000 0.000000 0.000000 0.000000
256 0.500000 3.500000 0.050000 0.000000 0.000000 0.000000 0.000000
256 0.500000 3.500000 0.050000 0.000000 0.276809 0.500000 3.166330
256 0.500000 3.500000 0.050000 0.000000 0.257877 0.500000 3.166330
256 0.500000 3.500000 0.050000 0.000000 0.000000 0.000000 0.000000
256 0.500000 3.500000 0.050000 0.000000 0.000000 0.000000 0.000000
256 0.500000 3.500000 0.050000 0.000000 0.000000 0.000000 0.000000
256 0.500000 3.500000 0.050000 0.000000 0.217049 0.500000 3.116856
256 0.500000 3.500000 0.050000 0.000000 0.257918 0.500000 3.166330
256 0.500000 3.500000 0.050000 0.000000 0.283670 0.500000 3.166330
256 0.500000 3.500000 0.050000 0.000000 0.000000 0.000000 0.000000
256 0.500000 3.500000 0.050000 0.000000 0.263455 0.500000 3.166330
256 0.500000 3.500000 0.050000 0.000000 0.000000 0.000000 0.000000
256 0.500000 3.500000 0.050000 0.000000 0.277379 0.500000 3.166330
256 0.500000 3.500000 0.050000 0.000000 0.284949 0.500000 3.166330
256 0.500000 3.500000 0.050000 0.000000 0.000000 0.000000 0.000000
256 0.500000 3.500000 0.050000 0.000000 0.276611 0.500000 3.166330
256 0.500000 3.500000 0.050000 0.000000 0.283660 0.500000 3.166330
256 0.500000 3.500000 0.050000 0.000000 0.283490 0.500000 3.166330
256 0.500000 3.500000 0.050000 0.000000 0.000000 0.000000 0.000000
256 0.500000 3.500000 0.050000 0.000000 0.000000 0.000000 0.000000
256 0.500000 3.500000 0.050000 0.000000 0.000000 0.000000 0.000000
256 0.500000 3.500000 0.050000 0.000000 0.000000 0.000000 0.000000
256 0.500000 3.500000 0.050000 0.000000 0.271948 0.500000 3.166330
256 0.500000 3.500000 0.050000 0.000000 0.000000 0.000000 0.000000
256 0.500000 3.500000 0.050000 0.000000 0.000000 0.000000 0.000000
256 0.500000 3.500000 0.050000 0.000000 0.000000 0.000000 0.000000
256 0.500000 3.500000 0.050000 0.000000 0.000000 0.000000 0.000000
256 0.500000 3.500000 0.050000 0.000000 0.263661 0.500000 3.166330
256 0.500000 3.500000 0.050000 0.000000 0.266786 0.500000 3.166330
256 0.500000 3.500000 0.050000 0.000000 0.000000 0.000000 0.000000
256 0.500000 3.500000 0.050000 0.000000 0.000000 0.000000 0.000000
256 0.500000 3.500000 0.050000 0.000000 0.000000 0.000000 0.000000
256 0.500000 3.500000 0.050000 0.000000 0.000000 0.000000 0.000000
256 0.500000 3.500000 0.050000 0.000000 0.000000 0.000000 0.000000
256 0.500000 3.500000 0.050000 0.000000 0.269232 -0.500000 3.166330
256 0.500000 3.500000 0.050000 0.000000 0.256995 0.500000 3.166330
256 0.500000 3.500000 0.050000 0.000000 0.000000 0.000000 0.000000
256 0.500000 3.500000 0.050000 0.000000 0.000000 0.000000 0.000000
256 0.500000 3.500000 0.050000 0.000000 0.210609 -0.500000 3.215804
256 0.500000 3.500000 0.050000 0.000000 0.000000 0.000000 0.000000
256 0.500000 3.500000 0.050000 0.000000 0.277203 0.500000 3.166330
256 0.500000 3.500000 0.050000 0.000000 0.000000 0.000000 0.000000
256 0.500000 3.500000 0.050000 0.000000 0.000000 0.000000 0.000000
256 0.500000 3.500000 0.050000 0.000000 0.000000 0.000000 0.000000
256 0.500000 3.500000 0.050000 0.000000 0.000000 0.000000 0.000000
256 0.500000 3.500000 0.050000 0.000000 0.000000 0.000000 0.000000
256 0.500000 3.500000 0.050000 0.000000 0.264840 0.500000 3.166330
256 0.500000 3.500000 0.050000 0.000000 0.000000 0.000000 0.000000
256 0.500000 3.500000 0.050000 0.000000 0.000000 0.000000 0.000000
256 0.500000 3.500000 0.050000 0.000000 0.000000 0.000000 0.000000
256 0.500000 3.500000 0.050000 0.000000 0.000000 0.000000 0.000000
256 0.500000 3.500000 0.050000 0.000000 0.000000 0.000000 0.000000
256 0.500000 3.500000 0.050000 0.000000 0.000000 0.000000 0.000000
256 0.500000 3.500000 0.050000 0.000000 0.000000 0.000000 0.000000
256 0.500000 3.500000 0.050000 0.000000 0.000000 0.000000 0.000000
256 0.500000 3.500000 0.050000 0.000000 0.000000 0.000000 0.000000
256 0.500000 3.500000 0.050000 0.000000 0.197842 0.500000 3.116856
256 0.500000 3.500000 0.050000 0.000000 0.264587 0.500000 3.166330
256 0.500000 3.500000 0.050000 0.000000 0.277405 0.500000 3.166330
256 0.500000 3.500000 0.050000 0.000000 0.000000 0.000000 0.000000
256 0.500000 3.500000 0.050000 0.000000 0.000000 0.000000 0.000000
256 0.500000 3.500000 0.050000 0.000000 0.275467 0.500000 3.166330
256 0.500000 3.500000 0.050000 0.000000 0.264318 -0.500000 3.166330
256 0.500000 3.500000 0.050000 0.000000 0.000000 0.000000 0.000000
256 0.500000 3.500000 0.050000 0.000000 0.278482 0.500000 3.166330
256 0.500000 3.500000 0.050000 0.000000 0.000000 0.000000 0.000000
256 0.500000 3.500000 0.050000 0.000000 0.000000 0.000000 0.000000
256 0.500000 3.500000 0.050000 0.000000 0.257537 0.500000 3.166330
256 0.500000 3.500000 0.050000 0.000000 0.000000 0.000000 0.000000
256 0.500000 3.500000 0.050000 0.000000 0.292631 0.500000 3.166330
256 0.500000 3.500000 0.050000 0.000000 0.290868 0.500000 3.166330
256 0.500000 3.500000 0.050000 0.000000 0.000000 0.000000 0.000000
256 0.500000 3.500000 0.050000 0.000000 0.000000 0.000000 0.000000
256 0.500000 3.500000 0.050000 0.000000 0.000000 0.000000 0.000000
256 0.500000 3.500000 0.050000 0.000000 0.000000 0.000000 0.000000
256 0.500000 3.500000 0.050000 0.000000 0.000000 0.000000 0.000000
256 0.500000 3.500000 0.050000 0.000000 0.000000 0.000000 0.000000
256 0.500000 3.500000 0.050000 0.000000 0.000000 0.000000 0.000000
256 0.500000 3.500000 0.050000 0.000000 0.000000 0.000000 0.000000
256 0.500000 3.500000 0.050000 0.000000 0.265169 0.500000 3.166330
256 0.500000 3.500000 0.050000 0.000000 0.000000 0.000000 0.000000
256 0.500000 3.500000 0.050000 0.000000 0.000000 0.000000 0.000000
256 0.500000 3.500000 0.050000 0.000000 0.000000 0.000000 0.000000
256 0.500000 3.500000 0.050000 0.000000 0.258384 0.500000 3.166330
256 0.500000 3.500000 0.050000 0.000000 0.283983 0.500000 3.166330
256 0.500000 3.500000 0.050000 0.000000 0.000000 0.000000 0.000000
256 0.500000 3.500000 0.050000 0.000000 0.269189 0.500000 3.166330
256 0.500000 3.500000 0.050000 0.000000 0.212376 0.500000 3.116856
256 0.500000 3.500000 0.050000 0.000000 0.264439 0.500000 3.166330
256 0.500000 3.500000 0.050000 0.000000 0.000000 0.000000 0.000000
256 0.500000 3.500000 0.050000 0.000000 0.000000 0.000000 0.000000
256 0.500000 3.500000 0.050000 0.000000 0.257154 0.500000 3.166330
256 0.500000 3.500000 0.050000 0.000000 0.000000 0.000000 0.000000
256 0.500000 3.500000 0.050000 0.000000 0.263400 0.500000 3.166330
256 0.500000 3.500000 0.050000 0.000000 0.298613 -0.500000 3.166330
256 0.500000 3.500000 0.050000 0.000000 0.271053 0.500000 3.166330
256 0.500000 3.500000 0.050000 0.000000 0.000000 0.000000 0.000000
256 0.500000 3.500000 0.050000 0.000000 0.277699 0.500000 3.166330
256 0.500000 3.500000 0.050000 0.000000 0.000000 0.000000 0.000000
256 0.500000 3.500000 0.050000 0.000000 0.000000 0.000000 0.000000
256 0.500000 3.500000 0.050000 0.000000 0.263910 -0.500000 3.166330
256 0.500000 3.500000 0.050000 0.000000 0.000000 0.000000 0.000000
256 0.500000 3.500000 0.050000 0.000000 0.000000 0.000000 0.000000
256 0.500000 3.500000 0.050000 0.000000 0.000000 0.000000 0.000000
256 0.500000 3.500000 0.050000 0.000000 0.000000 0.000000 0.000000
256 0.500000 3.500000 0.050000 0.000000 0.257724 0.500000 3.166330
256 0.500000 3.500000 0.050000 0.000000 0.277349 0.500000 3.166330
256 0.500000 3.500000 0.050000 0.000000 0.000000 0.000000 0.000000
256 0.500000 3.500000 0.050000 0.000000 0.000000 0.000000 0.000000
256 0.500000 3.500000 0.050000 0.000000 0.000000 0.000000 0.000000
256 0.500000 3.500000 0.050000 0.000000 0.000000 0.000000 0.000000
256 0.500000 3.500000 0.050000 0.000000 0.210956 0.500000 3.116856
256 0.500000 3.500000 0.050000 0.000000 0.000000 0.000000 0.000000
256 0.500000 3.500000 0.050000 0.000000 0.263928 0.500000 3.166330
256 0.500000 3.500000 0.050000 0.000000 0.282557 0.500000 3.166330
256 0.500000 3.500000 0.050000 0.000000 0.000000 0.000000 0.000000
256 0.500000 3.500000 0.050000 0.000000 0.000000 0.000000 0.000000
256 0.500000 3.500000 0.050000 0.000000 0.000000 0.000000 0.000000
256 0.500000 3.500000 0.050000 0.000000 0.271742 0.500000 3.166330
256 0.500000 3.500000 0.050000 0.000000 0.285908 0.500000 3.166330
256 0.500000 3.500000 0.050000 0.000000 0.000000 0.000000 0.000000
256 0.500000 3.500000 0.050000 0.000000 0.000000 0.000000 0.000000
256 0.500000 3.500000 0.050000 0.000000 0.258293 0.500000 3.166330
256 0.500000 3.500000 0.050000 0.000000 0.275508 0.500000 3.166330
256 0.500000 3.500000 0.050000 0.000000 0.275817 0.500000 3.166330
256 0.500000 3.500000 0.050000 0.000000 0.000000 0.000000 0.000000
256 0.500000 3.500000 0.050000 0.000000 0.000000 0.000000 0.000000
256 0.500000 3.500000 0.050000 0.000000 0.000000 0.000000 0.000000
256 0.500000 3.500000 0.050000 0.000000 0.000000 0.000000 0.000000
256 0.500000 3.500000 0.050000 0.000000 0.000000 0.000000 0.000000
256 0.500000 3.500000 0.050000 0.000000 0.227587 0.500000 3.116856
256 0.500000 3.500000 0.050000 0.000000 0.000000 0.000000 0.000000
256 0.500000 3.500000 0.050000 0.000000 0.276653 0.500000 3.166330
256 0.500000 3.500000 0.050000 0.000000 0.288077 0.500000 3.166330
256 0.500000 3.500000 0.050000 0.000000 0.000000 0.000000 0.000000
256 0.500000 3.500000 0.050000 0.000000 0.000000 0.000000 0.000000
256 0.500000 3.500000 0.050000 0.000000 0.000000 0.000000 0.000000
256 0.500000 3.500000 0.050000 0.000000 0.270689 0.500000 3.166330
256 0.500000 3.500000 0.050000 0.000000 0.000000 0.000000 0.000000
256 0.500000 3.500000 0.050000 0.000000 0.000000 0.000000 0.000000
256 0.500000 3.500000 0.050000 0.000000 0.282515 0.500000 3.166330
256 0.500000 3.500000 0.050000 0.000000 0.271242 0.500000 3.166330
256 0.500000 3.500000 0.050000 0.000000 0.272752 0.500000 3.166330
256 0.500000 3.500000 0.050000 0.000000 0.000000 0.000000 0.000000
256 0.500000 3.500000 0.050000 0.000000 0.278228 0.500000 3.166330
256 0.500000 3.500000 0.050000 0.000000 0.278814 -0.500000 3.166330
256 0.500000 3.500000 0.050000 0.000000 0.000000 0.000000 0.000000
256 0.500000 3.500000 0.050000 0.000000 0.000000 0.000000 0.000000
256 0.500000 3.500000 0.050000 0.000000 0.000000 0.000000 0.000000
256 0.500000 3.500000 0.050000 0.000000 0.000000 0.000000 0.000000
256 0.500000 3.500000 0.050000 0.000000 0.000000 0.000000 0.000000
256 0.500000 3.500000 0.050000 0.000000 0.000000 0.000000 0.000000
256 0.500000 3.500000 0.050000 0.000000 0.000000 0.000000 0.000000
256 0.500000 3.500000 0.050000 0.000000 0.000000 0.000000 0.000000
256 0.500000 3.500000 0.050000 0.000000 0.270007 0.500000 3.166330
256 0.500000 3.500000 0.050000 0.000000 0.000000 0.000000 0.000000
256 0.500000 3.500000 0.050000 0.000000 0.000000 0.000000 0.000000
256 0.500000 3.500000 0.050000 0.000000 0.000000 0.000000 0.000000
256 0.500000 3.500000 0.050000 0.000000 0.000000 0.000000 0.000000
256 0.500000 3.500000 0.050000 0.000000 0.000000 0.000000 0.000000
256 0.500000 3.500000 0.050000 0.000000 0.000000 0.000000 0.000000
256 0.500000 3.500000 0.050000 0.000000 0.000000 0.000000 0.000000
256 0.500000 3.500000 0.050000 0.000000 0.000000 0.000000 0.000000
256 0.500000 3.500000 0.050000 0.000000 0.212647 0.500000 3.116856
256 0.500000 3.500000 0.050000 0.000000 0.271810 0.500000 3.166330
256 0.500000 3.500000 0.050000 0.000000 0.000000 0.000000 0.000000
256 0.500000 3.500000 0.050000 0.000000 0.000000 0.000000 0.000000
256 0.500000 3.500000 0.050000 0.000000 0.000000 0.000000 0.000000
256 0.500000 3.500000 0.050000 0.000000 0.265128 0.500000 3.166330
256 0.500000 3.500000 0.050000 0.000000 0.290141 0.500000 3.166330
256 0.500000 3.500000 0.050000 0.000000 0.000000 0.000000 0.000000
256 0.500000 3.500000 0.050000 0.000000 0.262725 0.500000 3.166330
256 0.500000 3.500000 0.050000 0.000000 0.276643 0.500000 3.166330
256 0.500000 3.500000 0.050000 0.000000 0.000000 0.000000 0.000000
256 0.500000 3.500000 0.050000 0.000000 0.000000 0.000000 0.000000
256 0.500000 3.500000 0.050000 0.000000 0.270155 -0.500000 3.166330
256 0.500000 3.500000 0.050000 0.000000 0.209992 0.500000 3.116856
256 0.500000 3.500000 0.050000 0.000000 0.000000 0.000000 0.000000
256 0.500000 3.500000 0.050000 0.000000 0.000000 0.000000 0.000000
256 0.500000 3.500000 0.050000 0.000000 0.264923 0.500000 3.166330
256 0.500000 3.500000 0.050000 0.000000 0.000000 0.000000 0.000000
256 0.500000 3.500000 0.050000 0.000000 0.000000 0.000000 0.000000
256 0.500000 3.500000 0.050000 0.000000 0.264145 -0.500000 3.166330
256 0.500000 3.500000 0.050000 0.000000 0.272359 -0.500000 3.166330
256 0.500000 3.500000 0.050000 0.000000 0.000000 0.000000 0.000000
256 0.500000 3.500000 0.050000 0.000000 0.000000 0.000000 0.000000
256 0.500000 3.500000 0.050000 0.000000 0.000000 0.000000 0.000000
256 0.500000 3.500000 0.050000 0.000000 0.000000 0.000000 0.000000
256 0.500000 3.500000 0.050000 0.000000 0.000000 0.000000 0.000000
256 0.500000 3.500000 0.050000 0.000000 0.000000 0.000000 0.000000
256 0.500000 3.500000 0.050000 0.000000 0.000000 0.000000 0.000000
256 0.500000 3.500000 0.050000 0.000000 0.300023 -0.500000 3.166330
256 0.500000 3.500000 0.050000 0.000000 0.000000 0.000000 0.000000
256 0.500000 3.500000 0.050000 0.000000 0.270891 0.500000 3.166330
256 0.500000 3.500000 0.050000 0.000000 0.000000 0.000000 0.000000
256 0.500000 3.500000 0.050000 0.000000 0.000000 0.000000 0.000000
256 0.500000 3.500000 0.050000 0.000000 0.270891 0.500000 3.166330
256 0.500000 3.500000 0.050000 0.000000 0.275331 0.500000 3.166330
256 0.500000 3.500000 0.050000 0.000000 0.000000 0.000000 0.000000
256 0.500000 3.500000 0.050000 0.000000 0.000000 0.000000 0.000000
256 0.500000 3.500000 0.050000 0.000000 0.000000 0.000000 0.000000
256 0.500000 3.500000 0.050000 0.000000 0.000000 0.000000 0.000000
256 0.500000 3.500000 0.050000 0.000000 0.203444 0.500000 3.116856
256 0.500000 3.500000 0.050000 0.000000 0.257595 0.500000 3.166330
256 0.500000 3.500000 0.050000 0.000000 0.000000 0.000000 0.000000
256 0.500000 3.500000 0.050000 0.000000 0.000000 0.000000 0.000000
256 0.500000 3.500000 0.050000 0.000000 0.000000 0.000000 0.000000
256 0.500000 3.500000 0.050000 0.000000 0.000000 0.000000 0.000000
256 0.500000 3.500000 0.050000 0.000000 0.000000 0.000000 0.000000
256 0.500000 3.500000 0.050000 0.000000 0.000000 0.000000 0.000000
256 0.500000 3.500000 0.050000 0.000000 0.000000 0.000000 0.000000
256 0.500000 3.500000 0.050000 0.000000 0.000000 0.000000 0.000000
256 0.500000 3.500000 0.050000 0.000000 0.000000 0.000000 0.000000
256 0.500000 3.500000 0.050000 0.000000 0.000000 0.000000 0.000000
256 0.500000 3.500000 0.050000 0.000000 0.000000 0.000000 0.000000
256 0.500000 3.500000 0.050000 0.000000 0.000000 0.000000 0.000000
256 0.500000 3.500000 0.050000 0.000000 0.000000 0.000000 0.000000
256 0.500000 3.500000 0.050000 0.000000 0.000000 0.000000 0.000000
256 0.500000 3.500000 0.050000 0.000000 0.000000 0.000000 0.000000
256 0.500000 3.500000 0.050000 0.000000 0.000000 0.000000 0.000000
256 0.500000 3.500000 0.050000 0.000000 0.245998 0.500000 3.166330
256 0.500000 3.500000 0.050000 0.000000 0.265041 0.500000 3.166330
256 0.500000 3.500000 0.050000 0.000000 0.000000 0.000000 0.000000
256 0.500000 3.500000 0.050000 0.000000 0.000000 0.000000 0.000000
256 0.500000 3.500000 0.050000 0.000000 0.000000 0.000000 0.000000
256 0.500000 3.500000 0.050000 0.000000 0.264543 0.500000 3.166330
256 0.500000 3.500000 0.050000 0.000000 0.269723 0.500000 3.166330
256 0.500000 3.500000 0.050000 0.000000 0.000000 0.000000 0.000000
256 0.500000 3.500000 0.050000 0.000000 0.000000 0.000000 0.000000
256 0.500000 3.500000 0.050000 0.000000 0.000000 0.000000 0.000000
256 0.500000 3.500000 0.050000 0.000000 0.277154 0.500000 3.166330
256 0.500000 3.500000 0.050000 0.000000 0.256877 0.500000 3.166330
256 0.500000 3.500000 0.050000 0.000000 0.289176 0.500000 3.166330
256 0.500000 3.500000 0.050000 0.000000 0.000000 0.000000 0.000000
256 0.500000 3.500000 0.050000 0.000000 0.277226 0.500000 3.166330
256 0.500000 3.500000 0.050000 0.000000 0.000000 0.000000 0.000000
256 0.500000 3.500000 0.050000 0.000000 0.000000 0.000000 0.000000
256 0.500000 3.500000 0.050000 0.000000 0.000000 0.000000 0.000000
256 0.500000 3.500000 0.050000 0.000000 0.000000 0.000000 0.000000
256 0.500000 3.500000 0.050000 0.000000 0.278834 0.500000 3.166330
256 0.500000 3.500000 0.050000 0.000000 0.000000 0.000000 0.000000
256 0.500000 3.500000 0.050000 0.000000 0.272025 0.500000 3.166330
256 0.500000 3.500000 0.050000 0.000000 0.250712 0.500000 3.166330
256 0.500000 3.500000 0.050000 0.000000 0.000000 0.000000 0.000000
256 0.500000 3.500000 0.050000 0.000000 0.000000 0.000000 0.000000
256 0.500000 3.500000 0.050000 0.000000 0.267161 0.500000 3.166330
256 0.500000 3.500000 0.050000 0.000000 0.000000 0.000000 0.000000
256 0.500000 3.500000 0.050000 0.000000 0.217098 0.500000 3.116856
256 0.500000 3.500000 0.050000 0.000000 0.000000 0.000000 0.000000
256 0.500000 3.500000 0.050000 0.000000 0.275825 0.500000 3.166330
256 0.500000 3.500000 0.050000 0.000000 0.263231 0.500000 3.166330
256 0.500000 3.500000 0.050000 0.000000 0.000000 0.000000 0.000000
256 0.500000 3.500000 0.050000 0.000000 0.000000 0.000000 0.000000
256 0.500000 3.500000 0.050000 0.000000 0.000000 0.000000 0.000000
256 0.500000 3.500000 0.050000 0.000000 0.000000 0.000000 0.000000
256 0.500000 3.500000 0.050000 0.000000 0.279032 -0.500000 3.166330
256 0.500000 3.500000 0.050000 0.000000 0.264475 0.500000 3.166330
256 0.500000 3.500000 0.050000 0.000000 0.272202 0.500000 3.166330
256 0.500000 3.500000 0.050000 0.000000 0.276949 -0.500000 3.166330
256 0.500000 3.500000 0.050000 0.000000 0.000000 0.000000 0.000000
256 0.500000 3.500000 0.050000 0.000000 0.000000 0.000000 0.000000
256 0.500000 3.500000 0.050000 0.000000 0.000000 0.000000 0.000000
256 0.500000 3.500000 0.050000 0.000000 0.000000 0.000000 0.000000
256 0.500000 3.500000 0.050000 0.000000 0.000000 0.000000 0.000000
256 0.500000 3.500000 0.050000 0.000000 0.000000 0.000000 0.000000
256 0.500000 3.500000 0.050000 0.000000 0.000000 0.000000 0.000000
256 0.500000 3.500000 0.050000 0.000000 0.000000 0.000000 0.000000
256 0.500000 3.500000 0.050000 0.000000 0.263230 0.500000 3.166330
256 0.500000 3.500000 0.050000 0.000000 0.270521 0.500000 3.166330
256 0.500000 3.500000 0.050000 0.000000 0.000000 0.000000 0.000000
256 0.500000 3.500000 0.050000 0.000000 0.000000 0.000000 0.000000
256 0.500000 3.500000 0.050000 0.000000 0.265091 0.500000 3.166330
256 0.500000 3.500000 0.050000 0.000000 0.212767 0.500000 3.116856
256 0.500000 3.500000 0.050000 0.000000 0.000000 0.000000 0.000000
256 0.500000 3.500000 0.050000 0.000000 0.000000 0.000000 0.000000
256 0.500000 3.500000 0.050000 0.000000 0.218810 0.500000 3.116856
256 0.500000 3.500000 0.050000 0.000000 0.264585 0.500000 3.166330
256 0.500000 3.500000 0.050000 0.000000 0.000000 0.000000 0.000000
256 0.500000 3.500000 0.050000 0.000000 0.000000 0.000000 0.000000
256 0.500000 3.500000 0.050000 0.000000 0.222527 0.500000 3.116856
256 0.500000 3.500000 0.050000 0.000000 0.271080 0.500000 3.166330
256 0.500000 3.500000 0.050000 0.000000 0.000000 0.000000 0.000000
256 0.500000 3.500000 0.050000 0.000000 0.000000 0.000000 0.000000
256 0.500000 3.500000 0.050000 0.000000 0.276587 0.500000 3.166330
256 0.500000 3.500000 0.050000 0.000000 0.278279 0.500000 3.166330
256 0.500000 3.500000 0.050000 0.000000 0.000000 0.000000 0.000000
256 0.500000 3.500000 0.050000 0.000000 0.000000 0.000000 0.000000
256 0.500000 3.500000 0.050000 0.000000 0.000000 0.000000 0.000000
256 0.500000 3.500000 0.050000 0.000000 0.000000 0.000000 0.000000
256 0.500000 3.500000 0.050000 0.000000 0.000000 0.000000 0.000000
256 0.500000 3.500000 0.050000 0.000000 0.000000 0.000000 0.000000
256 0.500000 3.500000 0.050000 0.000000 0.000000 0.000000 0.000000
256 0.500000 3.500000 0.050000 0.000000 0.223328 0.500000 3.116856
256 0.500000 3.500000 0.050000 0.000000 0.000000 0.000000 0.000000
256 0.500000 3.500000 0.050000 0.000000 0.264211 0.500000 3.166330
256 0.500000 3.500000 0.050000 0.000000 0.231100 0.500000 3.166330
256 0.500000 3.500000 0.050000 0.000000 0.278185 0.500000 3.166330
256 0.500000 3.500000 0.050000 0.000000 0.000000 0.000000 0.000000
256 0.500000 3.500000 0.050000 0.000000 0.000000 0.000000 0.000000
256 0.500000 3.500000 0.050000 0.000000 0.270702 0.500000 3.166330
256 0.500000 3.500000 0.050000 0.000000 0.000000 0.000000 0.000000
256 0.500000 3.500000 0.050000 0.000000 0.256974 0.500000 3.166330
256 0.500000 3.500000 0.050000 0.000000 0.264371 -0.500000 3.166330
256 0.500000 3.500000 0.050000 0.000000 0.000000 0.000000 0.000000
256 0.500000 3.500000 0.050000 0.000000 0.302291 -0.500000 3.166330
256 0.500000 3.500000 0.050000 0.000000 0.000000 0.000000 0.000000
256 0.500000 3.500000 0.050000 0.000000 0.000000 0.000000 0.000000
256 0.500000 3.500000 0.050000 0.000000 0.000000 0.000000 0.000000
256 0.500000 3.500000 0.050000 0.000000 0.000000 0.000000 0.000000
256 0.500000 3.500000 0.050000 0.000000 0.000000 0.000000 0.000000
256 0.500000 3.500000 0.050000 0.000000 0.000000 0.000000 0.000000
256 0.500000 3.500000 0.050000 0.000000 0.000000 0.000000 0.000000
256 0.500000 3.500000 0.050000 0.000000 0.000000 0.000000 0.000000
256 0.500000 3.500000 0.050000 0.000000 0.000000 0.000000 0.000000
256 0.500000 3.500000 0.050000 0.000000 0.000000 0.000000 0.000000
256 0.500000 3.500000 0.050000 0.000000 0.000000 0.000000 0.000000
256 0.500000 3.500000 0.050000 0.000000 0.000000 0.000000 0.000000
256 0.500000 3.500000 0.050000 0.000000 0.211460 0.500000 3.116856
256 0.500000 3.500000 0.050000 0.000000 0.000000 0.000000 0.000000
256 0.500000 3.500000 0.050000 0.000000 0.265106 0.500000 3.166330
256 0.500000 3.500000 0.050000 0.000000 0.000000 0.000000 0.000000
256 0.500000 3.500000 0.050000 0.000000 0.271229 0.500000 3.166330
256 0.500000 3.500000 0.050000 0.000000 0.282913 0.500000 3.166330
256 0.500000 3.500000 0.050000 0.000000 0.258611 0.500000 3.166330
256 0.500000 3.500000 0.050000 0.000000 0.000000 0.000000 0.000000
256 0.500000 3.500000 0.050000 0.000000 0.000000 0.000000 0.000000
256 0.500000 3.500000 0.050000 0.000000 0.000000 0.000000 0.000000
256 0.500000 3.500000 0.050000 0.000000 0.265367 -0.500000 3.166330
256 0.500000 3.500000 0.050000 0.000000 0.000000 0.000000 0.000000
256 0.500000 3.500000 0.050000 0.000000 0.283669 -0.500000 3.166330
256 0.500000 3.500000 0.050000 0.000000 0.000000 0.000000 0.000000
256 0.500000 3.500000 0.050000 0.000000 0.278610 0.500000 3.166330
256 0.500000 3.500000 0.050000 0.000000 0.277367 -0.500000 3.166330
256 0.500000 3.500000 0.050000 0.000000 0.000000 0.000000 0.000000
256 0.500000 3.500000 0.050000 0.000000 0.282696 0.500000 3.166330
256 0.500000 3.500000 0.050000 0.000000 0.000000 0.000000 0.000000
256 0.500000 3.500000 0.050000 0.000000 0.000000 0.000000 0.000000
256 0.500000 3.500000 0.050000 0.000000 0.000000 0.000000 0.000000
256 0.500000 3.500000 0.050000 0.000000 0.000000 0.000000 0.000000
256 0.500000 3.500000 0.050000 0.000000 0.000000 0.000000 0.000000
256 0.500000 3.500000 0.050000 0.000000 0.000000 0.000000 0.000000
256 0.500000 3.500000 0.050000 0.000000 0.000000 0.000000 0.000000
256 0.500000 3.500000 0.050000 0.000000 0.000000 0.000000 0.000000
256 0.500000 3.500000 0.050000 0.000000 0.223199 0.500000 3.116856
256 0.500000 3.500000 0.050000 0.000000 0.000000 0.000000 0.000000
256 0.500000 3.500000 0.050000 0.000000 0.000000 0.000000 0.000000
256 0.500000 3.500000 0.050000 0.000000 0.278339 0.500000 3.166330
256 0.500000 3.500000 0.050000 0.000000 0.291491 0.500000 3.166330
256 0.500000 3.500000 0.050000 0.000000 0.000000 0.000000 0.000000
256 0.500000 3.500000 0.050000 0.000000 0.266092 0.500000 3.166330
256 0.500000 3.500000 0.050000 0.000000 0.000000 0.000000 0.000000
256 0.500000 3.500000 0.050000 0.000000 0.000000 0.000000 0.000000
256 0.500000 3.500000 0.050000 0.000000 0.000000 0.000000 0.000000
256 0.500000 3.500000 0.050000 0.000000 0.282548 -0.500000 3.166330
256 0.500000 3.500000 0.050000 0.000000 0.276819 0.500000 3.166330
256 0.500000 3.500000 0.050000 0.000000 0.257847 -0.500000 3.166330
256 0.500000 3.500000 0.050000 0.000000 0.250848 0.500000 3.166330
256 0.500000 3.500000 0.050000 0.000000 0.000000 0.000000 0.000000
256 0.500000 3.500000 0.050000 0.000000 0.000000 0.000000 0.000000
256 0.500000 3.500000 0.050000 0.000000 0.000000 0.000000 0.000000
256 0.500000 3.500000 0.050000 0.000000 0.000000 0.000000 0.000000
256 0.500000 3.500000 0.050000 0.000000 0.000000 0.000000 0.000000
256 0.500000 3.500000 0.050000 0.000000 0.271375 -0.500000 3.166330
256 0.500000 3.500000 0.050000 0.000000 0.000000 0.000000 0.000000
256 0.500000 3.500000 0.050000 0.000000 0.000000 0.000000 0.000000
256 0.500000 3.500000 0.050000 0.000000 0.000000 0.000000 0.000000
256 0.500000 3.500000 0.050000 0.000000 0.000000 0.000000 0.000000
256 0.500000 3.500000 0.050000 0.000000 0.270878 0.500000 3.166330
256 0.500000 3.500000 0.050000 0.000000 0.000000 0.000000 0.000000
256 0.500000 3.500000 0.050000 0.000000 0.264573 0.500000 3.166330
256 0.500000 3.500000 0.050000 0.000000 0.000000 0.000000 0.000000
256 0.500000 3.500000 0.050000 0.000000 0.000000 0.000000 0.000000
256 0.500000 3.500000 0.050000 0.000000 0.000000 0.000000 0.000000
256 0.500000 3.500000 0.050000 0.000000 0.000000 0.000000 0.000000
256 0.500000 3.500000 0.050000 0.000000 0.000000 0.000000 0.000000
256 0.500000 3.500000 0.050000 0.000000 0.000000 0.000000 0.000000
256 0.500000 3.500000 0.050000 0.000000 0.278277 0.500000 3.166330
256 0.500000 3.500000 0.050000 0.000000 0.269747 -0.500000 3.166330
256 0.500000 3.500000 0.050000 0.000000 0.265983 0.500000 3.166330
256 0.500000 3.500000 0.050000 0.000000 0.000000 0.000000 0.000000
256 0.500000 3.500000 0.050000 0.000000 0.000000 0.000000 0.000000
256 0.500000 3.500000 0.050000 0.000000 0.000000 0.000000 0.000000
256 0.500000 3.500000 0.050000 0.000000 0.276955 -0.500000 3.166330
256 0.500000 3.500000 0.050000 0.000000 0.000000 0.000000 0.000000
256 0.500000 3.500000 0.050000 0.000000 0.000000 0.000000 0.000000
256 0.500000 3.500000 0.050000 0.000000 0.270882 0.500000 3.166330
256 0.500000 3.500000 0.050000 0.000000 0.000000 0.000000 0.000000
256 0.500000 3.500000 0.050000 0.000000 0.275684 0.500000 3.166330
256 0.500000 3.500000 0.050000 0.000000 0.265691 0.500000 3.166330
256 0.500000 3.500000 0.050000 0.000000 0.000000 0.000000 0.000000
256 0.500000 3.500000 0.050000 0.000000 0.000000 0.000000 0.000000
256 0.500000 3.500000 0.050000 0.000000 0.264622 0.500000 3.166330
256 0.500000 3.500000 0.050000 0.000000 0.251782 0.500000 3.166330
256 0.500000 3.500000 0.050000 0.000000 0.000000 0.000000 0.000000
256 0.500000 3.500000 0.050000 0.000000 0.293760 0.500000 3.166330
256 0.500000 3.500000 0.050000 0.000000 0.000000 0.000000 0.000000
256 0.500000 3.500000 0.050000 0.000000 0.000000 0.000000 0.000000
256 0.500000 3.500000 0.050000 0.000000 0.000000 0.000000 0.000000
256 0.500000 3.500000 0.050000 0.000000 0.000000 0.000000 0.000000
256 0.500000 3.500000 0.050000 0.000000 0.283435 0.500000 3.166330
256 0.500000 3.500000 0.050000 0.000000 0.000000 0.000000 0.000000
256 0.500000 3.500000 0.050000 0.000000 0.000000 0.000000 0.000000
256 0.500000 3.500000 0.050000 0.000000 0.307335 0.500000 3.166330
256 0.500000 3.500000 0.050000 0.000000 0.000000 0.000000 0.000000
256 0.500000 3.500000 0.050000 0.000000 0.000000 0.000000 0.000000
256 0.500000 3.500000 0.050000 0.000000 0.000000 0.000000 0.000000
256 0.500000 3.500000 0.050000 0.000000 0.000000 0.000000 0.000000
256 0.500000 3.500000 0.050000 0.000000 0.283290 -0.500000 3.166330
256 0.500000 3.500000 0.050000 0.000000 0.000000 0.000000 0.000000
256 0.500000 3.500000 0.050000 0.000000 0.000000 0.000000 0.000000
256 0.500000 3.500000 0.050000 0.000000 0.000000 0.000000 0.000000
256 0.500000 3.500000 0.050000 0.000000 0.258004 -0.500000 3.166330
256 0.500000 3.500000 0.050000 0.000000 0.000000 0.000000 0.000000
256 0.500000 3.500000 0.050000 0.000000 0.000000 0.000000 0.000000
256 0.500000 3.500000 0.050000 0.000000 0.000000 0.000000 0.000000
256 0.500000 3.500000 0.050000 0.000000 0.263284 0.500000 3.166330
256 0.500000 3.500000 0.050000 0.000000 0.000000 0.000000 0.000000
256 0.500000 3.500000 0.050000 0.000000 0.277354 -0.500000 3.166330
256 0.500000 3.500000 0.050000 0.000000 0.000000 0.000000 0.000000
256 0.500000 3.500000 0.050000 0.000000 0.271402 0.500000 3.166330
256 0.500000 3.500000 0.050000 0.000000 0.244994 0.500000 3.166330
256 0.500000 3.500000 0.050000 0.000000 0.000000 0.000000 0.000000
256 0.500000 3.500000 0.050000 0.000000 0.299228 0.500000 3.166330
256 0.500000 3.500000 0.050000 0.000000 0.217744 0.500000 3.116856
256 0.500000 3.500000 0.050000 0.000000 0.270849 0.500000 3.166330
256 0.500000 3.500000 0.050000 0.000000 0.270867 0.500000 3.166330
256 0.500000 3.500000 0.050000 0.000000 0.210271 0.500000 3.116856
256 0.500000 3.500000 0.050000 0.000000 0.000000 0.000000 0.000000
256 0.500000 3.500000 0.050000 0.000000 0.244997 0.500000 3.166330
256 0.500000 3.500000 0.050000 0.000000 0.272182 0.500000 3.166330
256 0.500000 3.500000 0.050000 0.000000 0.277871 0.500000 3.166330
256 0.500000 3.500000 0.050000 0.000000 0.000000 0.000000 0.000000
256 0.500000 3.500000 0.050000 0.000000 0.000000 0.000000 0.000000
256 0.500000 3.500000 0.050000 0.000000 0.277899 0.500000 3.166330
256 0.500000 3.500000 0.050000 0.000000 0.264949 0.500000 3.166330
256 0.500000 3.500000 0.050000 0.000000 0.000000 0.000000 0.000000
256 0.500000 3.500000 0.050000 0.000000 0.000000 0.000000 0.000000
256 0.500000 3.500000 0.050000 0.000000 0.000000 0.000000 0.000000
256 0.500000 3.500000 0.050000 0.000000 0.000000 0.000000 0.000000
256 0.500000 3.500000 0.050000 0.000000 0.000000 0.000000 0.000000
256 0.500000 3.500000 0.050000 0.000000 0.000000 0.000000 0.000000
256 0.500000 3.500000 0.050000 0.000000 0.265530 0.500000 3.166330
256 0.500000 3.500000 0.050000 0.000000 0.211138 -0.500000 3.116856
256 0.500000 3.500000 0.050000 0.000000 0.000000 0.000000 0.000000
256 0.500000 3.500000 0.050000 0.000000 0.270870 0.500000 3.166330
256 0.500000 3.500000 0.050000 0.000000 0.000000 0.000000 0.000000
256 0.500000 3.500000 0.050000 0.000000 0.000000 0.000000 0.000000
256 0.500000 3.500000 0.050000 0.000000 0.275870 -0.500000 3.166330
256 0.500000 3.500000 0.050000 0.000000 0.218207 0.500000 3.116856
256 0.500000 3.500000 0.050000 0.000000 0.270947 0.500000 3.166330
256 0.500000 3.500000 0.050000 0.000000 0.000000 0.000000 0.000000
256 0.500000 3.500000 0.050000 0.000000 0.278708 0.500000 3.166330
256 0.500000 3.500000 0.050000 0.000000 0.000000 0.000000 0.000000
256 0.500000 3.500000 0.050000 0.000000 0.270900 0.500000 3.166330
256 0.500000 3.500000 0.050000 0.000000 0.000000 0.000000 0.000000
256 0.500000 3.500000 0.050000 0.000000 0.275820 0.500000 3.166330
256 0.500000 3.500000 0.050000 0.000000 0.000000 0.000000 0.000000
256 0.500000 3.500000 0.050000 0.000000 0.000000 0.000000 0.000000
256 0.500000 3.500000 0.050000 0.000000 0.000000 0.000000 0.000000
256 0.500000 3.500000 0.050000 0.000000 0.000000 0.000000 0.000000
256 0.500000 3.500000 0.050000 0.000000 0.260145 0.500000 3.166330
256 0.500000 3.500000 0.050000 0.000000 0.000000 0.000000 0.000000
256 0.500000 3.500000 0.050000 0.000000 0.000000 0.000000 0.000000
256 0.500000 3.500000 0.050000 0.000000 0.278677 0.500000 3.166330
256 0.500000 3.500000 0.050000 0.000000 0.291666 -0.500000 3.166330
256 0.500000 3.500000 0.050000 0.000000 0.000000 0.000000 0.000000
256 0.500000 3.500000 0.050000 0.000000 0.210110 -0.500000 3.116856
256 0.500000 3.500000 0.050000 0.000000 0.264784 0.500000 3.166330
256 0.500000 3.500000 0.050000 0.000000 0.276379 -0.500000 3.166330
256 0.500000 3.500000 0.050000 0.000000 0.000000 0.000000 0.000000
256 0.500000 3.500000 0.050000 0.000000 0.000000 0.000000 0.000000
256 0.500000 3.500000 0.050000 0.000000 0.000000 0.000000 0.000000
256 0.500000 3.500000 0.050000 0.000000 0.000000 0.000000 0.000000
256 0.500000 3.500000 0.050000 0.000000 0.291061 0.500000 3.166330
256 0.500000 3.500000 0.050000 0.000000 0.282828 0.500000 3.166330
256 0.500000 3.500000 0.050000 0.000000 0.000000 0.000000 0.000000
256 0.500000 3.500000 0.050000 0.000000 0.000000 0.000000 0.000000
256 0.500000 3.500000 0.050000 0.000000 0.278109 0.500000 3.166330
256 0.500000 3.500000 0.050000 0.000000 0.000000 0.000000 0.000000
256 0.500000 3.500000 0.050000 0.000000 0.000000 0.000000 0.000000
256 0.500000 3.500000 0.050000 0.000000 0.000000 0.000000 0.000000
256 0.500000 3.500000 0.050000 0.000000 0.000000 0.000000 0.000000
256 0.500000 3.500000 0.050000 0.000000 0.292300 0.500000 3.166330
256 0.500000 3.500000 0.050000 0.000000 0.000000 0.000000 0.000000
256 0.500000 3.500000 0.050000 0.000000 0.000000 0.000000 0.000000
256 0.500000 3.500000 0.050000 0.000000 0.000000 0.000000 0.000000
256 0.500000 3.500000 0.050000 0.000000 0.272211 -0.500000 3.166330
256 0.500000 3.500000 0.050000 0.000000 0.000000 0.000000 0.000000
256 0.500000 3.500000 0.050000 0.000000 0.290503 -0.500000 3.166330
256 0.500000 3.500000 0.050000 0.000000 0.263233 0.500000 3.166330
256 0.500000 3.500000 0.050000 0.000000 0.212175 0.500000 3.116856
256 0.500000 3.500000 0.050000 0.000000 0.209902 0.500000 3.215804
256 0.500000 3.500000 0.050000 0.000000 0.258466 0.500000 3.166330
256 0.500000 3.500000 0.050000 0.000000 0.000000 0.000000 0.000000
256 0.500000 3.500000 0.050000 0.000000 0.000000 0.000000 0.000000
256 0.500000 3.500000 0.050000 0.000000 0.000000 0.000000 0.000000
256 0.500000 3.500000 0.050000 0.000000 0.000000 0.000000 0.000000
256 0.500000 3.500000 0.050000 0.000000 0.217807 -0.500000 3.215804
256 0.500000 3.500000 0.050000 0.000000 0.000000 0.000000 0.000000
256 0.500000 3.500000 0.050000 0.000000 0.264773 0.500000 3.166330
256 0.500000 3.500000 0.050000 0.000000 0.000000 0.000000 0.000000
256 0.500000 3.500000 0.050000 0.000000 0.000000 0.000000 0.000000
256 0.500000 3.500000 0.050000 0.000000 0.000000 0.000000 0.000000
256 0.500000 3.500000 0.050000 0.000000 0.000000 0.000000 0.000000
256 0.500000 3.500000 0.050000 0.000000 0.000000 0.000000 0.000000
256 0.500000 3.500000 0.050000 0.000000 0.000000 0.000000 0.000000
256 0.500000 3.500000 0.050000 0.000000 0.263886 0.500000 3.166330
256 0.500000 3.500000 0.050000 0.000000 0.000000 0.000000 0.000000
256 0.500000 3.500000 0.050000 0.000000 0.000000 0.000000 0.000000
256 0.500000 3.500000 0.050000 0.000000 0.282896 0.500000 3.166330
256 0.500000 3.500000 0.050000 0.000000 0.284629 0.500000 3.166330
256 0.500000 3.500000 0.050000 0.000000 0.000000 0.000000 0.000000
256 0.500000 3.500000 0.050000 0.000000 0.269931 0.500000 3.166330
256 0.500000 3.500000 0.050000 0.000000 0.224645 0.500000 3.116856
256 0.500000 3.500000 0.050000 0.000000 0.000000 0.000000 0.000000
256 0.500000 3.500000 0.050000 0.000000 0.257770 0.500000 3.166330
256 0.500000 3.500000 0.050000 0.000000 0.284261 0.500000 3.166330
256 0.500000 3.500000 0.050000 0.000000 0.000000 0.000000 0.000000
256 0.500000 3.500000 0.050000 0.000000 0.000000 0.000000 0.000000
256 0.500000 3.500000 0.050000 0.000000 0.000000 0.000000 0.000000
256 0.500000 3.500000 0.050000 0.000000 0.270255 0.500000 3.166330
256 0.500000 3.500000 0.050000 0.000000 0.000000 0.000000 0.000000
256 0.500000 3.500000 0.050000 0.000000 0.231493 0.500000 3.116856
256 0.500000 3.500000 0.050000 0.000000 0.271963 0.500000 3.166330
256 0.500000 3.500000 0.050000 0.000000 0.204658 0.500000 3.116856
