256 0.500000 3.500000 0.050000 0.000000 0.290876 0.500000 3.166330
256 0.500000 3.500000 0.050000 0.000000 0.208910 0.500000 3.215804
256 0.500000 3.500000 0.050000 0.000000 0.172100 0.500000 3.067382
256 0.500000 3.500000 0.050000 0.000000 0.219029 0.500000 3.166330
256 0.500000 3.500000 0.050000 0.000000 0.059689 0.500000 3.166330
256 0.500000 3.500000 0.050000 0.000000 0.188459 0.500000 3.116856
256 0.500000 3.500000 0.050000 0.000000 0.234103 0.500000 3.166330
256 0.500000 3.500000 0.050000 0.000000 0.118074 0.500000 3.166330
256 0.500000 3.500000 0.050000 0.000000 0.239460 0.500000 3.166330
256 0.500000 3.500000 0.050000 0.000000 0.258712 0.500000 3.116856
256 0.500000 3.500000 0.050000 0.000000 0.214947 0.500000 3.215804
256 0.500000 3.500000 0.050000 0.000000 0.177296 0.500000 3.116856
256 0.500000 3.500000 0.050000 0.000000 0.200934 0.500000 3.166330
256 0.500000 3.500000 0.050000 0.000000 0.226919 0.500000 3.116856
256 0.500000 3.500000 0.050000 0.000000 0.195074 -0.500000 3.067382
256 0.500000 3.500000 0.050000 0.000000 0.141788 0.500000 3.166330
256 0.500000 3.500000 0.050000 0.000000 0.200188 0.500000 3.116856
256 0.500000 3.500000 0.050000 0.000000 0.231434 0.500000 3.166330
256 0.500000 3.500000 0.050000 0.000000 0.224872 -0.500000 3.116856
256 0.500000 3.500000 0.050000 0.000000 0.164556 0.500000 3.067382
256 0.500000 3.500000 0.050000 0.000000 0.175729 0.500000 3.067382
256 0.500000 3.500000 0.050000 0.000000 0.188890 0.500000 3.166330
256 0.500000 3.500000 0.050000 0.000000 0.215920 0.500000 3.067382
256 0.500000 3.500000 0.050000 0.000000 0.168446 0.500000 3.166330
256 0.500000 3.500000 0.050000 0.000000 0.209223 0.500000 3.265277
256 0.500000 3.500000 0.050000 0.000000 0.230793 0.500000 3.166330
256 0.500000 3.500000 0.050000 0.000000 0.217224 0.500000 3.166330
256 0.500000 3.500000 0.050000 0.000000 0.180600 0.500000 3.067382
256 0.500000 3.500000 0.050000 0.000000 0.187733 0.500000 3.116856
256 0.500000 3.500000 0.050000 0.000000 0.179760 0.500000 3.116856
256 0.500000 3.500000 0.050000 0.000000 0.214211 0.500000 3.067382
256 0.500000 3.500000 0.050000 0.000000 0.148596 -0.500000 3.166330
256 0.500000 3.500000 0.050000 0.000000 0.199585 0.500000 3.265277
256 0.500000 3.500000 0.050000 0.000000 0.171432 0.500000 3.116856
256 0.500000 3.500000 0.050000 0.000000 0.201174 0.500000 3.166330
256 0.500000 3.500000 0.050000 0.000000 0.184922 0.500000 3.215804
256 0.500000 3.500000 0.050000 0.000000 0.224645 0.500000 3.116856
256 0.500000 3.500000 0.050000 0.000000 0.211291 0.500000 3.166330
256 0.500000 3.500000 0.050000 0.000000 0.205473 0.500000 3.116856
256 0.500000 3.500000 0.050000 0.000000 0.192202 0.500000 3.265277
256 0.500000 3.500000 0.050000 0.000000 0.158132 0.500000 3.067382
256 0.500000 3.500000 0.050000 0.000000 0.187102 0.500000 3.265277
256 0.500000 3.500000 0.050000 0.000000 0.169625 -0.500000 3.017908
256 0.500000 3.500000 0.050000 0.000000 0.198652 0.500000 3.067382
256 0.500000 3.500000 0.050000 0.000000 0.192991 -0.500000 3.116856
256 0.500000 3.500000 0.050000 0.000000 0.207449 0.500000 3.166330
256 0.500000 3.500000 0.050000 0.000000 0.194169 0.500000 3.116856
256 0.500000 3.500000 0.050000 0.000000 0.160913 0.500000 3.017908
256 0.500000 3.500000 0.050000 0.000000 0.209100 0.500000 3.166330
256 0.500000 3.500000 0.050000 0.000000 0.154990 0.500000 3.166330
256 0.500000 3.500000 0.050000 0.000000 0.179385 0.500000 3.116856
256 0.500000 3.500000 0.050000 0.000000 0.153299 0.500000 3.166330
256 0.500000 3.500000 0.050000 0.000000 0.179189 0.500000 3.166330
256 0.500000 3.500000 0.050000 0.000000 0.255478 -0.500000 3.166330
256 0.500000 3.500000 0.050000 0.000000 0.206227 -0.500000 3.265277
256 0.500000 3.500000 0.050000 0.000000 0.141719 -0.500000 3.116856
256 0.500000 3.500000 0.050000 0.000000 0.156368 0.500000 3.166330
256 0.500000 3.500000 0.050000 0.000000 0.219374 0.500000 3.116856
256 0.500000 3.500000 0.050000 0.000000 0.185149 0.500000 3.017908
256 0.500000 3.500000 0.050000 0.000000 0.277966 0.500000 3.166330
256 0.500000 3.500000 0.050000 0.000000 0.250531 0.500000 3.166330
256 0.500000 3.500000 0.050000 0.000000 0.166233 0.500000 3.067382
256 0.500000 3.500000 0.050000 0.000000 0.208563 0.500000 3.166330
256 0.500000 3.500000 0.050000 0.000000 0.133358 -0.500000 3.314751
256 0.500000 3.500000 0.050000 0.000000 0.094979 0.500000 3.067382
256 0.500000 3.500000 0.050000 0.000000 0.131764 0.500000 3.166330
256 0.500000 3.500000 0.050000 0.000000 0.217741 -0.500000 3.116856
256 0.500000 3.500000 0.050000 0.000000 0.194985 0.500000 3.116856
256 0.500000 3.500000 0.050000 0.000000 0.140190 -0.500000 3.166330
256 0.500000 3.500000 0.050000 0.000000 0.193266 0.500000 3.067382
256 0.500000 3.500000 0.050000 0.000000 0.230073 -0.500000 3.166330
256 0.500000 3.500000 0.050000 0.000000 0.163473 -0.500000 3.166330
256 0.500000 3.500000 0.050000 0.000000 0.149184 0.500000 3.116856
256 0.500000 3.500000 0.050000 0.000000 0.187103 -0.500000 3.116856
256 0.500000 3.500000 0.050000 0.000000 0.199509 0.500000 3.067382
256 0.500000 3.500000 0.050000 0.000000 0.179490 -0.500000 3.166330
256 0.500000 3.500000 0.050000 0.000000 0.163456 0.500000 3.166330
256 0.500000 3.500000 0.050000 0.000000 0.181838 0.500000 3.067382
256 0.500000 3.500000 0.050000 0.000000 0.140699 0.500000 3.017908
256 0.500000 3.500000 0.050000 0.000000 0.155587 0.500000 2.968434
256 0.500000 3.500000 0.050000 0.000000 0.247181 0.500000 3.166330
256 0.500000 3.500000 0.050000 0.000000 0.180466 0.500000 3.067382
256 0.500000 3.500000 0.050000 0.000000 0.200792 0.500000 3.166330
256 0.500000 3.500000 0.050000 0.000000 0.164096 0.500000 3.166330
256 0.500000 3.500000 0.050000 0.000000 0.233930 0.500000 3.166330
256 0.500000 3.500000 0.050000 0.000000 0.133339 0.500000 3.017908
256 0.500000 3.500000 0.050000 0.000000 0.213054 0.500000 3.166330
256 0.500000 3.500000 0.050000 0.000000 0.097509 0.500000 3.215804
256 0.500000 3.500000 0.050000 0.000000 0.201744 0.500000 3.166330
256 0.500000 3.500000 0.050000 0.000000 0.228319 0.500000 3.116856
256 0.500000 3.500000 0.050000 0.000000 0.263091 0.500000 3.166330
256 0.500000 3.500000 0.050000 0.000000 0.196390 -0.500000 3.166330
256 0.500000 3.500000 0.050000 0.000000 0.179470 0.500000 3.017908
256 0.500000 3.500000 0.050000 0.000000 0.215768 0.500000 3.166330
256 0.500000 3.500000 0.050000 0.000000 0.187319 0.500000 3.116856
256 0.500000 3.500000 0.050000 0.000000 0.081196 0.500000 3.215804
256 0.500000 3.500000 0.050000 0.000000 0.140531 -0.500000 3.314751
256 0.500000 3.500000 0.050000 0.000000 0.213091 0.500000 3.116856
256 0.500000 3.500000 0.050000 0.000000 0.219246 0.500000 3.166330
256 0.500000 3.500000 0.050000 0.000000 0.247265 0.500000 3.215804
256 0.500000 3.500000 0.050000 0.000000 0.190801 -0.500000 3.116856
256 0.500000 3.500000 0.050000 0.000000 0.210794 0.500000 3.166330
256 0.500000 3.500000 0.050000 0.000000 0.200714 0.500000 3.116856
256 0.500000 3.500000 0.050000 0.000000 0.239870 0.500000 3.116856
256 0.500000 3.500000 0.050000 0.000000 0.203793 0.500000 3.215804
256 0.500000 3.500000 0.050000 0.000000 0.236555 0.500000 3.116856
256 0.500000 3.500000 0.050000 0.000000 0.224409 0.500000 3.166330
256 0.500000 3.500000 0.050000 0.000000 0.196215 0.500000 3.116856
256 0.500000 3.500000 0.050000 0.000000 0.076313 0.500000 3.166330
256 0.500000 3.500000 0.050000 0.000000 0.193865 0.500000 3.265277
256 0.500000 3.500000 0.050000 0.000000 0.175812 0.500000 3.116856
256 0.500000 3.500000 0.050000 0.000000 0.208616 0.500000 3.116856
256 0.500000 3.500000 0.050000 0.000000 0.209368 0.500000 3.166330
256 0.500000 3.500000 0.050000 0.000000 0.185591 0.500000 3.166330
256 0.500000 3.500000 0.050000 0.000000 0.208547 0.500000 3.116856
256 0.500000 3.500000 0.050000 0.000000 0.192459 0.500000 3.166330
256 0.500000 3.500000 0.050000 0.000000 0.177213 0.500000 3.116856
256 0.500000 3.500000 0.050000 0.000000 0.229598 0.500000 3.166330
256 0.500000 3.500000 0.050000 0.000000 0.246401 0.500000 3.166330
256 0.500000 3.500000 0.050000 0.000000 0.194933 0.500000 3.116856
256 0.500000 3.500000 0.050000 0.000000 0.234615 0.500000 3.116856
256 0.500000 3.500000 0.050000 0.000000 0.208098 0.500000 3.116856
256 0.500000 3.500000 0.050000 0.000000 0.156900 0.500000 3.017908
256 0.500000 3.500000 0.050000 0.000000 0.187879 -0.500000 3.166330
256 0.500000 3.500000 0.050000 0.000000 0.198400 0.500000 3.067382
256 0.500000 3.500000 0.050000 0.000000 0.146202 0.500000 3.364225
256 0.500000 3.500000 0.050000 0.000000 0.187228 0.500000 3.166330
256 0.500000 3.500000 0.050000 0.000000 0.210079 0.500000 3.116856
256 0.500000 3.500000 0.050000 0.000000 0.211682 -0.500000 3.166330
256 0.500000 3.500000 0.050000 0.000000 0.263045 0.500000 3.166330
256 0.500000 3.500000 0.050000 0.000000 0.159162 0.500000 3.067382
256 0.500000 3.500000 0.050000 0.000000 0.238673 -0.500000 3.116856
256 0.500000 3.500000 0.050000 0.000000 0.207991 0.500000 3.166330
256 0.500000 3.500000 0.050000 0.000000 0.234874 0.500000 3.166330
256 0.500000 3.500000 0.050000 0.000000 0.165127 0.500000 3.017908
256 0.500000 3.500000 0.050000 0.000000 0.215628 0.500000 3.116856
256 0.500000 3.500000 0.050000 0.000000 0.071479 0.500000 3.067382
256 0.500000 3.500000 0.050000 0.000000 0.078247 0.500000 3.413699
256 0.500000 3.500000 0.050000 0.000000 0.190486 0.500000 3.067382
256 0.500000 3.500000 0.050000 0.000000 0.133998 0.500000 3.166330
256 0.500000 3.500000 0.050000 0.000000 0.158703 0.500000 3.067382
256 0.500000 3.500000 0.050000 0.000000 0.207578 0.500000 3.166330
256 0.500000 3.500000 0.050000 0.000000 0.138951 0.500000 3.166330
256 0.500000 3.500000 0.050000 0.000000 0.202722 0.500000 3.166330
256 0.500000 3.500000 0.050000 0.000000 0.250684 -0.500000 3.166330
256 0.500000 3.500000 0.050000 0.000000 0.232227 0.500000 3.116856
256 0.500000 3.500000 0.050000 0.000000 0.242636 0.500000 3.166330
256 0.500000 3.500000 0.050000 0.000000 0.147100 0.500000 3.017908
256 0.500000 3.500000 0.050000 0.000000 0.148079 -0.500000 3.116856
256 0.500000 3.500000 0.050000 0.000000 0.115091 0.500000 3.166330
256 0.500000 3.500000 0.050000 0.000000 0.180923 0.500000 3.166330
256 0.500000 3.500000 0.050000 0.000000 0.200160 0.500000 3.116856
256 0.500000 3.500000 0.050000 0.000000 0.222463 0.500000 3.116856
256 0.500000 3.500000 0.050000 0.000000 0.198688 0.500000 3.116856
256 0.500000 3.500000 0.050000 0.000000 0.218479 0.500000 3.116856
256 0.500000 3.500000 0.050000 0.000000 0.216782 0.500000 3.166330
256 0.500000 3.500000 0.050000 0.000000 0.201333 -0.500000 3.166330
256 0.500000 3.500000 0.050000 0.000000 0.277544 0.500000 3.166330
256 0.500000 3.500000 0.050000 0.000000 0.230683 0.500000 3.116856
256 0.500000 3.500000 0.050000 0.000000 0.208590 0.500000 3.116856
256 0.500000 3.500000 0.050000 0.000000 0.265513 0.500000 3.166330
256 0.500000 3.500000 0.050000 0.000000 0.170799 0.500000 3.166330
256 0.500000 3.500000 0.050000 0.000000 0.225182 0.500000 3.166330
256 0.500000 3.500000 0.050000 0.000000 0.236870 0.500000 3.166330
256 0.500000 3.500000 0.050000 0.000000 0.171854 0.500000 3.067382
256 0.500000 3.500000 0.050000 0.000000 0.148727 -0.500000 3.067382
256 0.500000 3.500000 0.050000 0.000000 0.207714 0.500000 3.215804
256 0.500000 3.500000 0.050000 0.000000 0.242859 0.500000 3.116856
256 0.500000 3.500000 0.050000 0.000000 0.192775 0.500000 3.166330
256 0.500000 3.500000 0.050000 0.000000 0.199685 0.500000 3.067382
256 0.500000 3.500000 0.050000 0.000000 0.180673 -0.500000 3.166330
256 0.500000 3.500000 0.050000 0.000000 0.225056 0.500000 3.166330
256 0.500000 3.500000 0.050000 0.000000 0.231860 0.500000 3.116856
256 0.500000 3.500000 0.050000 0.000000 0.205753 0.500000 3.116856
256 0.500000 3.500000 0.050000 0.000000 0.226613 0.500000 3.166330
256 0.500000 3.500000 0.050000 0.000000 0.253087 0.500000 3.116856
256 0.500000 3.500000 0.050000 0.000000 0.201873 0.500000 3.166330
256 0.500000 3.500000 0.050000 0.000000 0.209966 -0.500000 3.116856
256 0.500000 3.500000 0.050000 0.000000 0.157419 0.500000 3.116856
256 0.500000 3.500000 0.050000 0.000000 0.231607 0.500000 3.116856
256 0.500000 3.500000 0.050000 0.000000 0.242899 0.500000 3.116856
256 0.500000 3.500000 0.050000 0.000000 0.223579 0.500000 3.067382
256 0.500000 3.500000 0.050000 0.000000 0.189693 0.500000 3.067382
256 0.500000 3.500000 0.050000 0.000000 0.201145 0.500000 3.166330
256 0.500000 3.500000 0.050000 0.000000 0.194012 0.500000 3.116856
256 0.500000 3.500000 0.050000 0.000000 0.192622 0.500000 3.116856
256 0.500000 3.500000 0.050000 0.000000 0.201908 -0.500000 3.166330
256 0.500000 3.500000 0.050000 0.000000 0.230404 0.500000 3.166330
256 0.500000 3.500000 0.050000 0.000000 0.186713 0.500000 3.166330
256 0.500000 3.500000 0.050000 0.000000 0.194937 0.500000 3.067382
256 0.500000 3.500000 0.050000 0.000000 0.225908 0.500000 3.116856
256 0.500000 3.500000 0.050000 0.000000 0.211943 -0.500000 3.166330
256 0.500000 3.500000 0.050000 0.000000 0.238944 0.500000 3.166330
256 0.500000 3.500000 0.050000 0.000000 0.188542 0.500000 3.166330
256 0.500000 3.500000 0.050000 0.000000 0.214919 0.500000 3.215804
256 0.500000 3.500000 0.050000 0.000000 0.186914 0.500000 3.116856
256 0.500000 3.500000 0.050000 0.000000 0.162774 -0.500000 3.017908
256 0.500000 3.500000 0.050000 0.000000 0.181930 0.500000 3.116856
256 0.500000 3.500000 0.050000 0.000000 0.179951 0.500000 3.116856
256 0.500000 3.500000 0.050000 0.000000 0.219435 0.500000 3.215804
256 0.500000 3.500000 0.050000 0.000000 0.213856 0.500000 3.215804
256 0.500000 3.500000 0.050000 0.000000 0.198771 0.500000 3.116856
256 0.500000 3.500000 0.050000 0.000000 0.225545 0.500000 3.116856
256 0.500000 3.500000 0.050000 0.000000 0.238201 0.500000 3.067382
256 0.500000 3.500000 0.050000 0.000000 0.234166 0.500000 3.166330
256 0.500000 3.500000 0.050000 0.000000 0.218941 -0.500000 3.116856
256 0.500000 3.500000 0.050000 0.000000 0.171900 0.500000 3.166330
256 0.500000 3.500000 0.050000 0.000000 0.224121 -0.500000 3.116856
256 0.500000 3.500000 0.050000 0.000000 0.214189 0.500000 3.166330
256 0.500000 3.500000 0.050000 0.000000 0.160733 0.500000 3.166330
256 0.500000 3.500000 0.050000 0.000000 0.208706 -0.500000 3.116856
256 0.500000 3.500000 0.050000 0.000000 0.170920 -0.500000 3.116856
256 0.500000 3.500000 0.050000 0.000000 0.209501 -0.500000 3.116856
256 0.500000 3.500000 0.050000 0.000000 0.229262 0.500000 3.116856
256 0.500000 3.500000 0.050000 0.000000 0.225397 0.500000 3.215804
256 0.500000 3.500000 0.050000 0.000000 0.241689 0.500000 3.116856
256 0.500000 3.500000 0.050000 0.000000 0.197554 0.500000 3.116856
256 0.500000 3.500000 0.050000 0.000000 0.231436 -0.500000 3.116856
256 0.500000 3.500000 0.050000 0.000000 0.231285 0.500000 3.166330
256 0.500000 3.500000 0.050000 0.000000 0.248207 0.500000 3.116856
256 0.500000 3.500000 0.050000 0.000000 0.134127 0.500000 3.017908
256 0.500000 3.500000 0.050000 0.000000 0.229445 0.500000 3.166330
256 0.500000 3.500000 0.050000 0.000000 0.134280 0.500000 3.067382
256 0.500000 3.500000 0.050000 0.000000 0.200727 0.500000 3.116856
256 0.500000 3.500000 0.050000 0.000000 0.216492 0.500000 3.116856
256 0.500000 3.500000 0.050000 0.000000 0.176752 -0.500000 3.116856
256 0.500000 3.500000 0.050000 0.000000 0.199596 0.500000 3.067382
256 0.500000 3.500000 0.050000 0.000000 0.162140 -0.500000 3.116856
256 0.500000 3.500000 0.050000 0.000000 0.214424 0.500000 3.067382
256 0.500000 3.500000 0.050000 0.000000 0.189176 0.500000 3.067382
256 0.500000 3.500000 0.050000 0.000000 0.139859 0.500000 3.116856
256 0.500000 3.500000 0.050000 0.000000 0.206704 0.500000 3.116856
256 0.500000 3.500000 0.050000 0.000000 0.202008 0.500000 3.215804
256 0.500000 3.500000 0.050000 0.000000 0.170729 0.500000 3.067382
256 0.500000 3.500000 0.050000 0.000000 0.172187 -0.500000 3.067382
256 0.500000 3.500000 0.050000 0.000000 0.226567 0.500000 3.116856
256 0.500000 3.500000 0.050000 0.000000 0.215026 0.500000 3.166330
256 0.500000 3.500000 0.050000 0.000000 0.169173 0.500000 3.166330
256 0.500000 3.500000 0.050000 0.000000 0.224586 0.500000 3.166330
256 0.500000 3.500000 0.050000 0.000000 0.243048 -0.500000 3.215804
256 0.500000 3.500000 0.050000 0.000000 0.149101 0.500000 3.166330
256 0.500000 3.500000 0.050000 0.000000 0.194442 0.500000 3.166330
256 0.500000 3.500000 0.050000 0.000000 0.222827 0.500000 3.116856
256 0.500000 3.500000 0.050000 0.000000 0.253949 0.500000 3.215804
256 0.500000 3.500000 0.050000 0.000000 0.178447 0.500000 3.265277
256 0.500000 3.500000 0.050000 0.000000 0.208291 0.500000 3.116856
256 0.500000 3.500000 0.050000 0.000000 0.187662 0.500000 3.215804
256 0.500000 3.500000 0.050000 0.000000 0.134063 0.500000 3.166330
256 0.500000 3.500000 0.050000 0.000000 0.232180 0.500000 3.166330
256 0.500000 3.500000 0.050000 0.000000 0.192945 0.500000 3.166330
256 0.500000 3.500000 0.050000 0.000000 0.170517 0.500000 3.017908
256 0.500000 3.500000 0.050000 0.000000 0.215168 -0.500000 3.166330
256 0.500000 3.500000 0.050000 0.000000 0.210288 0.500000 3.067382
256 0.500000 3.500000 0.050000 0.000000 0.219221 0.500000 3.116856
256 0.500000 3.500000 0.050000 0.000000 0.177680 0.500000 3.166330
256 0.500000 3.500000 0.050000 0.000000 0.213511 0.500000 3.067382
256 0.500000 3.500000 0.050000 0.000000 0.239952 0.500000 3.166330
256 0.500000 3.500000 0.050000 0.000000 0.191670 0.500000 3.166330
256 0.500000 3.500000 0.050000 0.000000 0.230171 0.500000 3.116856
256 0.500000 3.500000 0.050000 0.000000 0.201898 -0.500000 3.314751
256 0.500000 3.500000 0.050000 0.000000 0.186476 0.500000 3.116856
256 0.500000 3.500000 0.050000 0.000000 0.202616 0.500000 3.166330
256 0.500000 3.500000 0.050000 0.000000 0.233012 -0.500000 3.116856
256 0.500000 3.500000 0.050000 0.000000 0.215138 0.500000 3.166330
256 0.500000 3.500000 0.050000 0.000000 0.222554 0.500000 3.116856
256 0.500000 3.500000 0.050000 0.000000 0.211068 0.500000 3.116856
256 0.500000 3.500000 0.050000 0.000000 0.179354 0.500000 3.166330
256 0.500000 3.500000 0.050000 0.000000 0.186681 -0.500000 3.067382
256 0.500000 3.500000 0.050000 0.000000 0.211991 0.500000 3.116856
256 0.500000 3.500000 0.050000 0.000000 0.193442 0.500000 3.166330
256 0.500000 3.500000 0.050000 0.000000 0.155491 0.500000 3.166330
256 0.500000 3.500000 0.050000 0.000000 0.245470 0.500000 3.166330
256 0.500000 3.500000 0.050000 0.000000 0.217802 0.500000 3.166330
256 0.500000 3.500000 0.050000 0.000000 0.189723 0.500000 3.116856
256 0.500000 3.500000 0.050000 0.000000 0.202847 -0.500000 3.067382
256 0.500000 3.500000 0.050000 0.000000 0.207522 0.500000 3.067382
256 0.500000 3.500000 0.050000 0.000000 0.174362 0.500000 3.265277
256 0.500000 3.500000 0.050000 0.000000 0.210761 0.500000 3.166330
256 0.500000 3.500000 0.050000 0.000000 0.251367 0.500000 3.166330
256 0.500000 3.500000 0.050000 0.000000 0.178694 0.500000 3.116856
256 0.500000 3.500000 0.050000 0.000000 0.189507 -0.500000 3.017908
256 0.500000 3.500000 0.050000 0.000000 0.170354 0.500000 3.166330
256 0.500000 3.500000 0.050000 0.000000 0.195481 0.500000 3.166330
256 0.500000 3.500000 0.050000 0.000000 0.170980 0.500000 3.116856
256 0.500000 3.500000 0.050000 0.000000 0.172255 -0.500000 3.067382
256 0.500000 3.500000 0.050000 0.000000 0.174525 -0.500000 3.116856
256 0.500000 3.500000 0.050000 0.000000 0.219001 0.500000 3.215804
256 0.500000 3.500000 0.050000 0.000000 0.211272 -0.500000 3.017908
256 0.500000 3.500000 0.050000 0.000000 0.110253 0.500000 3.265277
256 0.500000 3.500000 0.050000 0.000000 0.139315 0.500000 3.067382
256 0.500000 3.500000 0.050000 0.000000 0.193890 0.500000 3.067382
256 0.500000 3.500000 0.050000 0.000000 0.176972 0.500000 3.166330
256 0.500000 3.500000 0.050000 0.000000 0.217771 0.500000 3.116856
256 0.500000 3.500000 0.050000 0.000000 0.240033 0.500000 3.166330
256 0.500000 3.500000 0.050000 0.000000 0.201969 -0.500000 3.116856
256 0.500000 3.500000 0.050000 0.000000 0.213155 0.500000 3.166330
256 0.500000 3.500000 0.050000 0.000000 0.219221 0.500000 3.166330
256 0.500000 3.500000 0.050000 0.000000 0.174289 0.500000 3.067382
256 0.500000 3.500000 0.050000 0.000000 0.108956 0.500000 3.314751
256 0.500000 3.500000 0.050000 0.000000 0.276929 0.500000 3.166330
256 0.500000 3.500000 0.050000 0.000000 0.215361 0.500000 3.116856
256 0.500000 3.500000 0.050000 0.000000 0.210232 0.500000 3.166330
256 0.500000 3.500000 0.050000 0.000000 0.189644 0.500000 3.116856
256 0.500000 3.500000 0.050000 0.000000 0.201120 0.500000 3.116856
256 0.500000 3.500000 0.050000 0.000000 0.181778 0.500000 3.166330
256 0.500000 3.500000 0.050000 0.000000 0.225049 0.500000 3.166330
256 0.500000 3.500000 0.050000 0.000000 0.245215 0.500000 3.166330
256 0.500000 3.500000 0.050000 0.000000 0.203730 0.500000 3.067382
256 0.500000 3.500000 0.050000 0.000000 0.163927 0.500000 3.166330
256 0.500000 3.500000 0.050000 0.000000 0.110251 0.500000 3.017908
256 0.500000 3.500000 0.050000 0.000000 0.172824 0.500000 3.067382
256 0.500000 3.500000 0.050000 0.000000 0.179137 0.500000 3.116856
256 0.500000 3.500000 0.050000 0.000000 0.223221 0.500000 3.215804
256 0.500000 3.500000 0.050000 0.000000 0.203281 0.500000 3.116856
256 0.500000 3.500000 0.050000 0.000000 0.218586 0.500000 3.166330
256 0.500000 3.500000 0.050000 0.000000 0.180100 0.500000 3.017908
256 0.500000 3.500000 0.050000 0.000000 0.202700 0.500000 3.166330
256 0.500000 3.500000 0.050000 0.000000 0.206278 0.500000 3.116856
256 0.500000 3.500000 0.050000 0.000000 0.164836 0.500000 3.067382
256 0.500000 3.500000 0.050000 0.000000 0.172173 0.500000 3.166330
256 0.500000 3.500000 0.050000 0.000000 0.205614 0.500000 3.116856
256 0.500000 3.500000 0.050000 0.000000 0.250689 0.500000 3.067382
256 0.500000 3.500000 0.050000 0.000000 0.190084 0.500000 3.116856
256 0.500000 3.500000 0.050000 0.000000 0.206089 0.500000 3.116856
256 0.500000 3.500000 0.050000 0.000000 0.147811 0.500000 3.166330
256 0.500000 3.500000 0.050000 0.000000 0.071337 0.500000 3.314751
256 0.500000 3.500000 0.050000 0.000000 0.218651 -0.500000 3.116856
256 0.500000 3.500000 0.050000 0.000000 0.155888 0.500000 3.067382
256 0.500000 3.500000 0.050000 0.000000 0.232303 0.500000 3.116856
256 0.500000 3.500000 0.050000 0.000000 0.223024 -0.500000 3.166330
256 0.500000 3.500000 0.050000 0.000000 0.204686 0.500000 3.215804
256 0.500000 3.500000 0.050000 0.000000 0.231920 -0.500000 3.215804
256 0.500000 3.500000 0.050000 0.000000 0.246018 0.500000 3.166330
256 0.500000 3.500000 0.050000 0.000000 0.071012 0.500000 3.166330
256 0.500000 3.500000 0.050000 0.000000 0.192624 0.500000 3.166330
256 0.500000 3.500000 0.050000 0.000000 0.106128 0.500000 3.067382
256 0.500000 3.500000 0.050000 0.000000 0.247833 0.500000 3.166330
256 0.500000 3.500000 0.050000 0.000000 0.203314 0.500000 3.166330
256 0.500000 3.500000 0.050000 0.000000 0.167494 0.500000 3.116856
256 0.500000 3.500000 0.050000 0.000000 0.102498 -0.500000 3.017908
256 0.500000 3.500000 0.050000 0.000000 0.154876 -0.500000 3.067382
256 0.500000 3.500000 0.050000 0.000000 0.193640 0.500000 3.166330
256 0.500000 3.500000 0.050000 0.000000 0.269963 0.500000 3.166330
256 0.500000 3.500000 0.050000 0.000000 0.225711 0.500000 3.166330
256 0.500000 3.500000 0.050000 0.000000 0.211981 0.500000 3.215804
256 0.500000 3.500000 0.050000 0.000000 0.187207 0.500000 3.116856
256 0.500000 3.500000 0.050000 0.000000 0.158384 0.500000 3.116856
256 0.500000 3.500000 0.050000 0.000000 0.188243 0.500000 3.166330
256 0.500000 3.500000 0.050000 0.000000 0.170070 0.500000 3.017908
256 0.500000 3.500000 0.050000 0.000000 0.199248 0.500000 3.116856
256 0.500000 3.500000 0.050000 0.000000 0.161156 0.500000 3.215804
256 0.500000 3.500000 0.050000 0.000000 0.180134 0.500000 3.166330
256 0.500000 3.500000 0.050000 0.000000 0.247244 -0.500000 3.116856
256 0.500000 3.500000 0.050000 0.000000 0.159872 -0.500000 3.017908
256 0.500000 3.500000 0.050000 0.000000 0.200418 -0.500000 3.166330
256 0.500000 3.500000 0.050000 0.000000 0.216679 0.500000 3.116856
256 0.500000 3.500000 0.050000 0.000000 0.240064 0.500000 3.166330
256 0.500000 3.500000 0.050000 0.000000 0.153901 0.500000 3.215804
256 0.500000 3.500000 0.050000 0.000000 0.229580 0.500000 3.166330
256 0.500000 3.500000 0.050000 0.000000 0.171108 0.500000 3.166330
256 0.500000 3.500000 0.050000 0.000000 0.156352 0.500000 3.067382
256 0.500000 3.500000 0.050000 0.000000 0.200346 0.500000 3.166330
256 0.500000 3.500000 0.050000 0.000000 0.166774 0.500000 3.116856
256 0.500000 3.500000 0.050000 0.000000 0.223651 0.500000 3.166330
256 0.500000 3.500000 0.050000 0.000000 0.180349 0.500000 3.166330
256 0.500000 3.500000 0.050000 0.000000 0.192302 -0.500000 3.166330
256 0.500000 3.500000 0.050000 0.000000 0.174708 0.500000 3.166330
256 0.500000 3.500000 0.050000 0.000000 0.085697 0.500000 2.968434
256 0.500000 3.500000 0.050000 0.000000 0.172027 0.500000 3.067382
256 0.500000 3.500000 0.050000 0.000000 0.181099 0.500000 3.067382
256 0.500000 3.500000 0.050000 0.000000 0.184230 0.500000 3.116856
256 0.500000 3.500000 0.050000 0.000000 0.170506 0.500000 3.166330
256 0.500000 3.500000 0.050000 0.000000 0.176591 0.500000 3.017908
256 0.500000 3.500000 0.050000 0.000000 0.246152 0.500000 3.116856
256 0.500000 3.500000 0.050000 0.000000 0.179867 -0.500000 3.067382
256 0.500000 3.500000 0.050000 0.000000 0.205298 0.500000 3.116856
256 0.500000 3.500000 0.050000 0.000000 0.253626 -0.500000 3.116856
256 0.500000 3.500000 0.050000 0.000000 0.177562 0.500000 3.017908
256 0.500000 3.500000 0.050000 0.000000 0.216594 0.500000 3.166330
256 0.500000 3.500000 0.050000 0.000000 0.232124 0.500000 3.166330
256 0.500000 3.500000 0.050000 0.000000 0.163927 0.500000 3.166330
256 0.500000 3.500000 0.050000 0.000000 0.179182 -0.500000 3.116856
256 0.500000 3.500000 0.050000 0.000000 0.135302 -0.500000 3.215804
256 0.500000 3.500000 0.050000 0.000000 0.185055 0.500000 3.166330
256 0.500000 3.500000 0.050000 0.000000 0.270268 0.500000 3.166330
256 0.500000 3.500000 0.050000 0.000000 0.178833 0.500000 3.166330
256 0.500000 3.500000 0.050000 0.000000 0.179086 0.500000 3.067382
256 0.500000 3.500000 0.050000 0.000000 0.224964 0.500000 3.166330
256 0.500000 3.500000 0.050000 0.000000 0.180615 0.500000 3.215804
256 0.500000 3.500000 0.050000 0.000000 0.183272 0.500000 3.067382
256 0.500000 3.500000 0.050000 0.000000 0.173560 0.500000 3.067382
256 0.500000 3.500000 0.050000 0.000000 0.207055 0.500000 3.067382
256 0.500000 3.500000 0.050000 0.000000 0.156599 0.500000 3.166330
256 0.500000 3.500000 0.050000 0.000000 0.216791 0.500000 3.116856
256 0.500000 3.500000 0.050000 0.000000 0.171377 0.500000 3.067382
256 0.500000 3.500000 0.050000 0.000000 0.224570 0.500000 3.166330
256 0.500000 3.500000 0.050000 0.000000 0.170448 0.500000 3.067382
256 0.500000 3.500000 0.050000 0.000000 0.296420 0.500000 3.166330
256 0.500000 3.500000 0.050000 0.000000 0.197194 0.500000 3.067382
256 0.500000 3.500000 0.050000 0.000000 0.239014 0.500000 3.166330
256 0.500000 3.500000 0.050000 0.000000 0.224654 0.500000 3.116856
256 0.500000 3.500000 0.050000 0.000000 0.179607 0.500000 3.215804
256 0.500000 3.500000 0.050000 0.000000 0.227793 0.500000 3.116856
256 0.500000 3.500000 0.050000 0.000000 0.171999 0.500000 3.067382
256 0.500000 3.500000 0.050000 0.000000 0.146908 0.500000 3.067382
256 0.500000 3.500000 0.050000 0.000000 0.104158 0.500000 3.017908
256 0.500000 3.500000 0.050000 0.000000 0.116349 0.500000 3.017908
256 0.500000 3.500000 0.050000 0.000000 0.173533 0.500000 3.116856
256 0.500000 3.500000 0.050000 0.000000 0.193033 0.500000 3.116856
256 0.500000 3.500000 0.050000 0.000000 0.240743 -0.500000 3.116856
256 0.500000 3.500000 0.050000 0.000000 0.203159 0.500000 3.166330
256 0.500000 3.500000 0.050000 0.000000 0.180470 0.500000 3.116856
256 0.500000 3.500000 0.050000 0.000000 0.177496 0.500000 3.215804
256 0.500000 3.500000 0.050000 0.000000 0.209658 0.500000 3.166330
256 0.500000 3.500000 0.050000 0.000000 0.184088 0.500000 3.116856
256 0.500000 3.500000 0.050000 0.000000 0.161944 0.500000 3.314751
256 0.500000 3.500000 0.050000 0.000000 0.172770 0.500000 3.067382
256 0.500000 3.500000 0.050000 0.000000 0.221393 0.500000 3.116856
256 0.500000 3.500000 0.050000 0.000000 0.162649 0.500000 3.116856
256 0.500000 3.500000 0.050000 0.000000 0.218414 0.500000 3.116856
256 0.500000 3.500000 0.050000 0.000000 0.183686 0.500000 3.067382
256 0.500000 3.500000 0.050000 0.000000 0.166457 0.500000 3.116856
256 0.500000 3.500000 0.050000 0.000000 0.238808 0.500000 3.166330
256 0.500000 3.500000 0.050000 0.000000 0.226274 0.500000 3.116856
256 0.500000 3.500000 0.050000 0.000000 0.220327 0.500000 3.116856
256 0.500000 3.500000 0.050000 0.000000 0.219218 0.500000 3.116856
256 0.500000 3.500000 0.050000 0.000000 0.173596 0.500000 3.116856
256 0.500000 3.500000 0.050000 0.000000 0.216084 0.500000 3.166330
256 0.500000 3.500000 0.050000 0.000000 0.210085 0.500000 3.116856
256 0.500000 3.500000 0.050000 0.000000 0.185046 0.500000 3.067382
256 0.500000 3.500000 0.050000 0.000000 0.231658 0.500000 3.116856
256 0.500000 3.500000 0.050000 0.000000 0.194710 0.500000 3.116856
256 0.500000 3.500000 0.050000 0.000000 0.192357 0.500000 3.017908
256 0.500000 3.500000 0.050000 0.000000 0.182114 0.500000 3.067382
256 0.500000 3.500000 0.050000 0.000000 0.194943 0.500000 3.166330
256 0.500000 3.500000 0.050000 0.000000 0.174259 0.500000 3.067382
256 0.500000 3.500000 0.050000 0.000000 0.173993 -0.500000 3.116856
256 0.500000 3.500000 0.050000 0.000000 0.262907 -0.500000 3.166330
256 0.500000 3.500000 0.050000 0.000000 0.191884 0.500000 3.116856
256 0.500000 3.500000 0.050000 0.000000 0.194489 -0.500000 3.116856
256 0.500000 3.500000 0.050000 0.000000 0.193125 0.500000 3.116856
256 0.500000 3.500000 0.050000 0.000000 0.283104 0.500000 3.166330
256 0.500000 3.500000 0.050000 0.000000 0.187637 0.500000 3.166330
256 0.500000 3.500000 0.050000 0.000000 0.161719 0.500000 3.166330
256 0.500000 3.500000 0.050000 0.000000 0.200256 0.500000 3.116856
256 0.500000 3.500000 0.050000 0.000000 0.211589 0.500000 3.116856
256 0.500000 3.500000 0.050000 0.000000 0.172046 0.500000 3.067382
256 0.500000 3.500000 0.050000 0.000000 0.209378 0.500000 3.067382
256 0.500000 3.500000 0.050000 0.000000 0.201311 -0.500000 3.116856
256 0.500000 3.500000 0.050000 0.000000 0.162530 0.500000 3.067382
256 0.500000 3.500000 0.050000 0.000000 0.226720 0.500000 3.166330
256 0.500000 3.500000 0.050000 0.000000 0.200779 0.500000 3.067382
256 0.500000 3.500000 0.050000 0.000000 0.238649 0.500000 3.116856
256 0.500000 3.500000 0.050000 0.000000 0.171683 -0.500000 3.067382
256 0.500000 3.500000 0.050000 0.000000 0.251337 0.500000 3.166330
256 0.500000 3.500000 0.050000 0.000000 0.229618 0.500000 3.166330
256 0.500000 3.500000 0.050000 0.000000 0.198402 0.500000 3.116856
256 0.500000 3.500000 0.050000 0.000000 0.210114 0.500000 3.116856
256 0.500000 3.500000 0.050000 0.000000 0.168269 0.500000 3.067382
256 0.500000 3.500000 0.050000 0.000000 0.199450 0.500000 3.116856
256 0.500000 3.500000 0.050000 0.000000 0.209254 0.500000 3.116856
256 0.500000 3.500000 0.050000 0.000000 0.184637 -0.500000 3.116856
256 0.500000 3.500000 0.050000 0.000000 0.217305 0.500000 3.166330
256 0.500000 3.500000 0.050000 0.000000 0.240378 0.500000 3.166330
256 0.500000 3.500000 0.050000 0.000000 0.245156 -0.500000 3.166330
256 0.500000 3.500000 0.050000 0.000000 0.172618 0.500000 3.166330
256 0.500000 3.500000 0.050000 0.000000 0.178604 0.500000 3.166330
256 0.500000 3.500000 0.050000 0.000000 0.150643 0.500000 3.116856
256 0.500000 3.500000 0.050000 0.000000 0.180574 -0.500000 3.067382
256 0.500000 3.500000 0.050000 0.000000 0.204398 0.500000 3.166330
256 0.500000 3.500000 0.050000 0.000000 0.209189 0.500000 3.166330
256 0.500000 3.500000 0.050000 0.000000 0.234437 0.500000 3.166330
256 0.500000 3.500000 0.050000 0.000000 0.169903 0.500000 3.116856
256 0.500000 3.500000 0.050000 0.000000 0.185786 0.500000 3.116856
256 0.500000 3.500000 0.050000 0.000000 0.177739 0.500000 3.067382
256 0.500000 3.500000 0.050000 0.000000 0.202498 0.500000 3.166330
256 0.500000 3.500000 0.050000 0.000000 0.193130 0.500000 3.166330
256 0.500000 3.500000 0.050000 0.000000 0.154012 0.500000 3.116856
256 0.500000 3.500000 0.050000 0.000000 0.225715 -0.500000 3.166330
256 0.500000 3.500000 0.050000 0.000000 0.259947 0.500000 3.116856
256 0.500000 3.500000 0.050000 0.000000 0.185882 -0.500000 3.067382
256 0.500000 3.500000 0.050000 0.000000 0.177643 -0.500000 3.166330
256 0.500000 3.500000 0.050000 0.000000 0.110441 0.500000 3.017908
256 0.500000 3.500000 0.050000 0.000000 0.181023 -0.500000 3.166330
256 0.500000 3.500000 0.050000 0.000000 0.212908 0.500000 3.215804
256 0.500000 3.500000 0.050000 0.000000 0.209666 0.500000 3.166330
256 0.500000 3.500000 0.050000 0.000000 0.194451 0.500000 3.166330
256 0.500000 3.500000 0.050000 0.000000 0.223406 -0.500000 3.166330
256 0.500000 3.500000 0.050000 0.000000 0.231562 0.500000 3.116856
256 0.500000 3.500000 0.050000 0.000000 0.220604 0.500000 3.166330
256 0.500000 3.500000 0.050000 0.000000 0.101285 0.500000 3.166330
256 0.500000 3.500000 0.050000 0.000000 0.172562 0.500000 3.017908
256 0.500000 3.500000 0.050000 0.000000 0.139566 0.500000 2.918960
256 0.500000 3.500000 0.050000 0.000000 0.228885 0.500000 3.166330
256 0.500000 3.500000 0.050000 0.000000 0.190995 0.500000 3.166330
256 0.500000 3.500000 0.050000 0.000000 0.186730 0.500000 3.067382
256 0.500000 3.500000 0.050000 0.000000 0.137856 0.500000 3.067382
256 0.500000 3.500000 0.050000 0.000000 0.195504 0.500000 3.067382
256 0.500000 3.500000 0.050000 0.000000 0.159659 0.500000 3.166330
256 0.500000 3.500000 0.050000 0.000000 0.224154 0.500000 3.166330
256 0.500000 3.500000 0.050000 0.000000 0.166088 0.500000 3.166330
256 0.500000 3.500000 0.050000 0.000000 0.190773 -0.500000 3.067382
256 0.500000 3.500000 0.050000 0.000000 0.225271 0.500000 3.116856
256 0.500000 3.500000 0.050000 0.000000 0.189099 -0.500000 3.116856
256 0.500000 3.500000 0.050000 0.000000 0.240117 0.500000 3.166330
256 0.500000 3.500000 0.050000 0.000000 0.209875 0.500000 3.116856
256 0.500000 3.500000 0.050000 0.000000 0.158488 0.500000 3.166330
256 0.500000 3.500000 0.050000 0.000000 0.187782 0.500000 3.116856
256 0.500000 3.500000 0.050000 0.000000 0.230067 0.500000 3.166330
256 0.500000 3.500000 0.050000 0.000000 0.217761 -0.500000 3.116856
256 0.500000 3.500000 0.050000 0.000000 0.222008 0.500000 3.215804
256 0.500000 3.500000 0.050000 0.000000 0.218723 0.500000 3.215804
256 0.500000 3.500000 0.050000 0.000000 0.172412 -0.500000 3.067382
256 0.500000 3.500000 0.050000 0.000000 0.208843 0.500000 3.116856
256 0.500000 3.500000 0.050000 0.000000 0.207166 0.500000 3.265277
256 0.500000 3.500000 0.050000 0.000000 0.247820 0.500000 3.116856
256 0.500000 3.500000 0.050000 0.000000 0.203015 -0.500000 3.067382
256 0.500000 3.500000 0.050000 0.000000 0.164608 0.500000 3.265277
256 0.500000 3.500000 0.050000 0.000000 0.158553 -0.500000 3.116856
256 0.500000 3.500000 0.050000 0.000000 0.150578 0.500000 3.067382
256 0.500000 3.500000 0.050000 0.000000 0.155166 0.500000 3.166330
256 0.500000 3.500000 0.050000 0.000000 0.163040 -0.500000 3.067382
256 0.500000 3.500000 0.050000 0.000000 0.210065 -0.500000 3.166330
256 0.500000 3.500000 0.050000 0.000000 0.179790 0.500000 3.116856
256 0.500000 3.500000 0.050000 0.000000 0.150079 0.500000 3.265277
256 0.500000 3.500000 0.050000 0.000000 0.209418 0.500000 3.166330
256 0.500000 3.500000 0.050000 0.000000 0.155250 0.500000 3.166330
256 0.500000 3.500000 0.050000 0.000000 0.181035 0.500000 3.067382
256 0.500000 3.500000 0.050000 0.000000 0.205086 0.500000 3.166330
256 0.500000 3.500000 0.050000 0.000000 0.179607 0.500000 3.067382
256 0.500000 3.500000 0.050000 0.000000 0.209850 -0.500000 3.116856
256 0.500000 3.500000 0.050000 0.000000 0.258692 0.500000 3.116856
256 0.500000 3.500000 0.050000 0.000000 0.231865 0.500000 3.166330
256 0.500000 3.500000 0.050000 0.000000 0.231274 0.500000 3.116856
256 0.500000 3.500000 0.050000 0.000000 0.164233 -0.500000 3.067382
256 0.500000 3.500000 0.050000 0.000000 0.239462 0.500000 3.166330
256 0.500000 3.500000 0.050000 0.000000 0.194585 0.500000 3.166330
256 0.500000 3.500000 0.050000 0.000000 0.186641 0.500000 3.166330
256 0.500000 3.500000 0.050000 0.000000 0.221922 -0.500000 3.166330
256 0.500000 3.500000 0.050000 0.000000 0.260698 0.500000 3.166330
256 0.500000 3.500000 0.050000 0.000000 0.249838 0.500000 3.166330
256 0.500000 3.500000 0.050000 0.000000 0.192023 -0.500000 3.067382
256 0.500000 3.500000 0.050000 0.000000 0.225591 -0.500000 3.166330
256 0.500000 3.500000 0.050000 0.000000 0.187982 0.500000 3.166330
256 0.500000 3.500000 0.050000 0.000000 0.173016 -0.500000 3.116856
256 0.500000 3.500000 0.050000 0.000000 0.195723 0.500000 3.067382
256 0.500000 3.500000 0.050000 0.000000 0.191854 0.500000 3.166330
256 0.500000 3.500000 0.050000 0.000000 0.195855 0.500000 3.067382
256 0.500000 3.500000 0.050000 0.000000 0.225772 0.500000 3.166330
256 0.500000 3.500000 0.050000 0.000000 0.171780 0.500000 3.215804
256 0.500000 3.500000 0.050000 0.000000 0.197736 0.500000 3.067382
256 0.500000 3.500000 0.050000 0.000000 0.218177 0.500000 3.166330
256 0.500000 3.500000 0.050000 0.000000 0.225196 0.500000 3.166330
256 0.500000 3.500000 0.050000 0.000000 0.221407 0.500000 3.067382
256 0.500000 3.500000 0.050000 0.000000 0.199717 0.500000 3.067382
256 0.500000 3.500000 0.050000 0.000000 0.153766 -0.500000 3.116856
256 0.500000 3.500000 0.050000 0.000000 0.149511 -0.500000 3.017908
256 0.500000 3.500000 0.050000 0.000000 0.148384 -0.500000 3.166330
256 0.500000 3.500000 0.050000 0.000000 0.233384 0.500000 3.116856
256 0.500000 3.500000 0.050000 0.000000 0.218990 0.500000 3.116856
256 0.500000 3.500000 0.050000 0.000000 0.233633 0.500000 3.215804
256 0.500000 3.500000 0.050000 0.000000 0.139987 -0.500000 2.869486
256 0.500000 3.500000 0.050000 0.000000 0.171432 0.500000 3.067382
256 0.500000 3.500000 0.050000 0.000000 0.167812 -0.500000 3.067382
256 0.500000 3.500000 0.050000 0.000000 0.178575 0.500000 3.067382
256 0.500000 3.500000 0.050000 0.000000 0.063386 0.500000 2.968434
256 0.500000 3.500000 0.050000 0.000000 0.177855 0.500000 3.215804
256 0.500000 3.500000 0.050000 0.000000 0.228981 0.500000 3.166330
256 0.500000 3.500000 0.050000 0.000000 0.238349 0.500000 3.166330
256 0.500000 3.500000 0.050000 0.000000 0.177195 0.500000 3.166330
256 0.500000 3.500000 0.050000 0.000000 0.215615 0.500000 3.166330
256 0.500000 3.500000 0.050000 0.000000 0.186627 -0.500000 3.116856
256 0.500000 3.500000 0.050000 0.000000 0.183463 0.500000 3.067382
256 0.500000 3.500000 0.050000 0.000000 0.231802 0.500000 3.166330
256 0.500000 3.500000 0.050000 0.000000 0.117149 0.500000 3.067382
256 0.500000 3.500000 0.050000 0.000000 0.163574 -0.500000 3.017908
256 0.500000 3.500000 0.050000 0.000000 0.189329 0.500000 3.166330
256 0.500000 3.500000 0.050000 0.000000 0.215100 0.500000 3.166330
256 0.500000 3.500000 0.050000 0.000000 0.184312 0.500000 3.166330
256 0.500000 3.500000 0.050000 0.000000 0.140580 0.500000 3.067382
256 0.500000 3.500000 0.050000 0.000000 0.259839 0.500000 3.166330
256 0.500000 3.500000 0.050000 0.000000 0.195063 0.500000 3.116856
256 0.500000 3.500000 0.050000 0.000000 0.186054 0.500000 3.067382
256 0.500000 3.500000 0.050000 0.000000 0.132049 0.500000 3.067382
256 0.500000 3.500000 0.050000 0.000000 0.218479 0.500000 3.265277
256 0.500000 3.500000 0.050000 0.000000 0.171453 0.500000 3.166330
256 0.500000 3.500000 0.050000 0.000000 0.204146 0.500000 3.166330
256 0.500000 3.500000 0.050000 0.000000 0.210060 0.500000 3.116856
256 0.500000 3.500000 0.050000 0.000000 0.195223 0.500000 3.067382
256 0.500000 3.500000 0.050000 0.000000 0.178073 0.500000 3.116856
256 0.500000 3.500000 0.050000 0.000000 0.203822 0.500000 3.116856
256 0.500000 3.500000 0.050000 0.000000 0.134752 0.500000 3.116856
256 0.500000 3.500000 0.050000 0.000000 0.195359 0.500000 3.116856
256 0.500000 3.500000 0.050000 0.000000 0.252372 0.500000 3.166330
256 0.500000 3.500000 0.050000 0.000000 0.169270 0.500000 3.166330
256 0.500000 3.500000 0.050000 0.000000 0.186034 0.500000 3.116856
256 0.500000 3.500000 0.050000 0.000000 0.184845 0.500000 3.067382
256 0.500000 3.500000 0.050000 0.000000 0.167143 0.500000 3.166330
256 0.500000 3.500000 0.050000 0.000000 0.148556 0.500000 3.116856
256 0.500000 3.500000 0.050000 0.000000 0.248338 0.500000 3.166330
256 0.500000 3.500000 0.050000 0.000000 0.205157 0.500000 3.166330
256 0.500000 3.500000 0.050000 0.000000 0.207687 0.500000 3.116856
256 0.500000 3.500000 0.050000 0.000000 0.143497 0.500000 3.166330
256 0.500000 3.500000 0.050000 0.000000 0.194911 -0.500000 3.116856
256 0.500000 3.500000 0.050000 0.000000 0.193311 0.500000 3.116856
256 0.500000 3.500000 0.050000 0.000000 0.158634 -0.500000 3.116856
256 0.500000 3.500000 0.050000 0.000000 0.188508 -0.500000 3.116856
256 0.500000 3.500000 0.050000 0.000000 0.217303 0.500000 3.116856
256 0.500000 3.500000 0.050000 0.000000 0.218625 0.500000 3.166330
256 0.500000 3.500000 0.050000 0.000000 0.131289 0.500000 3.166330
256 0.500000 3.500000 0.050000 0.000000 0.241120 -0.500000 3.166330
256 0.500000 3.500000 0.050000 0.000000 0.212118 0.500000 3.166330
256 0.500000 3.500000 0.050000 0.000000 0.189378 0.500000 3.116856
256 0.500000 3.500000 0.050000 0.000000 0.200750 0.500000 3.166330
256 0.500000 3.500000 0.050000 0.000000 0.233038 0.500000 3.166330
256 0.500000 3.500000 0.050000 0.000000 0.182023 0.500000 3.067382
256 0.500000 3.500000 0.050000 0.000000 0.187376 0.500000 3.166330
256 0.500000 3.500000 0.050000 0.000000 0.080448 0.500000 3.166330
256 0.500000 3.500000 0.050000 0.000000 0.212146 0.500000 3.166330
256 0.500000 3.500000 0.050000 0.000000 0.139083 0.500000 2.968434
256 0.500000 3.500000 0.050000 0.000000 0.192182 0.500000 3.116856
256 0.500000 3.500000 0.050000 0.000000 0.179492 0.500000 3.067382
256 0.500000 3.500000 0.050000 0.000000 0.247055 0.500000 3.215804
256 0.500000 3.500000 0.050000 0.000000 0.200149 -0.500000 3.166330
256 0.500000 3.500000 0.050000 0.000000 0.157151 -0.500000 3.116856
256 0.500000 3.500000 0.050000 0.000000 0.284752 0.500000 3.166330
256 0.500000 3.500000 0.050000 0.000000 0.234786 0.500000 3.116856
256 0.500000 3.500000 0.050000 0.000000 0.250326 -0.500000 3.215804
256 0.500000 3.500000 0.050000 0.000000 0.195926 0.500000 3.116856
256 0.500000 3.500000 0.050000 0.000000 0.186601 0.500000 3.067382
256 0.500000 3.500000 0.050000 0.000000 0.177704 0.500000 3.116856
256 0.500000 3.500000 0.050000 0.000000 0.164197 0.500000 3.116856
256 0.500000 3.500000 0.050000 0.000000 0.213365 0.500000 3.116856
256 0.500000 3.500000 0.050000 0.000000 0.248059 0.500000 3.166330
256 0.500000 3.500000 0.050000 0.000000 0.200999 0.500000 3.166330
256 0.500000 3.500000 0.050000 0.000000 0.156364 0.500000 3.166330
256 0.500000 3.500000 0.050000 0.000000 0.232887 0.500000 3.116856
256 0.500000 3.500000 0.050000 0.000000 0.215751 0.500000 3.166330
256 0.500000 3.500000 0.050000 0.000000 0.187331 -0.500000 3.265277
256 0.500000 3.500000 0.050000 0.000000 0.185441 0.500000 3.116856
256 0.500000 3.500000 0.050000 0.000000 0.171741 0.500000 3.067382
256 0.500000 3.500000 0.050000 0.000000 0.223410 0.500000 3.166330
256 0.500000 3.500000 0.050000 0.000000 0.158208 0.500000 3.166330
256 0.500000 3.500000 0.050000 0.000000 0.231651 0.500000 3.166330
256 0.500000 3.500000 0.050000 0.000000 0.245866 0.500000 3.166330
256 0.500000 3.500000 0.050000 0.000000 0.170404 0.500000 3.116856
256 0.500000 3.500000 0.050000 0.000000 0.219209 0.500000 3.166330
256 0.500000 3.500000 0.050000 0.000000 0.224499 0.500000 3.116856
256 0.500000 3.500000 0.050000 0.000000 0.218413 0.500000 3.116856
256 0.500000 3.500000 0.050000 0.000000 0.252183 -0.500000 3.116856
256 0.500000 3.500000 0.050000 0.000000 0.225104 0.500000 3.166330
256 0.500000 3.500000 0.050000 0.000000 0.231466 0.500000 3.116856
256 0.500000 3.500000 0.050000 0.000000 0.148588 0.500000 3.166330
256 0.500000 3.500000 0.050000 0.000000 0.216823 0.500000 3.067382
256 0.500000 3.500000 0.050000 0.000000 0.223826 0.500000 3.116856
256 0.500000 3.500000 0.050000 0.000000 0.196505 -0.500000 3.215804
256 0.500000 3.500000 0.050000 0.000000 0.210342 0.500000 3.116856
256 0.500000 3.500000 0.050000 0.000000 0.198755 0.500000 3.067382
256 0.500000 3.500000 0.050000 0.000000 0.203410 0.500000 3.116856
256 0.500000 3.500000 0.050000 0.000000 0.222077 -0.500000 3.166330
256 0.500000 3.500000 0.050000 0.000000 0.219130 0.500000 3.166330
256 0.500000 3.500000 0.050000 0.000000 0.170547 0.500000 3.166330
256 0.500000 3.500000 0.050000 0.000000 0.194460 0.500000 3.116856
256 0.500000 3.500000 0.050000 0.000000 0.200128 0.500000 3.067382
256 0.500000 3.500000 0.050000 0.000000 0.200654 0.500000 3.067382
256 0.500000 3.500000 0.050000 0.000000 0.216759 0.500000 3.166330
256 0.500000 3.500000 0.050000 0.000000 0.192884 0.500000 3.067382
256 0.500000 3.500000 0.050000 0.000000 0.186197 -0.500000 3.067382
256 0.500000 3.500000 0.050000 0.000000 0.172768 -0.500000 3.215804
256 0.500000 3.500000 0.050000 0.000000 0.217877 0.500000 3.166330
256 0.500000 3.500000 0.050000 0.000000 0.212392 0.500000 3.116856
256 0.500000 3.500000 0.050000 0.000000 0.181056 -0.500000 3.067382
256 0.500000 3.500000 0.050000 0.000000 0.178562 -0.500000 3.166330
256 0.500000 3.500000 0.050000 0.000000 0.203167 0.500000 3.215804
256 0.500000 3.500000 0.050000 0.000000 0.151511 0.500000 3.067382
256 0.500000 3.500000 0.050000 0.000000 0.238890 0.500000 3.116856
256 0.500000 3.500000 0.050000 0.000000 0.210192 0.500000 3.166330
256 0.500000 3.500000 0.050000 0.000000 0.200881 0.500000 3.017908
256 0.500000 3.500000 0.050000 0.000000 0.149018 -0.500000 3.067382
256 0.500000 3.500000 0.050000 0.000000 0.153419 0.500000 3.017908
256 0.500000 3.500000 0.050000 0.000000 0.229896 0.500000 3.166330
256 0.500000 3.500000 0.050000 0.000000 0.087431 -0.500000 3.017908
256 0.500000 3.500000 0.050000 0.000000 0.226349 0.500000 3.116856
256 0.500000 3.500000 0.050000 0.000000 0.169266 0.500000 3.017908
256 0.500000 3.500000 0.050000 0.000000 0.180024 0.500000 3.166330
256 0.500000 3.500000 0.050000 0.000000 0.199695 0.500000 3.166330
256 0.500000 3.500000 0.050000 0.000000 0.228645 -0.500000 3.166330
256 0.500000 3.500000 0.050000 0.000000 0.214026 0.500000 3.116856
256 0.500000 3.500000 0.050000 0.000000 0.223538 -0.500000 3.166330
256 0.500000 3.500000 0.050000 0.000000 0.197015 0.500000 3.166330
256 0.500000 3.500000 0.050000 0.000000 0.165037 -0.500000 3.166330
256 0.500000 3.500000 0.050000 0.000000 0.123357 -0.500000 3.017908
256 0.500000 3.500000 0.050000 0.000000 0.223212 0.500000 3.166330
256 0.500000 3.500000 0.050000 0.000000 0.197988 0.500000 3.166330
256 0.500000 3.500000 0.050000 0.000000 0.230875 0.500000 3.166330
256 0.500000 3.500000 0.050000 0.000000 0.180971 0.500000 3.067382
256 0.500000 3.500000 0.050000 0.000000 0.248029 0.500000 3.116856
256 0.500000 3.500000 0.050000 0.000000 0.223028 0.500000 3.116856
256 0.500000 3.500000 0.050000 0.000000 0.161761 0.500000 3.116856
256 0.500000 3.500000 0.050000 0.000000 0.111382 0.500000 3.166330
256 0.500000 3.500000 0.050000 0.000000 0.171003 0.500000 3.067382
256 0.500000 3.500000 0.050000 0.000000 0.209512 0.500000 3.215804
256 0.500000 3.500000 0.050000 0.000000 0.232936 0.500000 3.116856
256 0.500000 3.500000 0.050000 0.000000 0.188523 0.500000 3.116856
256 0.500000 3.500000 0.050000 0.000000 0.187963 0.500000 3.067382
256 0.500000 3.500000 0.050000 0.000000 0.169410 0.500000 3.116856
256 0.500000 3.500000 0.050000 0.000000 0.224740 -0.500000 3.116856
256 0.500000 3.500000 0.050000 0.000000 0.220117 -0.500000 3.166330
256 0.500000 3.500000 0.050000 0.000000 0.140723 0.500000 3.067382
256 0.500000 3.500000 0.050000 0.000000 0.201851 0.500000 3.116856
256 0.500000 3.500000 0.050000 0.000000 0.187250 0.500000 3.116856
256 0.500000 3.500000 0.050000 0.000000 0.127178 -0.500000 3.166330
256 0.500000 3.500000 0.050000 0.000000 0.200751 0.500000 3.067382
256 0.500000 3.500000 0.050000 0.000000 0.233036 0.500000 3.166330
256 0.500000 3.500000 0.050000 0.000000 0.178221 0.500000 3.166330
256 0.500000 3.500000 0.050000 0.000000 0.229675 0.500000 3.215804
256 0.500000 3.500000 0.050000 0.000000 0.239769 -0.500000 3.116856
256 0.500000 3.500000 0.050000 0.000000 0.190831 0.500000 3.166330
256 0.500000 3.500000 0.050000 0.000000 0.182845 -0.500000 3.166330
256 0.500000 3.500000 0.050000 0.000000 0.185915 0.500000 3.166330
256 0.500000 3.500000 0.050000 0.000000 0.226879 0.500000 3.116856
256 0.500000 3.500000 0.050000 0.000000 0.150731 -0.500000 3.116856
256 0.500000 3.500000 0.050000 0.000000 0.209145 0.500000 3.116856
256 0.500000 3.500000 0.050000 0.000000 0.146559 0.500000 2.918960
256 0.500000 3.500000 0.050000 0.000000 0.226141 0.500000 3.166330
256 0.500000 3.500000 0.050000 0.000000 0.258036 0.500000 3.166330
256 0.500000 3.500000 0.050000 0.000000 0.193600 0.500000 3.215804
256 0.500000 3.500000 0.050000 0.000000 0.170590 0.500000 3.116856
256 0.500000 3.500000 0.050000 0.000000 0.186722 0.500000 3.067382
256 0.500000 3.500000 0.050000 0.000000 0.240033 0.500000 3.166330
256 0.500000 3.500000 0.050000 0.000000 0.224351 0.500000 3.166330
256 0.500000 3.500000 0.050000 0.000000 0.205378 0.500000 3.116856
256 0.500000 3.500000 0.050000 0.000000 0.202408 0.500000 3.116856
256 0.500000 3.500000 0.050000 0.000000 0.164497 0.500000 3.067382
256 0.500000 3.500000 0.050000 0.000000 0.193473 0.500000 3.166330
256 0.500000 3.500000 0.050000 0.000000 0.171288 0.500000 3.067382
256 0.500000 3.500000 0.050000 0.000000 0.217711 0.500000 3.116856
256 0.500000 3.500000 0.050000 0.000000 0.188010 0.500000 3.166330
256 0.500000 3.500000 0.050000 0.000000 0.202878 0.500000 3.215804
256 0.500000 3.500000 0.050000 0.000000 0.172664 -0.500000 3.067382
256 0.500000 3.500000 0.050000 0.000000 0.195125 0.500000 3.116856
256 0.500000 3.500000 0.050000 0.000000 0.172808 0.500000 3.116856
256 0.500000 3.500000 0.050000 0.000000 0.155728 -0.500000 3.215804
256 0.500000 3.500000 0.050000 0.000000 0.190570 0.500000 3.067382
256 0.500000 3.500000 0.050000 0.000000 0.179086 0.500000 3.017908
256 0.500000 3.500000 0.050000 0.000000 0.189026 0.500000 3.017908
256 0.500000 3.500000 0.050000 0.000000 0.201987 0.500000 3.215804
256 0.500000 3.500000 0.050000 0.000000 0.234021 0.500000 3.166330
256 0.500000 3.500000 0.050000 0.000000 0.183847 -0.500000 3.166330
256 0.500000 3.500000 0.050000 0.000000 0.276124 0.500000 3.166330
256 0.500000 3.500000 0.050000 0.000000 0.225515 0.500000 3.116856
256 0.500000 3.500000 0.050000 0.000000 0.237984 0.500000 3.215804
256 0.500000 3.500000 0.050000 0.000000 0.231576 0.500000 3.166330
256 0.500000 3.500000 0.050000 0.000000 0.224407 -0.500000 3.215804
256 0.500000 3.500000 0.050000 0.000000 0.222007 0.500000 3.116856
256 0.500000 3.500000 0.050000 0.000000 0.219792 0.500000 3.166330
256 0.500000 3.500000 0.050000 0.000000 0.149139 -0.500000 3.166330
256 0.500000 3.500000 0.050000 0.000000 0.185679 -0.500000 3.067382
256 0.500000 3.500000 0.050000 0.000000 0.263248 0.500000 3.166330
256 0.500000 3.500000 0.050000 0.000000 0.177298 0.500000 3.116856
256 0.500000 3.500000 0.050000 0.000000 0.199385 0.500000 3.166330
256 0.500000 3.500000 0.050000 0.000000 0.206577 0.500000 3.067382
256 0.500000 3.500000 0.050000 0.000000 0.225219 0.500000 3.166330
256 0.500000 3.500000 0.050000 0.000000 0.183813 0.500000 3.116856
256 0.500000 3.500000 0.050000 0.000000 0.146710 0.500000 3.067382
256 0.500000 3.500000 0.050000 0.000000 0.192461 0.500000 3.017908
256 0.500000 3.500000 0.050000 0.000000 0.257846 0.500000 3.116856
256 0.500000 3.500000 0.050000 0.000000 0.179231 0.500000 3.116856
256 0.500000 3.500000 0.050000 0.000000 0.233566 0.500000 3.116856
256 0.500000 3.500000 0.050000 0.000000 0.194090 0.500000 3.067382
256 0.500000 3.500000 0.050000 0.000000 0.179087 -0.500000 3.166330
256 0.500000 3.500000 0.050000 0.000000 0.246063 0.500000 3.166330
256 0.500000 3.500000 0.050000 0.000000 0.244976 -0.500000 3.116856
256 0.500000 3.500000 0.050000 0.000000 0.143464 0.500000 3.067382
256 0.500000 3.500000 0.050000 0.000000 0.190240 0.500000 3.116856
256 0.500000 3.500000 0.050000 0.000000 0.190215 0.500000 3.166330
256 0.500000 3.500000 0.050000 0.000000 0.232199 0.500000 3.166330
256 0.500000 3.500000 0.050000 0.000000 0.196088 -0.500000 3.116856
256 0.500000 3.500000 0.050000 0.000000 0.211813 0.500000 3.215804
256 0.500000 3.500000 0.050000 0.000000 0.201158 0.500000 3.166330
256 0.500000 3.500000 0.050000 0.000000 0.171574 0.500000 3.215804
256 0.500000 3.500000 0.050000 0.000000 0.217280 0.500000 3.116856
256 0.500000 3.500000 0.050000 0.000000 0.210385 -0.500000 3.116856
256 0.500000 3.500000 0.050000 0.000000 0.239383 0.500000 3.116856
256 0.500000 3.500000 0.050000 0.000000 0.187558 -0.500000 3.116856
256 0.500000 3.500000 0.050000 0.000000 0.149419 0.500000 3.166330
256 0.500000 3.500000 0.050000 0.000000 0.214518 -0.500000 3.215804
256 0.500000 3.500000 0.050000 0.000000 0.208298 0.500000 3.215804
256 0.500000 3.500000 0.050000 0.000000 0.230854 0.500000 3.067382
256 0.500000 3.500000 0.050000 0.000000 0.154809 0.500000 3.067382
256 0.500000 3.500000 0.050000 0.000000 0.148149 0.500000 3.017908
256 0.500000 3.500000 0.050000 0.000000 0.192702 0.500000 3.067382
256 0.500000 3.500000 0.050000 0.000000 0.130392 0.500000 3.116856
256 0.500000 3.500000 0.050000 0.000000 0.238287 0.500000 3.116856
256 0.500000 3.500000 0.050000 0.000000 0.227091 0.500000 3.166330
256 0.500000 3.500000 0.050000 0.000000 0.169077 0.500000 3.017908
256 0.500000 3.500000 0.050000 0.000000 0.251302 0.500000 3.166330
256 0.500000 3.500000 0.050000 0.000000 0.252515 -0.500000 3.166330
256 0.500000 3.500000 0.050000 0.000000 0.170311 -0.500000 3.166330
256 0.500000 3.500000 0.050000 0.000000 0.192803 0.500000 3.166330
256 0.500000 3.500000 0.050000 0.000000 0.230243 -0.500000 3.116856
256 0.500000 3.500000 0.050000 0.000000 0.194306 0.500000 3.166330
256 0.500000 3.500000 0.050000 0.000000 0.191923 0.500000 3.067382
256 0.500000 3.500000 0.050000 0.000000 0.260333 0.500000 3.166330
256 0.500000 3.500000 0.050000 0.000000 0.226011 -0.500000 3.116856
256 0.500000 3.500000 0.050000 0.000000 0.193131 0.500000 3.116856
256 0.500000 3.500000 0.050000 0.000000 0.200888 -0.500000 3.166330
256 0.500000 3.500000 0.050000 0.000000 0.124866 0.500000 3.017908
256 0.500000 3.500000 0.050000 0.000000 0.253047 0.500000 3.116856
256 0.500000 3.500000 0.050000 0.000000 0.201944 -0.500000 3.166330
256 0.500000 3.500000 0.050000 0.000000 0.120252 0.500000 3.166330
256 0.500000 3.500000 0.050000 0.000000 0.171541 -0.500000 3.116856
256 0.500000 3.500000 0.050000 0.000000 0.206971 0.500000 3.116856
256 0.500000 3.500000 0.050000 0.000000 0.179171 0.500000 3.265277
256 0.500000 3.500000 0.050000 0.000000 0.195620 0.500000 3.067382
256 0.500000 3.500000 0.050000 0.000000 0.184134 0.500000 3.067382
256 0.500000 3.500000 0.050000 0.000000 0.193110 0.500000 3.215804
256 0.500000 3.500000 0.050000 0.000000 0.163314 0.500000 3.067382
256 0.500000 3.500000 0.050000 0.000000 0.199687 0.500000 3.166330
256 0.500000 3.500000 0.050000 0.000000 0.226090 -0.500000 3.116856
256 0.500000 3.500000 0.050000 0.000000 0.193511 0.500000 3.017908
256 0.500000 3.500000 0.050000 0.000000 0.203588 0.500000 3.116856
256 0.500000 3.500000 0.050000 0.000000 0.184643 0.500000 3.166330
256 0.500000 3.500000 0.050000 0.000000 0.185810 0.500000 3.166330
256 0.500000 3.500000 0.050000 0.000000 0.180650 0.500000 3.067382
256 0.500000 3.500000 0.050000 0.000000 0.209328 0.500000 3.067382
256 0.500000 3.500000 0.050000 0.000000 0.176574 -0.500000 3.116856
256 0.500000 3.500000 0.050000 0.000000 0.187228 0.500000 3.166330
256 0.500000 3.500000 0.050000 0.000000 0.172240 0.500000 3.067382
256 0.500000 3.500000 0.050000 0.000000 0.200895 -0.500000 3.166330
256 0.500000 3.500000 0.050000 0.000000 0.224967 0.500000 3.166330
256 0.500000 3.500000 0.050000 0.000000 0.179503 -0.500000 3.116856
256 0.500000 3.500000 0.050000 0.000000 0.197821 0.500000 3.166330
256 0.500000 3.500000 0.050000 0.000000 0.193334 -0.500000 3.116856
256 0.500000 3.500000 0.050000 0.000000 0.232198 0.500000 3.116856
256 0.500000 3.500000 0.050000 0.000000 0.266578 0.500000 3.116856
256 0.500000 3.500000 0.050000 0.000000 0.189102 -0.500000 3.067382
256 0.500000 3.500000 0.050000 0.000000 0.230237 -0.500000 3.116856
256 0.500000 3.500000 0.050000 0.000000 0.263975 0.500000 3.166330
256 0.500000 3.500000 0.050000 0.000000 0.250783 0.500000 3.116856
256 0.500000 3.500000 0.050000 0.000000 0.272006 0.500000 3.166330
256 0.500000 3.500000 0.050000 0.000000 0.185291 0.500000 3.116856
256 0.500000 3.500000 0.050000 0.000000 0.191589 0.500000 3.067382
256 0.500000 3.500000 0.050000 0.000000 0.169436 0.500000 3.116856
256 0.500000 3.500000 0.050000 0.000000 0.220712 0.500000 3.215804
256 0.500000 3.500000 0.050000 0.000000 0.250384 0.500000 3.166330
256 0.500000 3.500000 0.050000 0.000000 0.225413 0.500000 3.166330
256 0.500000 3.500000 0.050000 0.000000 0.241545 0.500000 3.166330
256 0.500000 3.500000 0.050000 0.000000 0.149200 0.500000 3.067382
256 0.500000 3.500000 0.050000 0.000000 0.187395 0.500000 3.116856
256 0.500000 3.500000 0.050000 0.000000 0.231058 0.500000 3.116856
256 0.500000 3.500000 0.050000 0.000000 0.241301 0.500000 3.166330
256 0.500000 3.500000 0.050000 0.000000 0.217718 0.500000 3.166330
256 0.500000 3.500000 0.050000 0.000000 0.161243 -0.500000 3.166330
256 0.500000 3.500000 0.050000 0.000000 0.199969 0.500000 3.067382
256 0.500000 3.500000 0.050000 0.000000 0.164956 0.500000 3.166330
256 0.500000 3.500000 0.050000 0.000000 0.203171 0.500000 3.166330
256 0.500000 3.500000 0.050000 0.000000 0.134040 0.500000 3.017908
256 0.500000 3.500000 0.050000 0.000000 0.164946 0.500000 3.166330
256 0.500000 3.500000 0.050000 0.000000 0.244141 -0.500000 3.116856
256 0.500000 3.500000 0.050000 0.000000 0.146053 0.500000 3.017908
256 0.500000 3.500000 0.050000 0.000000 0.124399 -0.500000 3.067382
256 0.500000 3.500000 0.050000 0.000000 0.156934 0.500000 3.166330
256 0.500000 3.500000 0.050000 0.000000 0.201103 -0.500000 3.166330
256 0.500000 3.500000 0.050000 0.000000 0.127069 0.500000 3.017908
256 0.500000 3.500000 0.050000 0.000000 0.214477 0.500000 3.166330
256 0.500000 3.500000 0.050000 0.000000 0.199697 -0.500000 3.166330
256 0.500000 3.500000 0.050000 0.000000 0.229664 0.500000 3.166330
256 0.500000 3.500000 0.050000 0.000000 0.216813 0.500000 3.067382
256 0.500000 3.500000 0.050000 0.000000 0.253123 0.500000 3.166330
256 0.500000 3.500000 0.050000 0.000000 0.137457 0.500000 3.067382
256 0.500000 3.500000 0.050000 0.000000 0.237726 0.500000 3.116856
256 0.500000 3.500000 0.050000 0.000000 0.245288 0.500000 3.116856
256 0.500000 3.500000 0.050000 0.000000 0.095232 0.500000 3.314751
256 0.500000 3.500000 0.050000 0.000000 0.178924 0.500000 3.166330
256 0.500000 3.500000 0.050000 0.000000 0.172991 0.500000 3.067382
256 0.500000 3.500000 0.050000 0.000000 0.248178 0.500000 3.166330
256 0.500000 3.500000 0.050000 0.000000 0.230671 0.500000 3.166330
256 0.500000 3.500000 0.050000 0.000000 0.205492 0.500000 3.067382
256 0.500000 3.500000 0.050000 0.000000 0.215251 -0.500000 3.215804
256 0.500000 3.500000 0.050000 0.000000 0.192259 0.500000 3.166330
256 0.500000 3.500000 0.050000 0.000000 0.215995 0.500000 3.166330
256 0.500000 3.500000 0.050000 0.000000 0.230594 0.500000 3.067382
256 0.500000 3.500000 0.050000 0.000000 0.211084 0.500000 3.116856
256 0.500000 3.500000 0.050000 0.000000 0.206558 -0.500000 3.067382
256 0.500000 3.500000 0.050000 0.000000 0.230843 0.500000 3.116856
256 0.500000 3.500000 0.050000 0.000000 0.094791 0.500000 3.166330
256 0.500000 3.500000 0.050000 0.000000 0.164650 0.500000 3.166330
256 0.500000 3.500000 0.050000 0.000000 0.192905 -0.500000 3.166330
256 0.500000 3.500000 0.050000 0.000000 0.217080 -0.500000 3.166330
256 0.500000 3.500000 0.050000 0.000000 0.150627 -0.500000 3.116856
256 0.500000 3.500000 0.050000 0.000000 0.175073 0.500000 3.166330
256 0.500000 3.500000 0.050000 0.000000 0.193324 0.500000 3.067382
256 0.500000 3.500000 0.050000 0.000000 0.225398 0.500000 3.116856
256 0.500000 3.500000 0.050000 0.000000 0.160529 0.500000 3.166330
256 0.500000 3.500000 0.050000 0.000000 0.207605 0.500000 3.166330
256 0.500000 3.500000 0.050000 0.000000 0.178820 0.500000 3.116856
256 0.500000 3.500000 0.050000 0.000000 0.211694 0.500000 3.067382
256 0.500000 3.500000 0.050000 0.000000 0.123959 0.500000 3.067382
256 0.500000 3.500000 0.050000 0.000000 0.180736 -0.500000 3.067382
256 0.500000 3.500000 0.050000 0.000000 0.125999 -0.500000 3.067382
256 0.500000 3.500000 0.050000 0.000000 0.208281 0.500000 3.116856
256 0.500000 3.500000 0.050000 0.000000 0.163425 0.500000 3.067382
256 0.500000 3.500000 0.050000 0.000000 0.187023 0.500000 3.116856
256 0.500000 3.500000 0.050000 0.000000 0.187030 0.500000 3.067382
256 0.500000 3.500000 0.050000 0.000000 0.210340 0.500000 3.166330
256 0.500000 3.500000 0.050000 0.000000 0.237176 0.500000 3.166330
256 0.500000 3.500000 0.050000 0.000000 0.200209 0.500000 3.067382
256 0.500000 3.500000 0.050000 0.000000 0.211700 0.500000 3.116856
256 0.500000 3.500000 0.050000 0.000000 0.192784 0.500000 3.166330
256 0.500000 3.500000 0.050000 0.000000 0.162389 0.500000 3.116856
256 0.500000 3.500000 0.050000 0.000000 0.201296 0.500000 3.067382
256 0.500000 3.500000 0.050000 0.000000 0.226772 0.500000 3.116856
256 0.500000 3.500000 0.050000 0.000000 0.188129 -0.500000 3.265277
256 0.500000 3.500000 0.050000 0.000000 0.218056 0.500000 3.116856
256 0.500000 3.500000 0.050000 0.000000 0.200254 0.500000 3.166330
256 0.500000 3.500000 0.050000 0.000000 0.193043 0.500000 3.116856
256 0.500000 3.500000 0.050000 0.000000 0.148318 0.500000 3.067382
256 0.500000 3.500000 0.050000 0.000000 0.275796 0.500000 3.166330
256 0.500000 3.500000 0.050000 0.000000 0.177144 0.500000 3.116856
256 0.500000 3.500000 0.050000 0.000000 0.227335 0.500000 3.166330
256 0.500000 3.500000 0.050000 0.000000 0.175847 -0.500000 2.968434
256 0.500000 3.500000 0.050000 0.000000 0.201343 0.500000 3.215804
256 0.500000 3.500000 0.050000 0.000000 0.179598 0.500000 3.116856
256 0.500000 3.500000 0.050000 0.000000 0.243357 0.500000 3.166330
256 0.500000 3.500000 0.050000 0.000000 0.151320 0.500000 3.116856
256 0.500000 3.500000 0.050000 0.000000 0.201043 0.500000 3.116856
256 0.500000 3.500000 0.050000 0.000000 0.217674 0.500000 3.166330
256 0.500000 3.500000 0.050000 0.000000 0.154827 0.500000 2.918960
256 0.500000 3.500000 0.050000 0.000000 0.217366 0.500000 3.116856
256 0.500000 3.500000 0.050000 0.000000 0.157608 0.500000 3.215804
256 0.500000 3.500000 0.050000 0.000000 0.201278 0.500000 3.215804
256 0.500000 3.500000 0.050000 0.000000 0.245307 0.500000 3.116856
256 0.500000 3.500000 0.050000 0.000000 0.191413 0.500000 3.166330
256 0.500000 3.500000 0.050000 0.000000 0.251793 -0.500000 3.166330
256 0.500000 3.500000 0.050000 0.000000 0.155498 -0.500000 3.067382
256 0.500000 3.500000 0.050000 0.000000 0.195303 0.500000 3.116856
256 0.500000 3.500000 0.050000 0.000000 0.178996 0.500000 3.116856
256 0.500000 3.500000 0.050000 0.000000 0.195125 0.500000 3.215804
256 0.500000 3.500000 0.050000 0.000000 0.192701 -0.500000 3.067382
256 0.500000 3.500000 0.050000 0.000000 0.217843 0.500000 3.166330
256 0.500000 3.500000 0.050000 0.000000 0.166282 0.500000 3.116856
256 0.500000 3.500000 0.050000 0.000000 0.199739 0.500000 3.067382
256 0.500000 3.500000 0.050000 0.000000 0.192876 0.500000 2.968434
256 0.500000 3.500000 0.050000 0.000000 0.207598 0.500000 3.116856
256 0.500000 3.500000 0.050000 0.000000 0.167270 0.500000 3.067382
256 0.500000 3.500000 0.050000 0.000000 0.142561 -0.500000 3.017908
256 0.500000 3.500000 0.050000 0.000000 0.235318 0.500000 3.166330
256 0.500000 3.500000 0.050000 0.000000 0.162897 0.500000 3.166330
256 0.500000 3.500000 0.050000 0.000000 0.191998 -0.500000 3.166330
256 0.500000 3.500000 0.050000 0.000000 0.239676 0.500000 3.116856
256 0.500000 3.500000 0.050000 0.000000 0.178600 -0.500000 3.116856
256 0.500000 3.500000 0.050000 0.000000 0.147546 0.500000 3.017908
256 0.500000 3.500000 0.050000 0.000000 0.201649 0.500000 3.215804
256 0.500000 3.500000 0.050000 0.000000 0.224924 0.500000 3.116856
256 0.500000 3.500000 0.050000 0.000000 0.217643 0.500000 3.067382
256 0.500000 3.500000 0.050000 0.000000 0.216017 0.500000 3.116856
256 0.500000 3.500000 0.050000 0.000000 0.218883 0.500000 3.067382
256 0.500000 3.500000 0.050000 0.000000 0.162654 -0.500000 3.314751
256 0.500000 3.500000 0.050000 0.000000 0.163755 -0.500000 3.067382
256 0.500000 3.500000 0.050000 0.000000 0.216318 0.500000 3.265277
256 0.500000 3.500000 0.050000 0.000000 0.153332 0.500000 3.067382
256 0.500000 3.500000 0.050000 0.000000 0.172153 0.500000 3.215804
256 0.500000 3.500000 0.050000 0.000000 0.237748 0.500000 3.166330
256 0.500000 3.500000 0.050000 0.000000 0.238934 0.500000 3.166330
256 0.500000 3.500000 0.050000 0.000000 0.225577 0.500000 3.166330
256 0.500000 3.500000 0.050000 0.000000 0.179745 0.500000 3.116856
256 0.500000 3.500000 0.050000 0.000000 0.223908 0.500000 3.166330
256 0.500000 3.500000 0.050000 0.000000 0.158280 0.500000 3.265277
256 0.500000 3.500000 0.050000 0.000000 0.146650 0.500000 3.017908
256 0.500000 3.500000 0.050000 0.000000 0.203422 0.500000 3.166330
256 0.500000 3.500000 0.050000 0.000000 0.223665 -0.500000 3.067382
256 0.500000 3.500000 0.050000 0.000000 0.184984 0.500000 3.215804
256 0.500000 3.500000 0.050000 0.000000 0.085664 0.500000 3.017908
256 0.500000 3.500000 0.050000 0.000000 0.192391 0.500000 3.166330
256 0.500000 3.500000 0.050000 0.000000 0.230382 -0.500000 3.166330
256 0.500000 3.500000 0.050000 0.000000 0.124609 0.500000 2.968434
256 0.500000 3.500000 0.050000 0.000000 0.192019 0.500000 3.067382
256 0.500000 3.500000 0.050000 0.000000 0.220690 -0.500000 3.166330
256 0.500000 3.500000 0.050000 0.000000 0.174145 0.500000 3.166330
256 0.500000 3.500000 0.050000 0.000000 0.126249 0.500000 2.968434
256 0.500000 3.500000 0.050000 0.000000 0.215385 -0.500000 3.166330
256 0.500000 3.500000 0.050000 0.000000 0.200734 0.500000 3.116856
256 0.500000 3.500000 0.050000 0.000000 0.266411 0.500000 3.166330
256 0.500000 3.500000 0.050000 0.000000 0.194514 0.500000 3.116856
256 0.500000 3.500000 0.050000 0.000000 0.239046 -0.500000 3.166330
256 0.500000 3.500000 0.050000 0.000000 0.157786 0.500000 3.116856
256 0.500000 3.500000 0.050000 0.000000 0.180735 0.500000 3.166330
256 0.500000 3.500000 0.050000 0.000000 0.178901 0.500000 3.067382
256 0.500000 3.500000 0.050000 0.000000 0.178372 0.500000 3.116856
256 0.500000 3.500000 0.050000 0.000000 0.222593 -0.500000 3.067382
256 0.500000 3.500000 0.050000 0.000000 0.233416 0.500000 3.116856
256 0.500000 3.500000 0.050000 0.000000 0.174532 -0.500000 3.067382
256 0.500000 3.500000 0.050000 0.000000 0.215029 0.500000 3.116856
256 0.500000 3.500000 0.050000 0.000000 0.218814 0.500000 3.116856
256 0.500000 3.500000 0.050000 0.000000 0.256118 0.500000 3.166330
256 0.500000 3.500000 0.050000 0.000000 0.222856 0.500000 3.116856
256 0.500000 3.500000 0.050000 0.000000 0.173828 -0.500000 3.067382
256 0.500000 3.500000 0.050000 0.000000 0.193952 0.500000 3.166330
256 0.500000 3.500000 0.050000 0.000000 0.206847 0.500000 3.067382
256 0.500000 3.500000 0.050000 0.000000 0.172290 0.500000 3.067382
256 0.500000 3.500000 0.050000 0.000000 0.179033 0.500000 3.067382
256 0.500000 3.500000 0.050000 0.000000 0.258837 0.500000 3.166330
256 0.500000 3.500000 0.050000 0.000000 0.277339 0.500000 3.166330
256 0.500000 3.500000 0.050000 0.000000 0.162164 0.500000 3.166330
256 0.500000 3.500000 0.050000 0.000000 0.204164 -0.500000 3.166330
256 0.500000 3.500000 0.050000 0.000000 0.149351 0.500000 3.166330
256 0.500000 3.500000 0.050000 0.000000 0.165541 0.500000 3.166330
256 0.500000 3.500000 0.050000 0.000000 0.177586 0.500000 3.265277
256 0.500000 3.500000 0.050000 0.000000 0.201730 0.500000 3.116856
256 0.500000 3.500000 0.050000 0.000000 0.194517 0.500000 3.067382
256 0.500000 3.500000 0.050000 0.000000 0.110207 0.500000 3.067382
256 0.500000 3.500000 0.050000 0.000000 0.230219 0.500000 3.116856
256 0.500000 3.500000 0.050000 0.000000 0.186127 0.500000 3.067382
256 0.500000 3.500000 0.050000 0.000000 0.169462 0.500000 3.116856
256 0.500000 3.500000 0.050000 0.000000 0.201967 0.500000 3.166330
256 0.500000 3.500000 0.050000 0.000000 0.197455 0.500000 3.116856
256 0.500000 3.500000 0.050000 0.000000 0.226455 0.500000 3.116856
256 0.500000 3.500000 0.050000 0.000000 0.170404 0.500000 3.067382
256 0.500000 3.500000 0.050000 0.000000 0.162616 0.500000 2.968434
256 0.500000 3.500000 0.050000 0.000000 0.142539 0.500000 3.067382
256 0.500000 3.500000 0.050000 0.000000 0.186233 0.500000 3.215804
256 0.500000 3.500000 0.050000 0.000000 0.118852 0.500000 3.017908
256 0.500000 3.500000 0.050000 0.000000 0.179280 0.500000 3.116856
256 0.500000 3.500000 0.050000 0.000000 0.188331 -0.500000 3.067382
