256 0.500000 3.500000 0.050000 0.000000 0.169158 -0.500000 3.067382
256 0.500000 3.500000 0.050000 0.000000 0.181321 0.500000 3.116856
256 0.500000 3.500000 0.050000 0.000000 0.154420 0.500000 3.067382
256 0.500000 3.500000 0.050000 0.000000 0.212246 0.500000 3.166330
256 0.500000 3.500000 0.050000 0.000000 0.145409 0.500000 3.166330
256 0.500000 3.500000 0.050000 0.000000 0.217098 0.500000 3.166330
256 0.500000 3.500000 0.050000 0.000000 0.199109 0.500000 3.017908
256 0.500000 3.500000 0.050000 0.000000 0.167455 0.500000 2.968434
256 0.500000 3.500000 0.050000 0.000000 0.239000 0.500000 3.166330
256 0.500000 3.500000 0.050000 0.000000 0.202860 -0.500000 3.116856
256 0.500000 3.500000 0.050000 0.000000 0.171969 0.500000 3.067382
256 0.500000 3.500000 0.050000 0.000000 0.200960 0.500000 3.166330
256 0.500000 3.500000 0.050000 0.000000 0.220851 0.500000 3.166330
256 0.500000 3.500000 0.050000 0.000000 0.194840 0.500000 3.116856
256 0.500000 3.500000 0.050000 0.000000 0.186586 0.500000 3.067382
256 0.500000 3.500000 0.050000 0.000000 0.179247 -0.500000 3.166330
256 0.500000 3.500000 0.050000 0.000000 0.164758 0.500000 3.116856
256 0.500000 3.500000 0.050000 0.000000 0.224423 0.500000 3.166330
256 0.500000 3.500000 0.050000 0.000000 0.221539 0.500000 3.265277
256 0.500000 3.500000 0.050000 0.000000 0.168442 0.500000 3.067382
256 0.500000 3.500000 0.050000 0.000000 0.177517 0.500000 3.067382
256 0.500000 3.500000 0.050000 0.000000 0.202389 0.500000 3.166330
256 0.500000 3.500000 0.050000 0.000000 0.131726 0.500000 2.918960
256 0.500000 3.500000 0.050000 0.000000 0.185648 0.500000 3.067382
256 0.500000 3.500000 0.050000 0.000000 0.180859 0.500000 3.067382
256 0.500000 3.500000 0.050000 0.000000 0.200842 -0.500000 3.166330
256 0.500000 3.500000 0.050000 0.000000 0.215229 0.500000 3.116856
256 0.500000 3.500000 0.050000 0.000000 0.204667 0.500000 3.166330
256 0.500000 3.500000 0.050000 0.000000 0.201280 0.500000 3.067382
256 0.500000 3.500000 0.050000 0.000000 0.185125 0.500000 3.166330
256 0.500000 3.500000 0.050000 0.000000 0.192532 0.500000 3.166330
256 0.500000 3.500000 0.050000 0.000000 0.185644 0.500000 3.116856
256 0.500000 3.500000 0.050000 0.000000 0.192773 0.500000 3.067382
256 0.500000 3.500000 0.050000 0.000000 0.151473 0.500000 3.017908
256 0.500000 3.500000 0.050000 0.000000 0.202510 0.500000 3.166330
256 0.500000 3.500000 0.050000 0.000000 0.175584 0.500000 3.116856
256 0.500000 3.500000 0.050000 0.000000 0.188846 0.500000 3.116856
256 0.500000 3.500000 0.050000 0.000000 0.218155 0.500000 3.215804
256 0.500000 3.500000 0.050000 0.000000 0.194106 0.500000 3.116856
256 0.500000 3.500000 0.050000 0.000000 0.183172 0.500000 3.067382
256 0.500000 3.500000 0.050000 0.000000 0.132764 -0.500000 2.918960
256 0.500000 3.500000 0.050000 0.000000 0.190801 -0.500000 3.067382
256 0.500000 3.500000 0.050000 0.000000 0.134327 0.500000 3.017908
256 0.500000 3.500000 0.050000 0.000000 0.141413 0.500000 3.067382
256 0.500000 3.500000 0.050000 0.000000 0.202812 0.500000 3.116856
256 0.500000 3.500000 0.050000 0.000000 0.203400 0.500000 3.166330
256 0.500000 3.500000 0.050000 0.000000 0.180431 0.500000 3.116856
256 0.500000 3.500000 0.050000 0.000000 0.192402 0.500000 3.166330
256 0.500000 3.500000 0.050000 0.000000 0.194024 -0.500000 3.166330
256 0.500000 3.500000 0.050000 0.000000 0.162066 -0.500000 3.314751
256 0.500000 3.500000 0.050000 0.000000 0.103272 0.500000 3.017908
256 0.500000 3.500000 0.050000 0.000000 0.187291 0.500000 3.116856
256 0.500000 3.500000 0.050000 0.000000 0.194589 0.500000 3.067382
256 0.500000 3.500000 0.050000 0.000000 0.217327 0.500000 3.166330
256 0.500000 3.500000 0.050000 0.000000 0.217377 -0.500000 3.067382
256 0.500000 3.500000 0.050000 0.000000 0.141046 -0.500000 3.017908
256 0.500000 3.500000 0.050000 0.000000 0.184044 0.500000 3.116856
256 0.500000 3.500000 0.050000 0.000000 0.215552 0.500000 3.116856
256 0.500000 3.500000 0.050000 0.000000 0.171344 0.500000 3.017908
256 0.500000 3.500000 0.050000 0.000000 0.224660 0.500000 3.215804
256 0.500000 3.500000 0.050000 0.000000 0.199666 0.500000 3.116856
256 0.500000 3.500000 0.050000 0.000000 0.151903 0.500000 3.067382
256 0.500000 3.500000 0.050000 0.000000 0.201217 0.500000 3.166330
256 0.500000 3.500000 0.050000 0.000000 0.183012 0.500000 3.017908
256 0.500000 3.500000 0.050000 0.000000 0.118083 0.500000 3.265277
256 0.500000 3.500000 0.050000 0.000000 0.141130 0.500000 3.166330
256 0.500000 3.500000 0.050000 0.000000 0.223715 0.500000 3.215804
256 0.500000 3.500000 0.050000 0.000000 0.187202 -0.500000 3.166330
256 0.500000 3.500000 0.050000 0.000000 0.177268 -0.500000 3.067382
256 0.500000 3.500000 0.050000 0.000000 0.202126 0.500000 3.265277
256 0.500000 3.500000 0.050000 0.000000 0.178651 0.500000 3.166330
256 0.500000 3.500000 0.050000 0.000000 0.178936 0.500000 3.166330
256 0.500000 3.500000 0.050000 0.000000 0.171416 0.500000 3.116856
256 0.500000 3.500000 0.050000 0.000000 0.203069 0.500000 3.116856
256 0.500000 3.500000 0.050000 0.000000 0.174098 0.500000 3.067382
256 0.500000 3.500000 0.050000 0.000000 0.186038 0.500000 3.166330
256 0.500000 3.500000 0.050000 0.000000 0.199420 0.500000 3.166330
256 0.500000 3.500000 0.050000 0.000000 0.218697 0.500000 3.067382
256 0.500000 3.500000 0.050000 0.000000 0.164261 -0.500000 2.968434
256 0.500000 3.500000 0.050000 0.000000 0.146798 0.500000 2.968434
256 0.500000 3.500000 0.050000 0.000000 0.244306 0.500000 3.166330
256 0.500000 3.500000 0.050000 0.000000 0.147609 -0.500000 3.166330
256 0.500000 3.500000 0.050000 0.000000 0.150652 0.500000 3.166330
256 0.500000 3.500000 0.050000 0.000000 0.208982 -0.500000 3.166330
256 0.500000 3.500000 0.050000 0.000000 0.217238 0.500000 3.166330
256 0.500000 3.500000 0.050000 0.000000 0.157546 -0.500000 3.215804
256 0.500000 3.500000 0.050000 0.000000 0.192116 -0.500000 3.166330
256 0.500000 3.500000 0.050000 0.000000 0.179346 0.500000 3.017908
256 0.500000 3.500000 0.050000 0.000000 0.220931 -0.500000 3.116856
256 0.500000 3.500000 0.050000 0.000000 0.216587 0.500000 3.116856
256 0.500000 3.500000 0.050000 0.000000 0.139683 0.500000 3.166330
256 0.500000 3.500000 0.050000 0.000000 0.207860 0.500000 3.166330
256 0.500000 3.500000 0.050000 0.000000 0.203021 0.500000 3.166330
256 0.500000 3.500000 0.050000 0.000000 0.206519 0.500000 3.116856
256 0.500000 3.500000 0.050000 0.000000 0.162859 0.500000 3.265277
256 0.500000 3.500000 0.050000 0.000000 0.100645 0.500000 2.918960
256 0.500000 3.500000 0.050000 0.000000 0.134619 0.500000 3.017908
256 0.500000 3.500000 0.050000 0.000000 0.155945 0.500000 3.116856
256 0.500000 3.500000 0.050000 0.000000 0.200901 0.500000 3.166330
256 0.500000 3.500000 0.050000 0.000000 0.184512 -0.500000 3.116856
256 0.500000 3.500000 0.050000 0.000000 0.180120 -0.500000 3.116856
256 0.500000 3.500000 0.050000 0.000000 0.179282 0.500000 3.067382
256 0.500000 3.500000 0.050000 0.000000 0.156142 0.500000 3.067382
256 0.500000 3.500000 0.050000 0.000000 0.221956 0.500000 3.265277
256 0.500000 3.500000 0.050000 0.000000 0.232072 0.500000 3.116856
256 0.500000 3.500000 0.050000 0.000000 0.251657 0.500000 3.116856
256 0.500000 3.500000 0.050000 0.000000 0.178110 0.500000 3.067382
256 0.500000 3.500000 0.050000 0.000000 0.227479 0.500000 3.116856
256 0.500000 3.500000 0.050000 0.000000 0.167419 -0.500000 3.166330
256 0.500000 3.500000 0.050000 0.000000 0.178812 -0.500000 3.067382
256 0.500000 3.500000 0.050000 0.000000 0.203834 0.500000 3.116856
256 0.500000 3.500000 0.050000 0.000000 0.220868 0.500000 3.166330
256 0.500000 3.500000 0.050000 0.000000 0.200742 0.500000 3.166330
256 0.500000 3.500000 0.050000 0.000000 0.170253 -0.500000 3.166330
256 0.500000 3.500000 0.050000 0.000000 0.219644 0.500000 3.116856
256 0.500000 3.500000 0.050000 0.000000 0.192665 0.500000 3.166330
256 0.500000 3.500000 0.050000 0.000000 0.209701 -0.500000 3.166330
256 0.500000 3.500000 0.050000 0.000000 0.203350 0.500000 3.166330
256 0.500000 3.500000 0.050000 0.000000 0.254359 0.500000 3.166330
256 0.500000 3.500000 0.050000 0.000000 0.212946 0.500000 3.116856
256 0.500000 3.500000 0.050000 0.000000 0.194259 0.500000 3.116856
256 0.500000 3.500000 0.050000 0.000000 0.183001 -0.500000 3.166330
256 0.500000 3.500000 0.050000 0.000000 0.179317 0.500000 3.215804
256 0.500000 3.500000 0.050000 0.000000 0.237434 0.500000 3.166330
256 0.500000 3.500000 0.050000 0.000000 0.202931 0.500000 3.265277
256 0.500000 3.500000 0.050000 0.000000 0.166765 -0.500000 3.067382
256 0.500000 3.500000 0.050000 0.000000 0.124179 0.500000 3.067382
256 0.500000 3.500000 0.050000 0.000000 0.165071 -0.500000 3.215804
256 0.500000 3.500000 0.050000 0.000000 0.239005 0.500000 3.166330
256 0.500000 3.500000 0.050000 0.000000 0.224208 0.500000 3.166330
256 0.500000 3.500000 0.050000 0.000000 0.188073 -0.500000 3.166330
256 0.500000 3.500000 0.050000 0.000000 0.216890 0.500000 3.215804
256 0.500000 3.500000 0.050000 0.000000 0.132078 0.500000 3.017908
256 0.500000 3.500000 0.050000 0.000000 0.236569 -0.500000 3.166330
256 0.500000 3.500000 0.050000 0.000000 0.177829 -0.500000 3.017908
256 0.500000 3.500000 0.050000 0.000000 0.169648 0.500000 3.166330
256 0.500000 3.500000 0.050000 0.000000 0.140595 0.500000 3.116856
256 0.500000 3.500000 0.050000 0.000000 0.153925 0.500000 3.166330
256 0.500000 3.500000 0.050000 0.000000 0.215812 -0.500000 3.067382
256 0.500000 3.500000 0.050000 0.000000 0.178449 0.500000 3.166330
256 0.500000 3.500000 0.050000 0.000000 0.185061 0.500000 3.265277
256 0.500000 3.500000 0.050000 0.000000 0.156610 0.500000 3.166330
256 0.500000 3.500000 0.050000 0.000000 0.192504 0.500000 3.166330
256 0.500000 3.500000 0.050000 0.000000 0.145467 0.500000 3.017908
256 0.500000 3.500000 0.050000 0.000000 0.236434 -0.500000 3.166330
256 0.500000 3.500000 0.050000 0.000000 0.187367 0.500000 3.116856
256 0.500000 3.500000 0.050000 0.000000 0.225048 0.500000 3.166330
256 0.500000 3.500000 0.050000 0.000000 0.172508 0.500000 3.166330
256 0.500000 3.500000 0.050000 0.000000 0.139790 0.500000 3.215804
256 0.500000 3.500000 0.050000 0.000000 0.209857 -0.500000 3.116856
256 0.500000 3.500000 0.050000 0.000000 0.214857 0.500000 3.166330
256 0.500000 3.500000 0.050000 0.000000 0.206386 0.500000 3.215804
256 0.500000 3.500000 0.050000 0.000000 0.189758 0.500000 3.116856
256 0.500000 3.500000 0.050000 0.000000 0.184338 -0.500000 3.116856
256 0.500000 3.500000 0.050000 0.000000 0.178436 0.500000 3.116856
256 0.500000 3.500000 0.050000 0.000000 0.189639 0.500000 3.067382
256 0.500000 3.500000 0.050000 0.000000 0.169910 0.500000 3.116856
256 0.500000 3.500000 0.050000 0.000000 0.203759 0.500000 3.116856
256 0.500000 3.500000 0.050000 0.000000 0.209126 0.500000 3.116856
256 0.500000 3.500000 0.050000 0.000000 0.187288 0.500000 3.067382
256 0.500000 3.500000 0.050000 0.000000 0.195623 0.500000 3.166330
256 0.500000 3.500000 0.050000 0.000000 0.179349 0.500000 3.166330
256 0.500000 3.500000 0.050000 0.000000 0.163509 0.500000 3.067382
256 0.500000 3.500000 0.050000 0.000000 0.244412 0.500000 3.166330
256 0.500000 3.500000 0.050000 0.000000 0.170957 0.500000 3.215804
256 0.500000 3.500000 0.050000 0.000000 0.169200 0.500000 3.314751
256 0.500000 3.500000 0.050000 0.000000 0.214896 0.500000 3.166330
256 0.500000 3.500000 0.050000 0.000000 0.240008 0.500000 3.166330
256 0.500000 3.500000 0.050000 0.000000 0.188834 0.500000 3.067382
256 0.500000 3.500000 0.050000 0.000000 0.134619 0.500000 3.116856
256 0.500000 3.500000 0.050000 0.000000 0.185722 -0.500000 3.166330
256 0.500000 3.500000 0.050000 0.000000 0.181897 0.500000 3.265277
256 0.500000 3.500000 0.050000 0.000000 0.245683 0.500000 3.116856
256 0.500000 3.500000 0.050000 0.000000 0.153330 -0.500000 3.116856
256 0.500000 3.500000 0.050000 0.000000 0.182679 0.500000 3.166330
256 0.500000 3.500000 0.050000 0.000000 0.219373 0.500000 3.116856
256 0.500000 3.500000 0.050000 0.000000 0.192413 0.500000 3.166330
256 0.500000 3.500000 0.050000 0.000000 0.172539 0.500000 3.116856
256 0.500000 3.500000 0.050000 0.000000 0.165687 0.500000 3.067382
256 0.500000 3.500000 0.050000 0.000000 0.149079 0.500000 3.067382
256 0.500000 3.500000 0.050000 0.000000 0.216384 0.500000 3.215804
256 0.500000 3.500000 0.050000 0.000000 0.178078 0.500000 3.017908
256 0.500000 3.500000 0.050000 0.000000 0.149681 0.500000 3.067382
256 0.500000 3.500000 0.050000 0.000000 0.157008 0.500000 3.166330
256 0.500000 3.500000 0.050000 0.000000 0.201125 0.500000 3.116856
256 0.500000 3.500000 0.050000 0.000000 0.215270 0.500000 3.166330
256 0.500000 3.500000 0.050000 0.000000 0.237688 -0.500000 3.166330
256 0.500000 3.500000 0.050000 0.000000 0.185059 0.500000 3.265277
256 0.500000 3.500000 0.050000 0.000000 0.145557 -0.500000 3.166330
256 0.500000 3.500000 0.050000 0.000000 0.126252 0.500000 3.314751
256 0.500000 3.500000 0.050000 0.000000 0.187556 -0.500000 3.116856
256 0.500000 3.500000 0.050000 0.000000 0.214490 0.500000 3.166330
256 0.500000 3.500000 0.050000 0.000000 0.230943 0.500000 3.166330
256 0.500000 3.500000 0.050000 0.000000 0.209103 0.500000 3.166330
256 0.500000 3.500000 0.050000 0.000000 0.185008 0.500000 3.067382
256 0.500000 3.500000 0.050000 0.000000 0.197979 0.500000 3.067382
256 0.500000 3.500000 0.050000 0.000000 0.177405 -0.500000 3.017908
256 0.500000 3.500000 0.050000 0.000000 0.189501 -0.500000 3.017908
256 0.500000 3.500000 0.050000 0.000000 0.202971 0.500000 3.166330
256 0.500000 3.500000 0.050000 0.000000 0.226019 -0.500000 3.116856
256 0.500000 3.500000 0.050000 0.000000 0.253291 0.500000 3.215804
256 0.500000 3.500000 0.050000 0.000000 0.207224 0.500000 2.968434
256 0.500000 3.500000 0.050000 0.000000 0.148807 0.500000 3.215804
256 0.500000 3.500000 0.050000 0.000000 0.193391 0.500000 3.116856
256 0.500000 3.500000 0.050000 0.000000 0.189103 0.500000 3.166330
256 0.500000 3.500000 0.050000 0.000000 0.124995 0.500000 3.067382
256 0.500000 3.500000 0.050000 0.000000 0.173106 0.500000 3.017908
256 0.500000 3.500000 0.050000 0.000000 0.230296 0.500000 3.116856
256 0.500000 3.500000 0.050000 0.000000 0.164928 -0.500000 3.166330
256 0.500000 3.500000 0.050000 0.000000 0.191783 0.500000 3.116856
256 0.500000 3.500000 0.050000 0.000000 0.228366 -0.500000 3.116856
256 0.500000 3.500000 0.050000 0.000000 0.149390 -0.500000 3.067382
256 0.500000 3.500000 0.050000 0.000000 0.195522 0.500000 3.116856
256 0.500000 3.500000 0.050000 0.000000 0.231757 0.500000 3.116856
256 0.500000 3.500000 0.050000 0.000000 0.243586 0.500000 3.116856
256 0.500000 3.500000 0.050000 0.000000 0.219623 0.500000 3.116856
256 0.500000 3.500000 0.050000 0.000000 0.202441 0.500000 3.116856
256 0.500000 3.500000 0.050000 0.000000 0.208911 0.500000 3.116856
256 0.500000 3.500000 0.050000 0.000000 0.134637 0.500000 3.215804
256 0.500000 3.500000 0.050000 0.000000 0.219272 -0.500000 3.116856
256 0.500000 3.500000 0.050000 0.000000 0.184163 0.500000 3.166330
256 0.500000 3.500000 0.050000 0.000000 0.169101 0.500000 3.166330
256 0.500000 3.500000 0.050000 0.000000 0.195078 0.500000 3.067382
256 0.500000 3.500000 0.050000 0.000000 0.189467 0.500000 3.017908
256 0.500000 3.500000 0.050000 0.000000 0.211060 0.500000 3.116856
256 0.500000 3.500000 0.050000 0.000000 0.172214 0.500000 3.265277
256 0.500000 3.500000 0.050000 0.000000 0.191520 -0.500000 3.067382
256 0.500000 3.500000 0.050000 0.000000 0.160880 0.500000 3.166330
256 0.500000 3.500000 0.050000 0.000000 0.208372 0.500000 3.265277
256 0.500000 3.500000 0.050000 0.000000 0.191230 0.500000 3.067382
256 0.500000 3.500000 0.050000 0.000000 0.156871 0.500000 3.116856
256 0.500000 3.500000 0.050000 0.000000 0.148795 0.500000 3.116856
256 0.500000 3.500000 0.050000 0.000000 0.237242 0.500000 3.116856
256 0.500000 3.500000 0.050000 0.000000 0.199329 0.500000 3.067382
256 0.500000 3.500000 0.050000 0.000000 0.170266 0.500000 3.067382
256 0.500000 3.500000 0.050000 0.000000 0.184977 0.500000 3.116856
256 0.500000 3.500000 0.050000 0.000000 0.203170 0.500000 3.166330
256 0.500000 3.500000 0.050000 0.000000 0.188780 -0.500000 3.116856
256 0.500000 3.500000 0.050000 0.000000 0.163318 0.500000 3.166330
256 0.500000 3.500000 0.050000 0.000000 0.187714 0.500000 3.215804
256 0.500000 3.500000 0.050000 0.000000 0.158323 0.500000 3.116856
256 0.500000 3.500000 0.050000 0.000000 0.233443 -0.500000 3.166330
256 0.500000 3.500000 0.050000 0.000000 0.193676 0.500000 3.166330
256 0.500000 3.500000 0.050000 0.000000 0.225059 0.500000 3.215804
256 0.500000 3.500000 0.050000 0.000000 0.190016 0.500000 3.067382
256 0.500000 3.500000 0.050000 0.000000 0.215389 0.500000 3.116856
256 0.500000 3.500000 0.050000 0.000000 0.184269 0.500000 3.166330
256 0.500000 3.500000 0.050000 0.000000 0.151563 0.500000 3.166330
256 0.500000 3.500000 0.050000 0.000000 0.116351 0.500000 3.166330
256 0.500000 3.500000 0.050000 0.000000 0.209065 0.500000 3.166330
256 0.500000 3.500000 0.050000 0.000000 0.188016 0.500000 3.017908
256 0.500000 3.500000 0.050000 0.000000 0.211179 0.500000 3.166330
256 0.500000 3.500000 0.050000 0.000000 0.215307 0.500000 3.067382
256 0.500000 3.500000 0.050000 0.000000 0.232334 0.500000 3.116856
256 0.500000 3.500000 0.050000 0.000000 0.190763 -0.500000 3.166330
256 0.500000 3.500000 0.050000 0.000000 0.179168 0.500000 3.067382
256 0.500000 3.500000 0.050000 0.000000 0.213469 0.500000 3.166330
256 0.500000 3.500000 0.050000 0.000000 0.184860 0.500000 3.166330
256 0.500000 3.500000 0.050000 0.000000 0.238184 0.500000 3.215804
256 0.500000 3.500000 0.050000 0.000000 0.180948 0.500000 3.265277
256 0.500000 3.500000 0.050000 0.000000 0.148344 -0.500000 3.017908
256 0.500000 3.500000 0.050000 0.000000 0.140519 0.500000 3.166330
256 0.500000 3.500000 0.050000 0.000000 0.207396 0.500000 3.116856
256 0.500000 3.500000 0.050000 0.000000 0.193065 0.500000 3.166330
256 0.500000 3.500000 0.050000 0.000000 0.210799 0.500000 3.116856
256 0.500000 3.500000 0.050000 0.000000 0.194823 0.500000 3.116856
256 0.500000 3.500000 0.050000 0.000000 0.150632 0.500000 3.166330
256 0.500000 3.500000 0.050000 0.000000 0.192288 -0.500000 3.067382
256 0.500000 3.500000 0.050000 0.000000 0.253206 0.500000 3.116856
256 0.500000 3.500000 0.050000 0.000000 0.210380 0.500000 3.166330
256 0.500000 3.500000 0.050000 0.000000 0.169971 0.500000 3.116856
256 0.500000 3.500000 0.050000 0.000000 0.077135 0.500000 2.968434
256 0.500000 3.500000 0.050000 0.000000 0.193043 0.500000 3.166330
256 0.500000 3.500000 0.050000 0.000000 0.210151 0.500000 3.116856
256 0.500000 3.500000 0.050000 0.000000 0.216718 -0.500000 3.067382
256 0.500000 3.500000 0.050000 0.000000 0.202252 0.500000 3.265277
256 0.500000 3.500000 0.050000 0.000000 0.177889 0.500000 3.265277
256 0.500000 3.500000 0.050000 0.000000 0.207647 0.500000 3.166330
256 0.500000 3.500000 0.050000 0.000000 0.126269 -0.500000 3.166330
256 0.500000 3.500000 0.050000 0.000000 0.170724 0.500000 3.116856
256 0.500000 3.500000 0.050000 0.000000 0.224596 0.500000 3.166330
256 0.500000 3.500000 0.050000 0.000000 0.142261 0.500000 3.166330
256 0.500000 3.500000 0.050000 0.000000 0.187526 0.500000 3.314751
256 0.500000 3.500000 0.050000 0.000000 0.235946 0.500000 3.215804
256 0.500000 3.500000 0.050000 0.000000 0.207037 0.500000 3.067382
256 0.500000 3.500000 0.050000 0.000000 0.204547 0.500000 3.116856
256 0.500000 3.500000 0.050000 0.000000 0.209414 -0.500000 3.116856
256 0.500000 3.500000 0.050000 0.000000 0.172114 0.500000 3.166330
256 0.500000 3.500000 0.050000 0.000000 0.145317 0.500000 3.067382
256 0.500000 3.500000 0.050000 0.000000 0.163859 -0.500000 3.067382
256 0.500000 3.500000 0.050000 0.000000 0.163143 0.500000 3.166330
256 0.500000 3.500000 0.050000 0.000000 0.191880 0.500000 3.166330
256 0.500000 3.500000 0.050000 0.000000 0.247020 -0.500000 3.116856
256 0.500000 3.500000 0.050000 0.000000 0.217577 -0.500000 3.166330
256 0.500000 3.500000 0.050000 0.000000 0.199581 -0.500000 3.166330
256 0.500000 3.500000 0.050000 0.000000 0.206756 0.500000 3.166330
256 0.500000 3.500000 0.050000 0.000000 0.213906 -0.500000 3.166330
256 0.500000 3.500000 0.050000 0.000000 0.150778 0.500000 3.166330
256 0.500000 3.500000 0.050000 0.000000 0.142365 -0.500000 3.017908
256 0.500000 3.500000 0.050000 0.000000 0.198665 0.500000 3.116856
256 0.500000 3.500000 0.050000 0.000000 0.183249 0.500000 3.116856
256 0.500000 3.500000 0.050000 0.000000 0.116110 0.500000 3.067382
256 0.500000 3.500000 0.050000 0.000000 0.201485 -0.500000 3.166330
256 0.500000 3.500000 0.050000 0.000000 0.202729 0.500000 3.116856
256 0.500000 3.500000 0.050000 0.000000 0.200675 0.500000 3.166330
256 0.500000 3.500000 0.050000 0.000000 0.225141 0.500000 3.166330
256 0.500000 3.500000 0.050000 0.000000 0.186309 0.500000 3.166330
256 0.500000 3.500000 0.050000 0.000000 0.223517 0.500000 3.067382
256 0.500000 3.500000 0.050000 0.000000 0.163745 -0.500000 2.918960
256 0.500000 3.500000 0.050000 0.000000 0.174461 0.500000 3.017908
256 0.500000 3.500000 0.050000 0.000000 0.199551 -0.500000 3.265277
256 0.500000 3.500000 0.050000 0.000000 0.222309 0.500000 3.116856
256 0.500000 3.500000 0.050000 0.000000 0.239199 -0.500000 3.116856
256 0.500000 3.500000 0.050000 0.000000 0.177657 0.500000 3.116856
256 0.500000 3.500000 0.050000 0.000000 0.239555 0.500000 3.166330
256 0.500000 3.500000 0.050000 0.000000 0.179949 0.500000 3.166330
256 0.500000 3.500000 0.050000 0.000000 0.209443 0.500000 3.166330
256 0.500000 3.500000 0.050000 0.000000 0.209404 0.500000 3.116856
256 0.500000 3.500000 0.050000 0.000000 0.136324 0.500000 3.067382
256 0.500000 3.500000 0.050000 0.000000 0.166188 0.500000 3.265277
256 0.500000 3.500000 0.050000 0.000000 0.239875 0.500000 3.116856
256 0.500000 3.500000 0.050000 0.000000 0.223167 0.500000 3.067382
256 0.500000 3.500000 0.050000 0.000000 0.213659 0.500000 3.166330
256 0.500000 3.500000 0.050000 0.000000 0.180421 0.500000 3.116856
256 0.500000 3.500000 0.050000 0.000000 0.141213 -0.500000 2.968434
256 0.500000 3.500000 0.050000 0.000000 0.057033 0.500000 3.017908
256 0.500000 3.500000 0.050000 0.000000 0.192696 0.500000 3.215804
256 0.500000 3.500000 0.050000 0.000000 0.164233 -0.500000 3.116856
256 0.500000 3.500000 0.050000 0.000000 0.185421 0.500000 3.116856
256 0.500000 3.500000 0.050000 0.000000 0.211660 0.500000 3.116856
256 0.500000 3.500000 0.050000 0.000000 0.202233 0.500000 3.116856
256 0.500000 3.500000 0.050000 0.000000 0.164994 -0.500000 3.116856
256 0.500000 3.500000 0.050000 0.000000 0.231147 0.500000 3.166330
256 0.500000 3.500000 0.050000 0.000000 0.168038 0.500000 3.215804
256 0.500000 3.500000 0.050000 0.000000 0.214493 0.500000 3.166330
256 0.500000 3.500000 0.050000 0.000000 0.163474 0.500000 3.017908
256 0.500000 3.500000 0.050000 0.000000 0.208350 0.500000 3.166330
256 0.500000 3.500000 0.050000 0.000000 0.162088 0.500000 3.166330
256 0.500000 3.500000 0.050000 0.000000 0.167340 0.500000 3.017908
256 0.500000 3.500000 0.050000 0.000000 0.109545 0.500000 3.017908
256 0.500000 3.500000 0.050000 0.000000 0.176357 0.500000 3.067382
256 0.500000 3.500000 0.050000 0.000000 0.214895 0.500000 3.166330
256 0.500000 3.500000 0.050000 0.000000 0.163830 0.500000 3.166330
256 0.500000 3.500000 0.050000 0.000000 0.224168 0.500000 3.166330
256 0.500000 3.500000 0.050000 0.000000 0.131800 0.500000 2.918960
256 0.500000 3.500000 0.050000 0.000000 0.193141 0.500000 3.116856
256 0.500000 3.500000 0.050000 0.000000 0.187739 0.500000 3.116856
256 0.500000 3.500000 0.050000 0.000000 0.153838 0.500000 3.116856
256 0.500000 3.500000 0.050000 0.000000 0.160147 0.500000 3.017908
256 0.500000 3.500000 0.050000 0.000000 0.228076 -0.500000 3.215804
256 0.500000 3.500000 0.050000 0.000000 0.147384 0.500000 3.116856
256 0.500000 3.500000 0.050000 0.000000 0.164035 0.500000 3.166330
256 0.500000 3.500000 0.050000 0.000000 0.225863 0.500000 3.215804
256 0.500000 3.500000 0.050000 0.000000 0.162078 0.500000 3.314751
256 0.500000 3.500000 0.050000 0.000000 0.193659 -0.500000 3.166330
256 0.500000 3.500000 0.050000 0.000000 0.231308 0.500000 3.116856
256 0.500000 3.500000 0.050000 0.000000 0.167256 0.500000 3.166330
256 0.500000 3.500000 0.050000 0.000000 0.162893 0.500000 3.166330
256 0.500000 3.500000 0.050000 0.000000 0.207590 -0.500000 3.166330
256 0.500000 3.500000 0.050000 0.000000 0.232988 0.500000 3.116856
256 0.500000 3.500000 0.050000 0.000000 0.149603 -0.500000 3.067382
256 0.500000 3.500000 0.050000 0.000000 0.201775 0.500000 3.166330
256 0.500000 3.500000 0.050000 0.000000 0.203004 0.500000 3.067382
256 0.500000 3.500000 0.050000 0.000000 0.167745 -0.500000 3.067382
256 0.500000 3.500000 0.050000 0.000000 0.224802 0.500000 3.166330
256 0.500000 3.500000 0.050000 0.000000 0.167030 0.500000 3.166330
256 0.500000 3.500000 0.050000 0.000000 0.193100 0.500000 3.067382
256 0.500000 3.500000 0.050000 0.000000 0.172905 0.500000 3.166330
256 0.500000 3.500000 0.050000 0.000000 0.201087 0.500000 3.067382
256 0.500000 3.500000 0.050000 0.000000 0.180565 0.500000 3.067382
256 0.500000 3.500000 0.050000 0.000000 0.192588 0.500000 3.067382
256 0.500000 3.500000 0.050000 0.000000 0.148848 0.500000 3.166330
256 0.500000 3.500000 0.050000 0.000000 0.199768 0.500000 3.166330
256 0.500000 3.500000 0.050000 0.000000 0.205294 -0.500000 3.116856
256 0.500000 3.500000 0.050000 0.000000 0.194064 0.500000 3.265277
256 0.500000 3.500000 0.050000 0.000000 0.216599 0.500000 3.166330
256 0.500000 3.500000 0.050000 0.000000 0.209357 0.500000 3.215804
256 0.500000 3.500000 0.050000 0.000000 0.200475 -0.500000 3.166330
256 0.500000 3.500000 0.050000 0.000000 0.201448 0.500000 3.166330
256 0.500000 3.500000 0.050000 0.000000 0.238955 0.500000 3.166330
256 0.500000 3.500000 0.050000 0.000000 0.178811 -0.500000 3.314751
256 0.500000 3.500000 0.050000 0.000000 0.164711 0.500000 3.215804
256 0.500000 3.500000 0.050000 0.000000 0.063543 0.500000 2.820012
256 0.500000 3.500000 0.050000 0.000000 0.191030 0.500000 3.116856
256 0.500000 3.500000 0.050000 0.000000 0.155952 -0.500000 3.166330
256 0.500000 3.500000 0.050000 0.000000 0.181279 0.500000 3.166330
256 0.500000 3.500000 0.050000 0.000000 0.147956 0.500000 3.067382
256 0.500000 3.500000 0.050000 0.000000 0.179427 0.500000 3.067382
256 0.500000 3.500000 0.050000 0.000000 0.195146 0.500000 3.166330
256 0.500000 3.500000 0.050000 0.000000 0.156662 0.500000 3.017908
256 0.500000 3.500000 0.050000 0.000000 0.192702 0.500000 3.215804
256 0.500000 3.500000 0.050000 0.000000 0.192005 0.500000 3.067382
256 0.500000 3.500000 0.050000 0.000000 0.149119 0.500000 3.116856
256 0.500000 3.500000 0.050000 0.000000 0.150846 0.500000 3.166330
256 0.500000 3.500000 0.050000 0.000000 0.141493 0.500000 3.166330
256 0.500000 3.500000 0.050000 0.000000 0.206631 0.500000 3.166330
256 0.500000 3.500000 0.050000 0.000000 0.154220 -0.500000 3.017908
256 0.500000 3.500000 0.050000 0.000000 0.231724 0.500000 3.166330
256 0.500000 3.500000 0.050000 0.000000 0.201012 -0.500000 3.166330
256 0.500000 3.500000 0.050000 0.000000 0.149760 0.500000 3.166330
256 0.500000 3.500000 0.050000 0.000000 0.141582 0.500000 3.116856
256 0.500000 3.500000 0.050000 0.000000 0.130527 -0.500000 3.017908
256 0.500000 3.500000 0.050000 0.000000 0.209285 0.500000 3.166330
256 0.500000 3.500000 0.050000 0.000000 0.178530 -0.500000 3.116856
256 0.500000 3.500000 0.050000 0.000000 0.139877 0.500000 3.116856
256 0.500000 3.500000 0.050000 0.000000 0.168512 -0.500000 3.364225
256 0.500000 3.500000 0.050000 0.000000 0.093528 0.500000 3.017908
256 0.500000 3.500000 0.050000 0.000000 0.175894 0.500000 3.166330
256 0.500000 3.500000 0.050000 0.000000 0.169799 0.500000 3.017908
256 0.500000 3.500000 0.050000 0.000000 0.189134 0.500000 3.116856
256 0.500000 3.500000 0.050000 0.000000 0.223769 0.500000 3.166330
256 0.500000 3.500000 0.050000 0.000000 0.193292 0.500000 3.116856
256 0.500000 3.500000 0.050000 0.000000 0.131103 0.500000 3.166330
256 0.500000 3.500000 0.050000 0.000000 0.217737 0.500000 3.166330
256 0.500000 3.500000 0.050000 0.000000 0.198902 0.500000 3.116856
256 0.500000 3.500000 0.050000 0.000000 0.161605 0.500000 3.067382
256 0.500000 3.500000 0.050000 0.000000 0.155217 0.500000 2.968434
256 0.500000 3.500000 0.050000 0.000000 0.183074 0.500000 3.017908
256 0.500000 3.500000 0.050000 0.000000 0.202039 0.500000 3.116856
256 0.500000 3.500000 0.050000 0.000000 0.162962 -0.500000 3.116856
256 0.500000 3.500000 0.050000 0.000000 0.148167 0.500000 3.017908
256 0.500000 3.500000 0.050000 0.000000 0.155869 0.500000 3.067382
256 0.500000 3.500000 0.050000 0.000000 0.164985 0.500000 3.166330
256 0.500000 3.500000 0.050000 0.000000 0.212904 0.500000 3.116856
256 0.500000 3.500000 0.050000 0.000000 0.189747 0.500000 3.166330
256 0.500000 3.500000 0.050000 0.000000 0.225459 -0.500000 3.116856
256 0.500000 3.500000 0.050000 0.000000 0.187344 0.500000 3.116856
256 0.500000 3.500000 0.050000 0.000000 0.174697 0.500000 3.166330
256 0.500000 3.500000 0.050000 0.000000 0.109848 0.500000 3.116856
256 0.500000 3.500000 0.050000 0.000000 0.177801 0.500000 3.017908
256 0.500000 3.500000 0.050000 0.000000 0.223939 0.500000 3.116856
256 0.500000 3.500000 0.050000 0.000000 0.202036 0.500000 3.215804
256 0.500000 3.500000 0.050000 0.000000 0.170794 -0.500000 3.364225
256 0.500000 3.500000 0.050000 0.000000 0.183651 0.500000 3.067382
256 0.500000 3.500000 0.050000 0.000000 0.211570 0.500000 3.166330
256 0.500000 3.500000 0.050000 0.000000 0.183275 0.500000 3.166330
256 0.500000 3.500000 0.050000 0.000000 0.193456 -0.500000 3.116856
256 0.500000 3.500000 0.050000 0.000000 0.187426 -0.500000 3.166330
256 0.500000 3.500000 0.050000 0.000000 0.186165 0.500000 3.067382
256 0.500000 3.500000 0.050000 0.000000 0.161916 0.500000 3.116856
256 0.500000 3.500000 0.050000 0.000000 0.181706 0.500000 3.116856
256 0.500000 3.500000 0.050000 0.000000 0.235187 -0.500000 3.166330
256 0.500000 3.500000 0.050000 0.000000 0.132806 0.500000 3.017908
256 0.500000 3.500000 0.050000 0.000000 0.192293 0.500000 3.166330
256 0.500000 3.500000 0.050000 0.000000 0.162289 0.500000 3.067382
256 0.500000 3.500000 0.050000 0.000000 0.228573 0.500000 3.215804
256 0.500000 3.500000 0.050000 0.000000 0.142523 0.500000 3.067382
256 0.500000 3.500000 0.050000 0.000000 0.149249 0.500000 3.166330
256 0.500000 3.500000 0.050000 0.000000 0.165064 0.500000 3.116856
256 0.500000 3.500000 0.050000 0.000000 0.171038 0.500000 3.067382
256 0.500000 3.500000 0.050000 0.000000 0.186649 0.500000 3.166330
256 0.500000 3.500000 0.050000 0.000000 0.199332 0.500000 3.265277
256 0.500000 3.500000 0.050000 0.000000 0.226610 0.500000 3.116856
256 0.500000 3.500000 0.050000 0.000000 0.163942 -0.500000 3.067382
256 0.500000 3.500000 0.050000 0.000000 0.223393 0.500000 3.166330
256 0.500000 3.500000 0.050000 0.000000 0.236558 0.500000 3.166330
256 0.500000 3.500000 0.050000 0.000000 0.218828 0.500000 3.116856
256 0.500000 3.500000 0.050000 0.000000 0.235706 0.500000 3.116856
256 0.500000 3.500000 0.050000 0.000000 0.193060 0.500000 3.166330
256 0.500000 3.500000 0.050000 0.000000 0.222799 0.500000 3.116856
256 0.500000 3.500000 0.050000 0.000000 0.192431 0.500000 3.166330
256 0.500000 3.500000 0.050000 0.000000 0.080521 0.500000 3.413699
256 0.500000 3.500000 0.050000 0.000000 0.246834 0.500000 3.166330
256 0.500000 3.500000 0.050000 0.000000 0.221503 0.500000 3.166330
256 0.500000 3.500000 0.050000 0.000000 0.195435 -0.500000 3.166330
256 0.500000 3.500000 0.050000 0.000000 0.094224 0.500000 3.116856
256 0.500000 3.500000 0.050000 0.000000 0.160782 -0.500000 3.017908
256 0.500000 3.500000 0.050000 0.000000 0.171755 0.500000 3.116856
256 0.500000 3.500000 0.050000 0.000000 0.222873 0.500000 3.067382
256 0.500000 3.500000 0.050000 0.000000 0.200047 -0.500000 3.166330
256 0.500000 3.500000 0.050000 0.000000 0.157579 0.500000 3.067382
256 0.500000 3.500000 0.050000 0.000000 0.245623 0.500000 3.166330
256 0.500000 3.500000 0.050000 0.000000 0.191868 0.500000 3.215804
256 0.500000 3.500000 0.050000 0.000000 0.171305 0.500000 3.067382
256 0.500000 3.500000 0.050000 0.000000 0.178653 -0.500000 3.017908
256 0.500000 3.500000 0.050000 0.000000 0.209774 0.500000 3.166330
256 0.500000 3.500000 0.050000 0.000000 0.199622 0.500000 3.166330
256 0.500000 3.500000 0.050000 0.000000 0.165626 0.500000 3.116856
256 0.500000 3.500000 0.050000 0.000000 0.187486 0.500000 3.166330
256 0.500000 3.500000 0.050000 0.000000 0.232798 0.500000 3.116856
256 0.500000 3.500000 0.050000 0.000000 0.158126 0.500000 3.067382
256 0.500000 3.500000 0.050000 0.000000 0.178880 0.500000 3.166330
256 0.500000 3.500000 0.050000 0.000000 0.147140 0.500000 3.017908
256 0.500000 3.500000 0.050000 0.000000 0.194532 0.500000 3.166330
256 0.500000 3.500000 0.050000 0.000000 0.219538 0.500000 3.116856
256 0.500000 3.500000 0.050000 0.000000 0.223403 0.500000 3.166330
256 0.500000 3.500000 0.050000 0.000000 0.124766 -0.500000 3.067382
256 0.500000 3.500000 0.050000 0.000000 0.223155 0.500000 3.166330
256 0.500000 3.500000 0.050000 0.000000 0.201506 0.500000 3.116856
256 0.500000 3.500000 0.050000 0.000000 0.232552 0.500000 3.166330
256 0.500000 3.500000 0.050000 0.000000 0.153379 0.500000 3.017908
256 0.500000 3.500000 0.050000 0.000000 0.185501 0.500000 3.314751
256 0.500000 3.500000 0.050000 0.000000 0.155145 0.500000 3.067382
256 0.500000 3.500000 0.050000 0.000000 0.176609 0.500000 3.166330
256 0.500000 3.500000 0.050000 0.000000 0.123533 0.500000 2.968434
256 0.500000 3.500000 0.050000 0.000000 0.177497 -0.500000 3.017908
256 0.500000 3.500000 0.050000 0.000000 0.190569 0.500000 3.116856
256 0.500000 3.500000 0.050000 0.000000 0.213210 0.500000 3.067382
256 0.500000 3.500000 0.050000 0.000000 0.191440 0.500000 3.166330
256 0.500000 3.500000 0.050000 0.000000 0.180514 0.500000 3.116856
256 0.500000 3.500000 0.050000 0.000000 0.159251 0.500000 3.166330
256 0.500000 3.500000 0.050000 0.000000 0.163370 0.500000 3.166330
256 0.500000 3.500000 0.050000 0.000000 0.177887 0.500000 3.116856
256 0.500000 3.500000 0.050000 0.000000 0.211160 0.500000 3.116856
256 0.500000 3.500000 0.050000 0.000000 0.156497 0.500000 3.116856
256 0.500000 3.500000 0.050000 0.000000 0.199182 0.500000 3.116856
256 0.500000 3.500000 0.050000 0.000000 0.132348 0.500000 2.968434
256 0.500000 3.500000 0.050000 0.000000 0.211216 0.500000 3.215804
256 0.500000 3.500000 0.050000 0.000000 0.216543 0.500000 3.166330
256 0.500000 3.500000 0.050000 0.000000 0.178625 -0.500000 3.067382
256 0.500000 3.500000 0.050000 0.000000 0.189452 0.500000 3.116856
256 0.500000 3.500000 0.050000 0.000000 0.148561 -0.500000 2.968434
256 0.500000 3.500000 0.050000 0.000000 0.178563 -0.500000 3.067382
256 0.500000 3.500000 0.050000 0.000000 0.162908 0.500000 3.067382
256 0.500000 3.500000 0.050000 0.000000 0.209085 0.500000 3.067382
256 0.500000 3.500000 0.050000 0.000000 0.232997 -0.500000 3.116856
256 0.500000 3.500000 0.050000 0.000000 0.209024 0.500000 3.067382
256 0.500000 3.500000 0.050000 0.000000 0.204759 0.500000 3.166330
256 0.500000 3.500000 0.050000 0.000000 0.169910 0.500000 3.166330
256 0.500000 3.500000 0.050000 0.000000 0.168809 0.500000 3.067382
256 0.500000 3.500000 0.050000 0.000000 0.186698 0.500000 3.166330
256 0.500000 3.500000 0.050000 0.000000 0.167691 0.500000 2.968434
256 0.500000 3.500000 0.050000 0.000000 0.209527 0.500000 3.166330
256 0.500000 3.500000 0.050000 0.000000 0.146339 0.500000 3.116856
256 0.500000 3.500000 0.050000 0.000000 0.184933 -0.500000 3.067382
256 0.500000 3.500000 0.050000 0.000000 0.200138 0.500000 3.166330
256 0.500000 3.500000 0.050000 0.000000 0.177393 0.500000 3.166330
256 0.500000 3.500000 0.050000 0.000000 0.191151 0.500000 3.116856
256 0.500000 3.500000 0.050000 0.000000 0.225253 0.500000 3.166330
256 0.500000 3.500000 0.050000 0.000000 0.186484 0.500000 3.067382
256 0.500000 3.500000 0.050000 0.000000 0.195067 0.500000 3.116856
256 0.500000 3.500000 0.050000 0.000000 0.226237 0.500000 3.116856
256 0.500000 3.500000 0.050000 0.000000 0.192628 0.500000 3.116856
256 0.500000 3.500000 0.050000 0.000000 0.181461 0.500000 3.067382
256 0.500000 3.500000 0.050000 0.000000 0.132150 0.500000 2.869486
256 0.500000 3.500000 0.050000 0.000000 0.207157 -0.500000 3.116856
256 0.500000 3.500000 0.050000 0.000000 0.190021 0.500000 3.166330
256 0.500000 3.500000 0.050000 0.000000 0.229797 0.500000 3.166330
256 0.500000 3.500000 0.050000 0.000000 0.218401 0.500000 3.166330
256 0.500000 3.500000 0.050000 0.000000 0.259826 0.500000 3.166330
256 0.500000 3.500000 0.050000 0.000000 0.234089 0.500000 3.166330
256 0.500000 3.500000 0.050000 0.000000 0.182154 0.500000 3.265277
256 0.500000 3.500000 0.050000 0.000000 0.195849 0.500000 3.067382
256 0.500000 3.500000 0.050000 0.000000 0.176625 0.500000 2.968434
256 0.500000 3.500000 0.050000 0.000000 0.115058 0.500000 3.116856
256 0.500000 3.500000 0.050000 0.000000 0.199783 0.500000 3.067382
256 0.500000 3.500000 0.050000 0.000000 0.177272 -0.500000 3.166330
256 0.500000 3.500000 0.050000 0.000000 0.181076 0.500000 3.116856
256 0.500000 3.500000 0.050000 0.000000 0.207087 0.500000 3.166330
256 0.500000 3.500000 0.050000 0.000000 0.146873 -0.500000 2.918960
256 0.500000 3.500000 0.050000 0.000000 0.185464 0.500000 3.067382
256 0.500000 3.500000 0.050000 0.000000 0.078163 0.500000 3.067382
256 0.500000 3.500000 0.050000 0.000000 0.147340 0.500000 3.067382
256 0.500000 3.500000 0.050000 0.000000 0.224743 0.500000 3.166330
256 0.500000 3.500000 0.050000 0.000000 0.212721 0.500000 3.067382
256 0.500000 3.500000 0.050000 0.000000 0.109035 0.500000 3.067382
256 0.500000 3.500000 0.050000 0.000000 0.117359 -0.500000 2.968434
256 0.500000 3.500000 0.050000 0.000000 0.101304 0.500000 2.968434
256 0.500000 3.500000 0.050000 0.000000 0.233857 0.500000 3.116856
256 0.500000 3.500000 0.050000 0.000000 0.201437 0.500000 3.116856
256 0.500000 3.500000 0.050000 0.000000 0.230669 0.500000 3.215804
256 0.500000 3.500000 0.050000 0.000000 0.153903 0.500000 3.463173
256 0.500000 3.500000 0.050000 0.000000 0.178425 0.500000 3.067382
256 0.500000 3.500000 0.050000 0.000000 0.183194 -0.500000 3.067382
256 0.500000 3.500000 0.050000 0.000000 0.186155 -0.500000 3.067382
256 0.500000 3.500000 0.050000 0.000000 0.201255 0.500000 3.116856
256 0.500000 3.500000 0.050000 0.000000 0.186427 0.500000 3.116856
256 0.500000 3.500000 0.050000 0.000000 0.220472 -0.500000 3.166330
256 0.500000 3.500000 0.050000 0.000000 0.164901 0.500000 3.166330
256 0.500000 3.500000 0.050000 0.000000 0.171957 0.500000 3.166330
256 0.500000 3.500000 0.050000 0.000000 0.210172 -0.500000 3.116856
256 0.500000 3.500000 0.050000 0.000000 0.185459 0.500000 3.017908
256 0.500000 3.500000 0.050000 0.000000 0.202706 0.500000 3.067382
256 0.500000 3.500000 0.050000 0.000000 0.196787 0.500000 3.166330
256 0.500000 3.500000 0.050000 0.000000 0.184678 0.500000 3.067382
256 0.500000 3.500000 0.050000 0.000000 0.163720 0.500000 3.017908
256 0.500000 3.500000 0.050000 0.000000 0.149821 -0.500000 3.017908
256 0.500000 3.500000 0.050000 0.000000 0.259729 0.500000 3.166330
256 0.500000 3.500000 0.050000 0.000000 0.195310 0.500000 3.116856
256 0.500000 3.500000 0.050000 0.000000 0.163704 0.500000 3.314751
256 0.500000 3.500000 0.050000 0.000000 0.186570 0.500000 3.116856
256 0.500000 3.500000 0.050000 0.000000 0.165818 0.500000 3.067382
256 0.500000 3.500000 0.050000 0.000000 0.166141 0.500000 3.067382
256 0.500000 3.500000 0.050000 0.000000 0.202920 0.500000 3.166330
256 0.500000 3.500000 0.050000 0.000000 0.217656 -0.500000 3.067382
256 0.500000 3.500000 0.050000 0.000000 0.186754 0.500000 3.067382
256 0.500000 3.500000 0.050000 0.000000 0.183738 -0.500000 3.067382
256 0.500000 3.500000 0.050000 0.000000 0.213679 -0.500000 3.166330
256 0.500000 3.500000 0.050000 0.000000 0.209498 0.500000 3.067382
256 0.500000 3.500000 0.050000 0.000000 0.186579 -0.500000 3.166330
256 0.500000 3.500000 0.050000 0.000000 0.183613 0.500000 3.116856
256 0.500000 3.500000 0.050000 0.000000 0.111826 -0.500000 3.116856
256 0.500000 3.500000 0.050000 0.000000 0.180459 0.500000 3.116856
256 0.500000 3.500000 0.050000 0.000000 0.173430 0.500000 3.166330
256 0.500000 3.500000 0.050000 0.000000 0.214600 0.500000 3.116856
256 0.500000 3.500000 0.050000 0.000000 0.151519 -0.500000 2.968434
256 0.500000 3.500000 0.050000 0.000000 0.207990 0.500000 3.116856
256 0.500000 3.500000 0.050000 0.000000 0.164301 0.500000 2.968434
256 0.500000 3.500000 0.050000 0.000000 0.157192 -0.500000 3.215804
256 0.500000 3.500000 0.050000 0.000000 0.240987 0.500000 3.166330
256 0.500000 3.500000 0.050000 0.000000 0.202596 -0.500000 3.166330
256 0.500000 3.500000 0.050000 0.000000 0.189153 0.500000 3.166330
256 0.500000 3.500000 0.050000 0.000000 0.167731 0.500000 3.166330
256 0.500000 3.500000 0.050000 0.000000 0.190722 0.500000 3.166330
256 0.500000 3.500000 0.050000 0.000000 0.168807 0.500000 2.968434
256 0.500000 3.500000 0.050000 0.000000 0.163871 0.500000 3.116856
256 0.500000 3.500000 0.050000 0.000000 0.167933 0.500000 3.116856
256 0.500000 3.500000 0.050000 0.000000 0.229443 0.500000 3.116856
256 0.500000 3.500000 0.050000 0.000000 0.109596 0.500000 3.017908
256 0.500000 3.500000 0.050000 0.000000 0.198406 -0.500000 3.067382
256 0.500000 3.500000 0.050000 0.000000 0.214195 -0.500000 3.166330
256 0.500000 3.500000 0.050000 0.000000 0.203913 0.500000 3.166330
256 0.500000 3.500000 0.050000 0.000000 0.230712 0.500000 3.116856
256 0.500000 3.500000 0.050000 0.000000 0.217713 0.500000 3.166330
256 0.500000 3.500000 0.050000 0.000000 0.188735 -0.500000 3.166330
256 0.500000 3.500000 0.050000 0.000000 0.188562 0.500000 3.067382
256 0.500000 3.500000 0.050000 0.000000 0.188031 0.500000 3.166330
256 0.500000 3.500000 0.050000 0.000000 0.182643 -0.500000 3.166330
256 0.500000 3.500000 0.050000 0.000000 0.203494 -0.500000 3.166330
256 0.500000 3.500000 0.050000 0.000000 0.153644 -0.500000 2.968434
256 0.500000 3.500000 0.050000 0.000000 0.198856 0.500000 3.116856
256 0.500000 3.500000 0.050000 0.000000 0.149192 0.500000 3.067382
256 0.500000 3.500000 0.050000 0.000000 0.210142 0.500000 3.116856
256 0.500000 3.500000 0.050000 0.000000 0.170790 -0.500000 3.067382
256 0.500000 3.500000 0.050000 0.000000 0.148991 0.500000 3.116856
256 0.500000 3.500000 0.050000 0.000000 0.283190 0.500000 3.166330
256 0.500000 3.500000 0.050000 0.000000 0.232522 0.500000 3.215804
256 0.500000 3.500000 0.050000 0.000000 0.217318 -0.500000 3.215804
256 0.500000 3.500000 0.050000 0.000000 0.176988 -0.500000 3.166330
256 0.500000 3.500000 0.050000 0.000000 0.221973 -0.500000 3.067382
256 0.500000 3.500000 0.050000 0.000000 0.148128 0.500000 3.116856
256 0.500000 3.500000 0.050000 0.000000 0.165850 0.500000 3.116856
256 0.500000 3.500000 0.050000 0.000000 0.197014 0.500000 3.116856
256 0.500000 3.500000 0.050000 0.000000 0.245192 -0.500000 3.166330
256 0.500000 3.500000 0.050000 0.000000 0.175791 0.500000 3.017908
256 0.500000 3.500000 0.050000 0.000000 0.192883 0.500000 3.067382
256 0.500000 3.500000 0.050000 0.000000 0.204274 0.500000 3.166330
256 0.500000 3.500000 0.050000 0.000000 0.184411 0.500000 3.017908
256 0.500000 3.500000 0.050000 0.000000 0.208991 0.500000 3.166330
256 0.500000 3.500000 0.050000 0.000000 0.197908 0.500000 3.166330
256 0.500000 3.500000 0.050000 0.000000 0.128984 -0.500000 3.067382
256 0.500000 3.500000 0.050000 0.000000 0.201819 0.500000 3.166330
256 0.500000 3.500000 0.050000 0.000000 0.148643 0.500000 3.166330
256 0.500000 3.500000 0.050000 0.000000 0.224696 -0.500000 3.166330
256 0.500000 3.500000 0.050000 0.000000 0.235535 0.500000 3.166330
256 0.500000 3.500000 0.050000 0.000000 0.187131 0.500000 2.968434
256 0.500000 3.500000 0.050000 0.000000 0.169927 0.500000 3.116856
256 0.500000 3.500000 0.050000 0.000000 0.231673 0.500000 3.166330
256 0.500000 3.500000 0.050000 0.000000 0.200943 -0.500000 3.116856
256 0.500000 3.500000 0.050000 0.000000 0.254818 0.500000 3.116856
256 0.500000 3.500000 0.050000 0.000000 0.192335 0.500000 3.166330
256 0.500000 3.500000 0.050000 0.000000 0.191011 0.500000 3.166330
256 0.500000 3.500000 0.050000 0.000000 0.125506 0.500000 3.067382
256 0.500000 3.500000 0.050000 0.000000 0.193554 0.500000 3.067382
256 0.500000 3.500000 0.050000 0.000000 0.231712 0.500000 3.116856
256 0.500000 3.500000 0.050000 0.000000 0.193193 0.500000 3.067382
256 0.500000 3.500000 0.050000 0.000000 0.225094 -0.500000 3.116856
256 0.500000 3.500000 0.050000 0.000000 0.213827 0.500000 3.166330
256 0.500000 3.500000 0.050000 0.000000 0.220818 0.500000 3.215804
256 0.500000 3.500000 0.050000 0.000000 0.233871 0.500000 3.166330
256 0.500000 3.500000 0.050000 0.000000 0.188924 0.500000 3.166330
256 0.500000 3.500000 0.050000 0.000000 0.173951 0.500000 2.968434
256 0.500000 3.500000 0.050000 0.000000 0.203671 0.500000 3.116856
256 0.500000 3.500000 0.050000 0.000000 0.188657 0.500000 3.067382
256 0.500000 3.500000 0.050000 0.000000 0.234860 0.500000 3.067382
256 0.500000 3.500000 0.050000 0.000000 0.180614 0.500000 3.067382
256 0.500000 3.500000 0.050000 0.000000 0.196175 0.500000 3.067382
256 0.500000 3.500000 0.050000 0.000000 0.202043 0.500000 3.265277
256 0.500000 3.500000 0.050000 0.000000 0.187523 0.500000 3.067382
256 0.500000 3.500000 0.050000 0.000000 0.178203 0.500000 3.067382
256 0.500000 3.500000 0.050000 0.000000 0.168746 0.500000 3.166330
256 0.500000 3.500000 0.050000 0.000000 0.206119 0.500000 3.116856
256 0.500000 3.500000 0.050000 0.000000 0.203989 0.500000 3.166330
256 0.500000 3.500000 0.050000 0.000000 0.164214 0.500000 3.166330
256 0.500000 3.500000 0.050000 0.000000 0.151679 0.500000 3.116856
256 0.500000 3.500000 0.050000 0.000000 0.164615 0.500000 3.116856
256 0.500000 3.500000 0.050000 0.000000 0.188057 0.500000 3.166330
256 0.500000 3.500000 0.050000 0.000000 0.187024 0.500000 3.166330
256 0.500000 3.500000 0.050000 0.000000 0.172262 0.500000 2.968434
256 0.500000 3.500000 0.050000 0.000000 0.162851 0.500000 3.314751
256 0.500000 3.500000 0.050000 0.000000 0.210082 0.500000 3.265277
256 0.500000 3.500000 0.050000 0.000000 0.139743 0.500000 3.017908
256 0.500000 3.500000 0.050000 0.000000 0.218215 0.500000 3.116856
256 0.500000 3.500000 0.050000 0.000000 0.191149 0.500000 3.017908
256 0.500000 3.500000 0.050000 0.000000 0.189813 0.500000 3.166330
256 0.500000 3.500000 0.050000 0.000000 0.191640 0.500000 3.017908
256 0.500000 3.500000 0.050000 0.000000 0.171949 0.500000 3.067382
256 0.500000 3.500000 0.050000 0.000000 0.171885 -0.500000 3.215804
256 0.500000 3.500000 0.050000 0.000000 0.186167 0.500000 3.166330
256 0.500000 3.500000 0.050000 0.000000 0.213172 0.500000 3.166330
256 0.500000 3.500000 0.050000 0.000000 0.157813 0.500000 3.166330
256 0.500000 3.500000 0.050000 0.000000 0.234780 0.500000 3.166330
256 0.500000 3.500000 0.050000 0.000000 0.173733 -0.500000 3.116856
256 0.500000 3.500000 0.050000 0.000000 0.164703 -0.500000 3.166330
256 0.500000 3.500000 0.050000 0.000000 0.160516 0.500000 3.166330
256 0.500000 3.500000 0.050000 0.000000 0.181434 -0.500000 3.265277
256 0.500000 3.500000 0.050000 0.000000 0.239044 0.500000 3.116856
256 0.500000 3.500000 0.050000 0.000000 0.145666 0.500000 3.116856
256 0.500000 3.500000 0.050000 0.000000 0.192432 0.500000 3.116856
256 0.500000 3.500000 0.050000 0.000000 0.168219 -0.500000 3.166330
256 0.500000 3.500000 0.050000 0.000000 0.170722 0.500000 3.265277
256 0.500000 3.500000 0.050000 0.000000 0.230182 0.500000 3.116856
256 0.500000 3.500000 0.050000 0.000000 0.231744 0.500000 3.215804
256 0.500000 3.500000 0.050000 0.000000 0.162738 0.500000 3.116856
256 0.500000 3.500000 0.050000 0.000000 0.190320 -0.500000 3.067382
256 0.500000 3.500000 0.050000 0.000000 0.156848 0.500000 3.116856
256 0.500000 3.500000 0.050000 0.000000 0.266557 0.500000 3.116856
256 0.500000 3.500000 0.050000 0.000000 0.177100 -0.500000 3.116856
256 0.500000 3.500000 0.050000 0.000000 0.214684 0.500000 3.067382
256 0.500000 3.500000 0.050000 0.000000 0.218241 0.500000 3.215804
256 0.500000 3.500000 0.050000 0.000000 0.227364 0.500000 3.116856
256 0.500000 3.500000 0.050000 0.000000 0.184233 0.500000 3.116856
256 0.500000 3.500000 0.050000 0.000000 0.140708 0.500000 3.166330
256 0.500000 3.500000 0.050000 0.000000 0.210015 0.500000 3.166330
256 0.500000 3.500000 0.050000 0.000000 0.225585 0.500000 3.166330
256 0.500000 3.500000 0.050000 0.000000 0.177852 0.500000 3.017908
256 0.500000 3.500000 0.050000 0.000000 0.166272 0.500000 3.116856
256 0.500000 3.500000 0.050000 0.000000 0.191953 0.500000 3.116856
256 0.500000 3.500000 0.050000 0.000000 0.171507 -0.500000 3.215804
256 0.500000 3.500000 0.050000 0.000000 0.187589 0.500000 3.166330
256 0.500000 3.500000 0.050000 0.000000 0.244931 0.500000 3.166330
256 0.500000 3.500000 0.050000 0.000000 0.142452 0.500000 3.215804
256 0.500000 3.500000 0.050000 0.000000 0.202528 0.500000 3.116856
256 0.500000 3.500000 0.050000 0.000000 0.195379 0.500000 2.918960
256 0.500000 3.500000 0.050000 0.000000 0.209508 0.500000 3.166330
256 0.500000 3.500000 0.050000 0.000000 0.241139 0.500000 3.166330
256 0.500000 3.500000 0.050000 0.000000 0.123762 0.500000 3.017908
256 0.500000 3.500000 0.050000 0.000000 0.192917 -0.500000 3.116856
256 0.500000 3.500000 0.050000 0.000000 0.141950 0.500000 3.166330
256 0.500000 3.500000 0.050000 0.000000 0.155786 0.500000 3.166330
256 0.500000 3.500000 0.050000 0.000000 0.179430 -0.500000 3.265277
256 0.500000 3.500000 0.050000 0.000000 0.186228 0.500000 3.067382
256 0.500000 3.500000 0.050000 0.000000 0.187697 0.500000 3.215804
256 0.500000 3.500000 0.050000 0.000000 0.208727 0.500000 3.364225
256 0.500000 3.500000 0.050000 0.000000 0.168847 0.500000 3.067382
256 0.500000 3.500000 0.050000 0.000000 0.154384 -0.500000 2.869486
256 0.500000 3.500000 0.050000 0.000000 0.199405 0.500000 3.116856
256 0.500000 3.500000 0.050000 0.000000 0.186053 0.500000 3.166330
256 0.500000 3.500000 0.050000 0.000000 0.216839 0.500000 3.116856
256 0.500000 3.500000 0.050000 0.000000 0.140960 0.500000 3.067382
256 0.500000 3.500000 0.050000 0.000000 0.172500 0.500000 3.116856
256 0.500000 3.500000 0.050000 0.000000 0.154981 0.500000 3.067382
256 0.500000 3.500000 0.050000 0.000000 0.185356 0.500000 3.116856
256 0.500000 3.500000 0.050000 0.000000 0.184660 0.500000 3.116856
256 0.500000 3.500000 0.050000 0.000000 0.193816 0.500000 3.017908
256 0.500000 3.500000 0.050000 0.000000 0.160594 0.500000 3.067382
256 0.500000 3.500000 0.050000 0.000000 0.184262 0.500000 3.067382
256 0.500000 3.500000 0.050000 0.000000 0.232238 0.500000 3.166330
256 0.500000 3.500000 0.050000 0.000000 0.197637 0.500000 3.067382
256 0.500000 3.500000 0.050000 0.000000 0.208786 0.500000 3.067382
256 0.500000 3.500000 0.050000 0.000000 0.190471 -0.500000 3.116856
256 0.500000 3.500000 0.050000 0.000000 0.216679 0.500000 3.116856
256 0.500000 3.500000 0.050000 0.000000 0.196658 0.500000 3.166330
256 0.500000 3.500000 0.050000 0.000000 0.212615 -0.500000 3.116856
256 0.500000 3.500000 0.050000 0.000000 0.217899 0.500000 3.116856
256 0.500000 3.500000 0.050000 0.000000 0.226222 0.500000 3.166330
256 0.500000 3.500000 0.050000 0.000000 0.164414 0.500000 3.166330
256 0.500000 3.500000 0.050000 0.000000 0.205376 -0.500000 3.067382
256 0.500000 3.500000 0.050000 0.000000 0.263767 0.500000 3.166330
256 0.500000 3.500000 0.050000 0.000000 0.176464 0.500000 3.166330
256 0.500000 3.500000 0.050000 0.000000 0.194132 0.500000 3.166330
256 0.500000 3.500000 0.050000 0.000000 0.201635 0.500000 3.067382
256 0.500000 3.500000 0.050000 0.000000 0.166875 0.500000 3.166330
256 0.500000 3.500000 0.050000 0.000000 0.155301 0.500000 2.968434
256 0.500000 3.500000 0.050000 0.000000 0.164561 -0.500000 3.067382
256 0.500000 3.500000 0.050000 0.000000 0.145431 0.500000 3.116856
256 0.500000 3.500000 0.050000 0.000000 0.226289 -0.500000 3.116856
256 0.500000 3.500000 0.050000 0.000000 0.147833 0.500000 3.265277
256 0.500000 3.500000 0.050000 0.000000 0.238869 0.500000 3.116856
256 0.500000 3.500000 0.050000 0.000000 0.196060 0.500000 3.314751
256 0.500000 3.500000 0.050000 0.000000 0.193022 0.500000 3.166330
256 0.500000 3.500000 0.050000 0.000000 0.233059 0.500000 3.166330
256 0.500000 3.500000 0.050000 0.000000 0.224110 0.500000 3.116856
256 0.500000 3.500000 0.050000 0.000000 0.188760 0.500000 3.067382
256 0.500000 3.500000 0.050000 0.000000 0.202792 0.500000 3.166330
256 0.500000 3.500000 0.050000 0.000000 0.153938 0.500000 3.017908
256 0.500000 3.500000 0.050000 0.000000 0.233253 0.500000 3.166330
256 0.500000 3.500000 0.050000 0.000000 0.203008 -0.500000 3.215804
256 0.500000 3.500000 0.050000 0.000000 0.187232 0.500000 3.166330
256 0.500000 3.500000 0.050000 0.000000 0.208427 0.500000 3.067382
256 0.500000 3.500000 0.050000 0.000000 0.179525 0.500000 3.116856
256 0.500000 3.500000 0.050000 0.000000 0.208912 -0.500000 3.116856
256 0.500000 3.500000 0.050000 0.000000 0.200900 0.500000 3.116856
256 0.500000 3.500000 0.050000 0.000000 0.202950 0.500000 3.166330
256 0.500000 3.500000 0.050000 0.000000 0.195209 0.500000 3.215804
256 0.500000 3.500000 0.050000 0.000000 0.181094 0.500000 3.116856
256 0.500000 3.500000 0.050000 0.000000 0.186736 0.500000 3.116856
256 0.500000 3.500000 0.050000 0.000000 0.183065 0.500000 3.017908
256 0.500000 3.500000 0.050000 0.000000 0.153129 0.500000 2.968434
256 0.500000 3.500000 0.050000 0.000000 0.227011 0.500000 3.166330
256 0.500000 3.500000 0.050000 0.000000 0.168490 0.500000 3.017908
256 0.500000 3.500000 0.050000 0.000000 0.177164 0.500000 3.067382
256 0.500000 3.500000 0.050000 0.000000 0.111310 0.500000 3.116856
256 0.500000 3.500000 0.050000 0.000000 0.223776 0.500000 3.215804
256 0.500000 3.500000 0.050000 0.000000 0.202588 0.500000 3.166330
256 0.500000 3.500000 0.050000 0.000000 0.200348 -0.500000 3.314751
256 0.500000 3.500000 0.050000 0.000000 0.221088 0.500000 3.166330
256 0.500000 3.500000 0.050000 0.000000 0.124006 0.500000 3.116856
256 0.500000 3.500000 0.050000 0.000000 0.171805 0.500000 3.067382
256 0.500000 3.500000 0.050000 0.000000 0.202536 0.500000 3.166330
256 0.500000 3.500000 0.050000 0.000000 0.179559 0.500000 3.017908
256 0.500000 3.500000 0.050000 0.000000 0.183674 0.500000 3.166330
256 0.500000 3.500000 0.050000 0.000000 0.194493 0.500000 3.116856
256 0.500000 3.500000 0.050000 0.000000 0.185943 0.500000 3.116856
256 0.500000 3.500000 0.050000 0.000000 0.218892 0.500000 3.116856
256 0.500000 3.500000 0.050000 0.000000 0.216558 0.500000 3.215804
256 0.500000 3.500000 0.050000 0.000000 0.130803 0.500000 2.968434
256 0.500000 3.500000 0.050000 0.000000 0.112051 0.500000 3.265277
256 0.500000 3.500000 0.050000 0.000000 0.206628 0.500000 3.116856
256 0.500000 3.500000 0.050000 0.000000 0.192925 0.500000 3.166330
256 0.500000 3.500000 0.050000 0.000000 0.131942 0.500000 3.017908
256 0.500000 3.500000 0.050000 0.000000 0.174100 0.500000 3.116856
256 0.500000 3.500000 0.050000 0.000000 0.224191 0.500000 3.116856
256 0.500000 3.500000 0.050000 0.000000 0.187417 -0.500000 3.265277
256 0.500000 3.500000 0.050000 0.000000 0.162116 -0.500000 3.166330
256 0.500000 3.500000 0.050000 0.000000 0.172292 -0.500000 3.067382
256 0.500000 3.500000 0.050000 0.000000 0.154149 0.500000 3.166330
256 0.500000 3.500000 0.050000 0.000000 0.148396 0.500000 3.314751
256 0.500000 3.500000 0.050000 0.000000 0.182191 0.500000 2.968434
256 0.500000 3.500000 0.050000 0.000000 0.177540 -0.500000 3.166330
256 0.500000 3.500000 0.050000 0.000000 0.226924 0.500000 3.116856
256 0.500000 3.500000 0.050000 0.000000 0.223431 -0.500000 3.116856
256 0.500000 3.500000 0.050000 0.000000 0.186555 0.500000 3.166330
256 0.500000 3.500000 0.050000 0.000000 0.179163 0.500000 3.166330
256 0.500000 3.500000 0.050000 0.000000 0.196128 0.500000 3.116856
256 0.500000 3.500000 0.050000 0.000000 0.224060 0.500000 3.067382
256 0.500000 3.500000 0.050000 0.000000 0.178059 0.500000 3.215804
256 0.500000 3.500000 0.050000 0.000000 0.153999 -0.500000 3.017908
256 0.500000 3.500000 0.050000 0.000000 0.208577 0.500000 3.067382
256 0.500000 3.500000 0.050000 0.000000 0.199903 0.500000 3.166330
256 0.500000 3.500000 0.050000 0.000000 0.183230 0.500000 2.968434
256 0.500000 3.500000 0.050000 0.000000 0.180244 0.500000 3.116856
256 0.500000 3.500000 0.050000 0.000000 0.197912 0.500000 3.166330
256 0.500000 3.500000 0.050000 0.000000 0.200075 -0.500000 3.116856
256 0.500000 3.500000 0.050000 0.000000 0.219067 0.500000 3.116856
256 0.500000 3.500000 0.050000 0.000000 0.204216 0.500000 3.116856
256 0.500000 3.500000 0.050000 0.000000 0.209347 0.500000 3.067382
256 0.500000 3.500000 0.050000 0.000000 0.215199 0.500000 3.116856
256 0.500000 3.500000 0.050000 0.000000 0.142137 -0.500000 3.215804
256 0.500000 3.500000 0.050000 0.000000 0.221901 0.500000 3.116856
256 0.500000 3.500000 0.050000 0.000000 0.232914 0.500000 3.166330
256 0.500000 3.500000 0.050000 0.000000 0.191762 0.500000 3.116856
256 0.500000 3.500000 0.050000 0.000000 0.195625 0.500000 3.067382
256 0.500000 3.500000 0.050000 0.000000 0.164964 -0.500000 3.116856
256 0.500000 3.500000 0.050000 0.000000 0.224839 0.500000 3.116856
256 0.500000 3.500000 0.050000 0.000000 0.220472 -0.500000 3.166330
256 0.500000 3.500000 0.050000 0.000000 0.218319 0.500000 3.166330
256 0.500000 3.500000 0.050000 0.000000 0.171644 0.500000 3.116856
256 0.500000 3.500000 0.050000 0.000000 0.176536 -0.500000 3.067382
256 0.500000 3.500000 0.050000 0.000000 0.192932 0.500000 3.116856
256 0.500000 3.500000 0.050000 0.000000 0.217222 0.500000 3.116856
256 0.500000 3.500000 0.050000 0.000000 0.208379 0.500000 3.166330
256 0.500000 3.500000 0.050000 0.000000 0.211367 0.500000 3.166330
256 0.500000 3.500000 0.050000 0.000000 0.124029 -0.500000 3.166330
256 0.500000 3.500000 0.050000 0.000000 0.207319 0.500000 3.067382
256 0.500000 3.500000 0.050000 0.000000 0.210227 0.500000 3.116856
256 0.500000 3.500000 0.050000 0.000000 0.193865 0.500000 3.215804
256 0.500000 3.500000 0.050000 0.000000 0.132794 0.500000 3.314751
256 0.500000 3.500000 0.050000 0.000000 0.183706 0.500000 3.116856
256 0.500000 3.500000 0.050000 0.000000 0.216172 0.500000 3.116856
256 0.500000 3.500000 0.050000 0.000000 0.210264 0.500000 3.067382
256 0.500000 3.500000 0.050000 0.000000 0.149550 -0.500000 3.017908
256 0.500000 3.500000 0.050000 0.000000 0.199972 0.500000 3.116856
256 0.500000 3.500000 0.050000 0.000000 0.208394 0.500000 3.166330
256 0.500000 3.500000 0.050000 0.000000 0.127518 -0.500000 3.017908
256 0.500000 3.500000 0.050000 0.000000 0.201189 0.500000 3.166330
256 0.500000 3.500000 0.050000 0.000000 0.192509 0.500000 3.067382
256 0.500000 3.500000 0.050000 0.000000 0.252947 0.500000 3.166330
256 0.500000 3.500000 0.050000 0.000000 0.207381 0.500000 3.314751
256 0.500000 3.500000 0.050000 0.000000 0.209104 0.500000 3.166330
256 0.500000 3.500000 0.050000 0.000000 0.168358 0.500000 3.067382
256 0.500000 3.500000 0.050000 0.000000 0.181202 0.500000 3.116856
256 0.500000 3.500000 0.050000 0.000000 0.225889 -0.500000 3.116856
256 0.500000 3.500000 0.050000 0.000000 0.136453 0.500000 3.116856
256 0.500000 3.500000 0.050000 0.000000 0.206155 -0.500000 3.166330
256 0.500000 3.500000 0.050000 0.000000 0.140697 0.500000 2.968434
256 0.500000 3.500000 0.050000 0.000000 0.207050 0.500000 3.166330
256 0.500000 3.500000 0.050000 0.000000 0.196251 0.500000 3.067382
256 0.500000 3.500000 0.050000 0.000000 0.181818 0.500000 3.017908
256 0.500000 3.500000 0.050000 0.000000 0.194366 0.500000 3.215804
256 0.500000 3.500000 0.050000 0.000000 0.228338 0.500000 3.116856
256 0.500000 3.500000 0.050000 0.000000 0.231295 0.500000 3.166330
256 0.500000 3.500000 0.050000 0.000000 0.212416 0.500000 3.166330
256 0.500000 3.500000 0.050000 0.000000 0.202499 0.500000 3.116856
256 0.500000 3.500000 0.050000 0.000000 0.176851 0.500000 3.116856
256 0.500000 3.500000 0.050000 0.000000 0.217031 0.500000 3.116856
256 0.500000 3.500000 0.050000 0.000000 0.168835 -0.500000 3.116856
256 0.500000 3.500000 0.050000 0.000000 0.159489 0.500000 2.918960
256 0.500000 3.500000 0.050000 0.000000 0.201867 0.500000 3.166330
256 0.500000 3.500000 0.050000 0.000000 0.220872 0.500000 3.166330
256 0.500000 3.500000 0.050000 0.000000 0.156909 0.500000 3.116856
256 0.500000 3.500000 0.050000 0.000000 0.224419 0.500000 3.166330
256 0.500000 3.500000 0.050000 0.000000 0.221182 0.500000 3.166330
256 0.500000 3.500000 0.050000 0.000000 0.224465 0.500000 3.116856
256 0.500000 3.500000 0.050000 0.000000 0.156093 0.500000 3.166330
256 0.500000 3.500000 0.050000 0.000000 0.231919 0.500000 3.166330
256 0.500000 3.500000 0.050000 0.000000 0.168765 0.500000 3.017908
256 0.500000 3.500000 0.050000 0.000000 0.216386 -0.500000 3.116856
256 0.500000 3.500000 0.050000 0.000000 0.184172 0.500000 3.166330
256 0.500000 3.500000 0.050000 0.000000 0.167089 0.500000 3.116856
256 0.500000 3.500000 0.050000 0.000000 0.139875 0.500000 2.918960
256 0.500000 3.500000 0.050000 0.000000 0.081227 0.500000 2.869486
256 0.500000 3.500000 0.050000 0.000000 0.148286 0.500000 3.116856
256 0.500000 3.500000 0.050000 0.000000 0.191827 0.500000 3.116856
256 0.500000 3.500000 0.050000 0.000000 0.175330 0.500000 3.067382
256 0.500000 3.500000 0.050000 0.000000 0.173464 0.500000 3.166330
256 0.500000 3.500000 0.050000 0.000000 0.242110 0.500000 3.166330
256 0.500000 3.500000 0.050000 0.000000 0.193359 0.500000 3.017908
256 0.500000 3.500000 0.050000 0.000000 0.215982 -0.500000 3.067382
256 0.500000 3.500000 0.050000 0.000000 0.122915 0.500000 2.968434
256 0.500000 3.500000 0.050000 0.000000 0.147128 0.500000 3.215804
256 0.500000 3.500000 0.050000 0.000000 0.205044 -0.500000 3.067382
256 0.500000 3.500000 0.050000 0.000000 0.230197 -0.500000 3.215804
256 0.500000 3.500000 0.050000 0.000000 0.152491 0.500000 3.067382
256 0.500000 3.500000 0.050000 0.000000 0.225540 -0.500000 3.116856
256 0.500000 3.500000 0.050000 0.000000 0.171517 0.500000 2.968434
256 0.500000 3.500000 0.050000 0.000000 0.169947 0.500000 3.067382
256 0.500000 3.500000 0.050000 0.000000 0.161510 0.500000 2.918960
256 0.500000 3.500000 0.050000 0.000000 0.220459 0.500000 3.166330
256 0.500000 3.500000 0.050000 0.000000 0.178182 0.500000 3.067382
256 0.500000 3.500000 0.050000 0.000000 0.158059 0.500000 3.166330
256 0.500000 3.500000 0.050000 0.000000 0.171438 0.500000 2.968434
256 0.500000 3.500000 0.050000 0.000000 0.198594 0.500000 3.116856
256 0.500000 3.500000 0.050000 0.000000 0.197267 0.500000 3.067382
256 0.500000 3.500000 0.050000 0.000000 0.230414 0.500000 3.166330
256 0.500000 3.500000 0.050000 0.000000 0.184647 -0.500000 3.017908
256 0.500000 3.500000 0.050000 0.000000 0.210100 0.500000 3.116856
256 0.500000 3.500000 0.050000 0.000000 0.165479 0.500000 3.166330
256 0.500000 3.500000 0.050000 0.000000 0.141322 0.500000 2.918960
256 0.500000 3.500000 0.050000 0.000000 0.169049 0.500000 3.116856
256 0.500000 3.500000 0.050000 0.000000 0.188953 -0.500000 3.067382
256 0.500000 3.500000 0.050000 0.000000 0.141837 0.500000 2.968434
256 0.500000 3.500000 0.050000 0.000000 0.241218 -0.500000 3.116856
256 0.500000 3.500000 0.050000 0.000000 0.200791 -0.500000 3.067382
256 0.500000 3.500000 0.050000 0.000000 0.156162 0.500000 3.116856
256 0.500000 3.500000 0.050000 0.000000 0.183850 0.500000 3.067382
256 0.500000 3.500000 0.050000 0.000000 0.134897 -0.500000 3.116856
256 0.500000 3.500000 0.050000 0.000000 0.206334 0.500000 3.116856
256 0.500000 3.500000 0.050000 0.000000 0.224013 0.500000 3.116856
256 0.500000 3.500000 0.050000 0.000000 0.139416 0.500000 3.067382
256 0.500000 3.500000 0.050000 0.000000 0.245462 0.500000 3.166330
256 0.500000 3.500000 0.050000 0.000000 0.193198 0.500000 3.166330
256 0.500000 3.500000 0.050000 0.000000 0.193096 -0.500000 3.067382
256 0.500000 3.500000 0.050000 0.000000 0.138904 0.500000 3.265277
256 0.500000 3.500000 0.050000 0.000000 0.187976 0.500000 3.116856
256 0.500000 3.500000 0.050000 0.000000 0.191131 0.500000 3.067382
256 0.500000 3.500000 0.050000 0.000000 0.163257 0.500000 3.017908
256 0.500000 3.500000 0.050000 0.000000 0.254173 -0.500000 3.166330
256 0.500000 3.500000 0.050000 0.000000 0.140374 0.500000 3.166330
256 0.500000 3.500000 0.050000 0.000000 0.186142 0.500000 3.166330
256 0.500000 3.500000 0.050000 0.000000 0.207572 -0.500000 3.116856
256 0.500000 3.500000 0.050000 0.000000 0.176471 -0.500000 2.968434
256 0.500000 3.500000 0.050000 0.000000 0.155559 0.500000 3.017908
256 0.500000 3.500000 0.050000 0.000000 0.218979 0.500000 3.215804
256 0.500000 3.500000 0.050000 0.000000 0.194779 0.500000 3.116856
256 0.500000 3.500000 0.050000 0.000000 0.230110 0.500000 3.067382
256 0.500000 3.500000 0.050000 0.000000 0.172262 -0.500000 3.166330
256 0.500000 3.500000 0.050000 0.000000 0.176999 -0.500000 3.166330
256 0.500000 3.500000 0.050000 0.000000 0.184276 0.500000 3.017908
256 0.500000 3.500000 0.050000 0.000000 0.212273 0.500000 3.067382
256 0.500000 3.500000 0.050000 0.000000 0.192123 0.500000 3.067382
256 0.500000 3.500000 0.050000 0.000000 0.205273 0.500000 3.166330
256 0.500000 3.500000 0.050000 0.000000 0.194780 -0.500000 3.116856
256 0.500000 3.500000 0.050000 0.000000 0.196732 0.500000 3.067382
256 0.500000 3.500000 0.050000 0.000000 0.193281 0.500000 3.166330
256 0.500000 3.500000 0.050000 0.000000 0.139998 -0.500000 3.166330
256 0.500000 3.500000 0.050000 0.000000 0.176898 0.500000 3.116856
256 0.500000 3.500000 0.050000 0.000000 0.196226 0.500000 3.166330
256 0.500000 3.500000 0.050000 0.000000 0.176201 0.500000 3.166330
256 0.500000 3.500000 0.050000 0.000000 0.154433 0.500000 3.017908
256 0.500000 3.500000 0.050000 0.000000 0.170176 0.500000 3.017908
256 0.500000 3.500000 0.050000 0.000000 0.217520 0.500000 3.067382
256 0.500000 3.500000 0.050000 0.000000 0.173579 0.500000 3.116856
256 0.500000 3.500000 0.050000 0.000000 0.163241 0.500000 3.017908
256 0.500000 3.500000 0.050000 0.000000 0.169268 0.500000 3.166330
256 0.500000 3.500000 0.050000 0.000000 0.190840 0.500000 3.166330
256 0.500000 3.500000 0.050000 0.000000 0.161493 0.500000 2.968434
256 0.500000 3.500000 0.050000 0.000000 0.164383 0.500000 3.017908
256 0.500000 3.500000 0.050000 0.000000 0.220165 -0.500000 3.166330
256 0.500000 3.500000 0.050000 0.000000 0.207612 0.500000 3.166330
256 0.500000 3.500000 0.050000 0.000000 0.187952 -0.500000 3.067382
256 0.500000 3.500000 0.050000 0.000000 0.203479 0.500000 3.017908
256 0.500000 3.500000 0.050000 0.000000 0.215269 0.500000 3.067382
256 0.500000 3.500000 0.050000 0.000000 0.236475 0.500000 3.166330
256 0.500000 3.500000 0.050000 0.000000 0.188966 0.500000 3.116856
256 0.500000 3.500000 0.050000 0.000000 0.225009 0.500000 3.166330
256 0.500000 3.500000 0.050000 0.000000 0.180655 -0.500000 3.067382
256 0.500000 3.500000 0.050000 0.000000 0.168707 0.500000 3.166330
256 0.500000 3.500000 0.050000 0.000000 0.168723 0.500000 3.017908
256 0.500000 3.500000 0.050000 0.000000 0.156568 0.500000 3.067382
256 0.500000 3.500000 0.050000 0.000000 0.226524 -0.500000 3.116856
256 0.500000 3.500000 0.050000 0.000000 0.242166 0.500000 3.116856
256 0.500000 3.500000 0.050000 0.000000 0.185964 0.500000 3.265277
256 0.500000 3.500000 0.050000 0.000000 0.161805 0.500000 3.215804
256 0.500000 3.500000 0.050000 0.000000 0.216743 -0.500000 3.116856
256 0.500000 3.500000 0.050000 0.000000 0.213873 0.500000 3.166330
256 0.500000 3.500000 0.050000 0.000000 0.189341 0.500000 3.116856
256 0.500000 3.500000 0.050000 0.000000 0.143194 -0.500000 3.067382
256 0.500000 3.500000 0.050000 0.000000 0.164135 0.500000 3.017908
256 0.500000 3.500000 0.050000 0.000000 0.155149 0.500000 3.265277
256 0.500000 3.500000 0.050000 0.000000 0.169930 0.500000 3.067382
256 0.500000 3.500000 0.050000 0.000000 0.179612 0.500000 3.116856
256 0.500000 3.500000 0.050000 0.000000 0.208065 0.500000 3.166330
256 0.500000 3.500000 0.050000 0.000000 0.258579 0.500000 3.166330
256 0.500000 3.500000 0.050000 0.000000 0.140342 0.500000 3.166330
256 0.500000 3.500000 0.050000 0.000000 0.173111 0.500000 3.067382
256 0.500000 3.500000 0.050000 0.000000 0.181760 0.500000 3.017908
256 0.500000 3.500000 0.050000 0.000000 0.154395 0.500000 3.166330
256 0.500000 3.500000 0.050000 0.000000 0.173413 0.500000 3.067382
256 0.500000 3.500000 0.050000 0.000000 0.208577 0.500000 3.116856
256 0.500000 3.500000 0.050000 0.000000 0.216405 0.500000 3.116856
256 0.500000 3.500000 0.050000 0.000000 0.161032 -0.500000 3.017908
256 0.500000 3.500000 0.050000 0.000000 0.235854 0.500000 3.116856
256 0.500000 3.500000 0.050000 0.000000 0.207739 0.500000 3.067382
256 0.500000 3.500000 0.050000 0.000000 0.216947 0.500000 3.116856
256 0.500000 3.500000 0.050000 0.000000 0.209973 0.500000 2.968434
256 0.500000 3.500000 0.050000 0.000000 0.195771 0.500000 3.166330
256 0.500000 3.500000 0.050000 0.000000 0.251246 0.500000 3.116856
256 0.500000 3.500000 0.050000 0.000000 0.207242 0.500000 3.067382
256 0.500000 3.500000 0.050000 0.000000 0.191804 0.500000 3.116856
256 0.500000 3.500000 0.050000 0.000000 0.201286 -0.500000 3.067382
256 0.500000 3.500000 0.050000 0.000000 0.162091 0.500000 3.215804
256 0.500000 3.500000 0.050000 0.000000 0.166706 -0.500000 3.017908
256 0.500000 3.500000 0.050000 0.000000 0.195303 -0.500000 3.116856
256 0.500000 3.500000 0.050000 0.000000 0.201393 0.500000 3.067382
