0 0.584039 34.019995 4.099933 0.978935 -0.031960 -0.176373
1 0.584039 34.019995 4.099933 0.978935 -0.031960 -0.176373
2 0.513879 33.533500 4.450360 0.977600 -0.032651 -0.176570
3 0.441263 33.037438 1.084685 0.977764 -0.033144 -0.176965
4 0.487815 32.522325 3.436143 0.977078 -0.032256 -0.176768
5 0.542856 32.021669 0.410439 0.977326 -0.032453 -0.177162
6 0.562595 31.522681 4.354407 0.977245 -0.032749 -0.176768
7 0.524098 31.021285 0.803537 0.977599 -0.032749 -0.176866
8 0.457646 30.533201 -1.192701 0.976353 -0.031072 -0.177655
9 0.450636 30.519695 0.444464 0.977832 -0.033144 -0.177458
10 0.447556 30.025022 4.569181 0.975950 -0.032848 -0.176866
11 0.495613 29.516657 4.457234 0.976396 -0.032848 -0.176768
12 0.487296 29.019153 1.939764 0.976345 -0.032848 -0.177951
13 0.613785 28.527784 2.172334 0.974552 -0.033144 -0.176768
14 0.676431 28.021000 -1.578804 0.979760 -0.032651 -0.177853
15 0.901795 27.523273 -1.016866 0.979879 -0.031960 -0.178050
16 0.965155 27.030468 0.170036 0.981488 -0.032947 -0.176570
17 0.765904 26.529321 4.123051 0.975618 -0.032453 -0.178938
18 0.627169 26.030682 1.640469 0.976490 -0.032749 -0.178247
19 0.492686 25.519548 -1.046503 0.980947 -0.032552 -0.177360
20 0.415147 25.032932 4.249717 0.976304 -0.031960 -0.177360
21 0.406127 24.511275 0.174200 0.982286 -0.031467 -0.176965
22 0.480934 24.021576 0.139523 0.982854 -0.032552 -0.177655
23 0.601887 23.524188 -0.743936 0.968182 -0.033933 -0.177261
24 0.689545 23.014941 0.074230 0.969962 -0.033440 -0.178642
25 0.820165 22.511734 -1.473616 0.969864 -0.032059 -0.179431
26 0.967266 22.024907 -0.477591 0.967119 -0.033243 -0.178050
27 1.096495 21.517701 4.097340 0.987196 -0.035215 -0.177458
28 1.028211 21.020606 3.597921 0.981684 -0.034624 -0.177458
29 1.228848 20.522459 3.328294 0.980738 -0.035314 -0.178445
30 1.345831 20.014413 3.627523 0.982429 -0.034328 -0.178839
31 1.510865 19.517995 0.367511 0.974760 -0.035413 -0.178839
32 1.654155 19.016923 4.173718 0.986021 -0.033539 -0.178543
33 1.761045 18.519951 -1.580496 0.987248 -0.033637 -0.176373
34 1.839664 18.016093 -0.735803 0.984452 -0.033144 -0.178346
35 2.100151 17.517137 1.698241 0.991491 -0.033834 -0.177360
36 2.069807 17.017045 -0.923876 0.983969 -0.033834 -0.177557
37 2.095086 16.513877 2.045591 0.992211 -0.033144 -0.180713
38 1.796310 16.015408 2.114958 0.986873 -0.032749 -0.179924
39 1.363708 15.511714 1.071425 0.978033 -0.033144 -0.178346
40 1.151919 15.011403 2.222825 0.981679 -0.032947 -0.179234
41 1.020971 14.517194 2.095825 0.980240 -0.033243 -0.177754
42 0.911898 14.022215 2.517267 0.978919 -0.033144 -0.179234
43 0.926279 13.511681 3.402740 0.980110 -0.032552 -0.179332
44 0.973947 13.011246 0.895625 0.978360 -0.032848 -0.178938
