14.250000 0.000000 0.876168 -0.635769 1.570796 0.400000 781.000000
14.250000 0.078656 0.846154 -0.603589 1.570796 0.400000 781.000000
14.250000 0.157311 0.896739 -1.180549 1.570796 0.400000 781.000000
14.250000 0.235967 1.002907 -0.931562 1.570796 0.400000 781.000000
14.250000 0.314622 0.772532 -0.253250 1.570796 0.400000 781.000000
14.250000 0.393278 0.923645 -1.118989 1.570796 0.400000 781.000000
14.250000 0.471933 0.863874 -0.731994 1.570796 0.400000 781.000000
14.250000 0.550589 0.841837 -0.835801 1.570796 0.400000 781.000000
14.250000 0.629244 0.757212 -0.462617 1.570796 0.400000 781.000000
14.250000 0.707900 0.918367 -0.518719 1.570796 0.400000 781.000000
14.250000 0.786555 1.764706 -0.130938 1.570796 0.400000 781.000000
14.250000 0.865211 0.690789 -0.316661 1.570796 0.400000 781.000000
14.250000 0.943866 0.556931 -1.020810 1.570796 0.400000 781.000000
14.250000 1.022522 0.806452 -0.907541 1.570796 0.400000 781.000000
14.250000 1.101178 0.845865 -0.066498 1.570796 0.400000 781.000000
14.250000 1.179833 0.538462 -0.993786 1.570796 0.400000 781.000000
14.250000 1.258489 0.568720 -0.469915 1.570796 0.400000 781.000000
14.250000 1.337144 0.518433 -0.784014 1.570796 0.400000 781.000000
14.250000 1.415800 0.558140 -0.652963 1.570796 0.400000 781.000000
14.250000 1.494455 0.582524 -0.747376 1.570796 0.400000 781.000000
14.250000 1.573111 0.574913 -0.160819 1.570796 0.400000 781.000000
14.250000 1.651766 0.506135 -1.205221 1.570796 0.400000 781.000000
14.250000 1.730422 0.506135 2.003125 1.570796 0.400000 781.000000
14.250000 1.809077 0.513158 3.435010 1.570796 0.400000 781.000000
14.250000 1.887733 0.500000 4.553162 1.570796 0.400000 781.000000
14.250000 1.966388 0.517241 5.498839 1.570796 0.400000 781.000000
14.250000 2.045044 0.525000 6.349524 1.570796 0.400000 781.000000
14.250000 2.123700 0.523256 7.146238 1.570796 0.400000 781.000000
14.250000 2.202355 0.529412 7.813279 1.570796 0.400000 781.000000
14.250000 2.281011 0.535714 8.572279 1.570796 0.400000 781.000000
14.250000 2.359666 0.528169 9.070705 1.570796 0.400000 781.000000
14.250000 2.438322 0.500000 9.780874 1.570796 0.400000 781.000000
14.250000 2.516977 0.545455 9.993532 1.570796 0.400000 781.000000
14.250000 2.595633 0.526316 10.266270 1.570796 0.400000 781.000000
14.250000 2.674288 0.555556 10.682797 1.570796 0.400000 781.000000
14.250000 2.752944 0.535714 11.459234 1.570796 0.400000 781.000000
14.250000 2.831599 0.555556 11.627295 1.570796 0.400000 781.000000
14.250000 2.910255 0.815217 12.224580 1.570796 0.400000 781.000000
14.250000 2.988911 1.022727 12.666050 1.570796 0.400000 781.000000
14.250000 3.067566 1.097561 13.475204 1.570796 0.400000 781.000000
14.250000 3.146222 1.000000 14.996780 1.570796 0.400000 781.000000
14.250000 3.224877 1.000000 15.486178 4.712389 0.400000 781.000000
14.250000 3.303533 0.961538 15.517339 4.712389 0.400000 781.000000
14.250000 3.382188 0.986842 16.078700 4.712389 0.400000 781.000000
14.250000 3.460844 0.500000 17.094991 1.570796 0.400000 781.000000
14.250000 3.539499 0.500000 17.230339 1.570796 0.400000 781.000000
14.250000 3.618155 0.500000 17.695306 1.570796 0.400000 781.000000
14.250000 3.696810 0.517241 18.058620 1.570796 0.400000 781.000000
14.250000 3.775466 0.517241 18.033421 1.570796 0.400000 781.000000
14.250000 3.854121 0.555556 17.914108 1.570796 0.400000 781.000000
14.250000 3.932777 0.576923 18.021182 1.570796 0.400000 781.000000
14.250000 4.011433 0.576923 18.300517 1.570796 0.400000 781.000000
14.250000 4.090088 0.600000 19.640242 1.570796 0.400000 781.000000
