18.000000 0.000000 0.633446 -0.891891 1.570796 0.400000 781.000000
18.000000 0.125500 0.666667 -0.902504 1.570796 0.400000 781.000000
18.000000 0.251001 0.676895 -0.912353 1.570796 0.400000 781.000000
18.000000 0.376501 0.622744 -0.843400 1.570796 0.400000 781.000000
18.000000 0.502001 0.650943 -0.832736 1.570796 0.400000 781.000000
18.000000 0.627501 0.568182 -0.874555 1.570796 0.400000 781.000000
18.000000 0.753002 0.467033 -1.063207 3.141593 0.400000 781.000000
18.000000 0.878502 0.500000 2.542403 3.141593 0.400000 781.000000
18.000000 1.004002 0.500000 4.555887 3.141593 0.400000 781.000000
18.000000 1.129502 0.500000 6.196038 3.141593 0.400000 781.000000
18.000000 1.255003 0.510204 7.540200 3.141593 0.400000 781.000000
18.000000 1.380503 0.500000 8.602184 3.141593 0.400000 781.000000
18.000000 1.506003 0.495868 9.678162 3.141593 0.400000 781.000000
18.000000 1.631503 0.500000 11.041351 3.141593 0.400000 781.000000
18.000000 1.757004 0.525000 12.553925 3.141593 0.400000 781.000000
18.000000 1.882504 0.500000 12.643045 3.141593 0.400000 781.000000
18.000000 2.008004 0.500000 14.047065 3.141593 0.400000 781.000000
18.000000 2.133504 0.526316 15.345223 3.141593 0.400000 781.000000
18.000000 2.259005 0.535714 16.615379 3.141593 0.400000 781.000000
18.000000 2.384505 0.523256 17.865235 3.141593 0.400000 781.000000
18.000000 2.510005 0.500000 18.985941 3.141593 0.400000 781.000000
18.000000 2.635505 0.535714 19.922720 3.141593 0.400000 781.000000
18.000000 2.761006 0.500000 21.511883 3.141593 0.400000 781.000000
18.000000 2.886506 0.535714 22.288489 3.141593 0.400000 781.000000
18.000000 3.012006 0.625000 22.921704 3.141593 0.400000 781.000000
18.000000 3.137506 0.500000 24.156934 3.141593 0.400000 781.000000
18.000000 3.263007 0.555556 24.750767 3.141593 0.400000 781.000000
18.000000 3.388507 0.576923 25.277930 3.141593 0.400000 781.000000
18.000000 3.514007 0.625000 25.964165 3.141593 0.400000 781.000000
18.000000 3.639507 0.652174 27.298793 3.141593 0.400000 781.000000
18.000000 3.765008 1.000000 29.926229 3.141593 0.400000 781.000000
18.000000 3.890508 1.000000 30.049616 3.141593 0.400000 781.000000
18.000000 4.016008 1.000000 30.295585 3.141593 0.400000 781.000000
18.000000 4.141508 1.000000 29.888213 3.141593 0.400000 781.000000
18.000000 4.267009 1.000000 29.774353 3.141593 0.400000 781.000000
18.000000 4.392509 1.000000 30.253084 3.141593 0.400000 781.000000
18.000000 4.518009 1.000000 30.799669 3.141593 0.400000 781.000000
18.000000 4.643509 1.000000 31.360779 3.141593 0.400000 781.000000
18.000000 4.769010 1.000000 32.511432 3.141593 0.400000 781.000000
18.000000 4.894510 1.000000 32.985808 3.141593 0.400000 781.000000
18.000000 5.020010 1.000000 31.999647 3.141593 0.400000 781.000000
18.000000 5.145510 1.000000 31.827431 3.141593 0.400000 781.000000
18.000000 5.271011 1.000000 31.510722 3.141593 0.400000 781.000000
18.000000 5.396511 1.000000 31.695358 3.141593 0.400000 781.000000
18.000000 5.522011 1.000000 31.838443 3.141593 0.400000 781.000000
18.000000 5.647511 1.000000 29.404928 3.141593 0.400000 781.000000
18.000000 5.773012 1.000000 29.479049 3.141593 0.400000 781.000000
18.000000 5.898512 1.000000 29.558887 3.141593 0.400000 781.000000
18.000000 6.024012 1.000000 29.665063 3.141593 0.400000 781.000000
18.000000 6.149512 1.000000 30.549929 3.141593 0.400000 781.000000
18.000000 6.275013 1.000000 30.815982 3.141593 0.400000 781.000000
18.000000 6.400513 1.363636 31.151271 3.141593 0.400000 781.000000
18.000000 6.526013 1.363636 31.545947 3.141593 0.400000 781.000000
