16.500000 0.000000 0.841121 -0.866168 1.570796 0.400000 781.000000
16.500000 0.105455 0.886700 -1.139717 1.570796 0.400000 781.000000
16.500000 0.210910 0.891089 -0.747623 1.570796 0.400000 781.000000
16.500000 0.316365 0.806075 -0.670763 1.570796 0.400000 781.000000
16.500000 0.421820 0.909091 -0.794043 1.570796 0.400000 781.000000
16.500000 0.527275 0.896018 -0.733543 1.570796 0.400000 781.000000
16.500000 0.632730 0.799492 -0.882175 1.570796 0.400000 781.000000
16.500000 0.738186 0.829787 -0.908354 1.570796 0.400000 781.000000
16.500000 0.843641 1.087786 -0.695890 4.712389 0.400000 781.000000
16.500000 0.949096 1.000000 -0.516136 4.712389 0.400000 781.000000
16.500000 1.054551 1.000000 -0.325537 4.712389 0.400000 781.000000
16.500000 1.160006 1.000000 0.310011 4.712389 0.400000 781.000000
16.500000 1.265461 1.000000 0.906563 4.712389 0.400000 781.000000
16.500000 1.370916 0.500000 3.206551 3.141593 0.400000 781.000000
16.500000 1.476371 0.497449 5.258385 3.141593 0.400000 781.000000
16.500000 1.581826 0.500000 6.863558 3.141593 0.400000 781.000000
16.500000 1.687281 0.511364 8.214553 3.141593 0.400000 781.000000
16.500000 1.792736 0.512821 9.298885 3.141593 0.400000 781.000000
16.500000 1.898191 0.495283 10.089796 3.141593 0.400000 781.000000
16.500000 2.003646 0.519802 10.936092 3.141593 0.400000 781.000000
16.500000 2.109101 0.576923 10.855410 3.141593 0.400000 781.000000
16.500000 2.214557 0.494505 10.800423 3.141593 0.400000 781.000000
16.500000 2.320012 0.500000 12.730359 3.141593 0.400000 781.000000
16.500000 2.425467 0.500000 14.239272 3.141593 0.400000 781.000000
16.500000 2.530922 0.500000 15.274307 3.141593 0.400000 781.000000
16.500000 2.636377 0.500000 16.646761 3.141593 0.400000 781.000000
16.500000 2.741832 0.535714 17.296548 3.141593 0.400000 781.000000
16.500000 2.847287 0.500000 18.269206 3.141593 0.400000 781.000000
16.500000 2.952742 0.535714 19.130175 3.141593 0.400000 781.000000
16.500000 3.058197 0.562500 20.051668 3.141593 0.400000 781.000000
16.500000 3.163652 0.500000 21.510045 3.141593 0.400000 781.000000
16.500000 3.269107 0.555556 21.447911 3.141593 0.400000 781.000000
16.500000 3.374562 0.576923 22.018805 3.141593 0.400000 781.000000
16.500000 3.480017 0.500000 23.253896 3.141593 0.400000 781.000000
16.500000 3.585472 0.500000 23.468572 3.141593 0.400000 781.000000
16.500000 3.690928 0.555556 23.919880 3.141593 0.400000 781.000000
16.500000 3.796383 0.576923 23.994742 3.141593 0.400000 781.000000
16.500000 3.901838 0.600000 24.642040 3.141593 0.400000 781.000000
16.500000 4.007293 0.625000 24.955872 3.141593 0.400000 781.000000
16.500000 4.112748 1.000000 28.646454 3.141593 0.400000 781.000000
16.500000 4.218203 1.000000 28.900100 3.141593 0.400000 781.000000
16.500000 4.323658 1.000000 27.845210 3.141593 0.400000 781.000000
16.500000 4.429113 1.000000 27.750574 3.141593 0.400000 781.000000
16.500000 4.534568 1.000000 26.588527 3.141593 0.400000 781.000000
16.500000 4.640023 1.000000 26.340951 3.141593 0.400000 781.000000
16.500000 4.745478 1.000000 26.890021 3.141593 0.400000 781.000000
16.500000 4.850933 0.789474 26.815586 3.141593 0.400000 781.000000
16.500000 4.956388 1.000000 29.284723 3.926991 0.400000 781.000000
16.500000 5.061844 1.000000 30.069767 3.926991 0.400000 781.000000
16.500000 5.167299 1.000000 29.175131 4.712389 0.400000 781.000000
16.500000 5.272754 1.153846 29.353809 4.712389 0.400000 781.000000
16.500000 5.378209 1.153846 30.109827 4.712389 0.400000 781.000000
16.500000 5.483664 1.250000 28.230398 4.712389 0.400000 781.000000
