12.500000 0.000000 0.925532 -0.102325 1.570796 0.400000 781.000000
12.500000 0.060523 0.986842 -0.403878 1.570796 0.400000 781.000000
12.500000 0.121046 0.975610 -0.189867 1.570796 0.400000 781.000000
12.500000 0.181569 0.825000 -0.394619 1.570796 0.400000 781.000000
12.500000 0.242092 0.852273 -0.279681 1.570796 0.400000 781.000000
12.500000 0.302614 0.681818 -0.040447 1.570796 0.400000 781.000000
12.500000 0.363137 0.989011 -0.144753 1.570796 0.400000 781.000000
12.500000 0.423660 0.716292 -0.274779 1.570796 0.400000 781.000000
12.500000 0.484183 0.861702 -0.252026 1.570796 0.400000 781.000000
12.500000 0.544706 0.595794 -0.323148 1.570796 0.400000 781.000000
12.500000 0.605229 0.663717 -0.371662 1.570796 0.400000 781.000000
12.500000 0.665752 0.576923 -0.220647 1.570796 0.400000 781.000000
12.500000 0.726275 0.473684 -0.036188 1.570796 0.400000 781.000000
12.500000 0.786797 0.500000 -0.006793 1.570796 0.400000 781.000000
12.500000 0.847320 0.500000 1.277496 1.570796 0.400000 781.000000
12.500000 0.907843 0.505051 2.141256 1.570796 0.400000 781.000000
12.500000 0.968366 0.506757 2.856621 1.570796 0.400000 781.000000
12.500000 1.028889 0.513158 3.484554 1.570796 0.400000 781.000000
12.500000 1.089412 0.512422 4.072228 1.570796 0.400000 781.000000
12.500000 1.149935 0.500000 4.662387 1.570796 0.400000 781.000000
12.500000 1.210458 0.500000 5.196582 1.570796 0.400000 781.000000
12.500000 1.270981 0.521739 5.631992 1.570796 0.400000 781.000000
12.500000 1.331503 0.530303 6.149643 1.570796 0.400000 781.000000
12.500000 1.392026 0.500000 6.695885 1.570796 0.400000 781.000000
12.500000 1.452549 0.535714 7.082018 1.570796 0.400000 781.000000
12.500000 1.513072 0.535714 7.487586 1.570796 0.400000 781.000000
12.500000 1.573595 0.535714 7.993031 1.570796 0.400000 781.000000
12.500000 1.634118 0.500000 8.431324 1.570796 0.400000 781.000000
12.500000 1.694641 0.543478 8.760070 1.570796 0.400000 781.000000
12.500000 1.755164 0.500000 9.394155 1.570796 0.400000 781.000000
12.500000 1.815687 0.545455 9.693137 1.570796 0.400000 781.000000
12.500000 1.876209 0.500000 10.095456 1.570796 0.400000 781.000000
12.500000 1.936732 0.535714 10.390468 1.570796 0.400000 781.000000
12.500000 1.997255 0.555556 10.712323 1.570796 0.400000 781.000000
12.500000 2.057778 0.500000 11.477004 1.570796 0.400000 781.000000
12.500000 2.118301 0.548780 11.715963 1.570796 0.400000 781.000000
12.500000 2.178824 0.576923 11.991142 1.570796 0.400000 781.000000
12.500000 2.239347 0.566038 12.363610 1.570796 0.400000 781.000000
12.500000 2.299870 0.500000 12.783975 1.570796 0.400000 781.000000
12.500000 2.360392 0.535714 12.952186 1.570796 0.400000 781.000000
12.500000 2.420915 0.548780 13.188419 1.570796 0.400000 781.000000
12.500000 2.481438 0.562500 13.531347 1.570796 0.400000 781.000000
12.500000 2.541961 0.592105 13.942530 1.570796 0.400000 781.000000
12.500000 2.602484 0.500000 14.942778 1.570796 0.400000 781.000000
12.500000 2.663007 0.535714 15.197509 1.570796 0.400000 781.000000
12.500000 2.723530 0.555556 15.395744 1.570796 0.400000 781.000000
12.500000 2.784053 0.576923 15.629963 1.570796 0.400000 781.000000
12.500000 2.844576 0.600000 15.820893 1.570796 0.400000 781.000000
12.500000 2.905098 0.625000 16.110690 1.570796 0.400000 781.000000
12.500000 2.965621 0.652174 16.452799 1.570796 0.400000 781.000000
12.500000 3.026144 0.500000 16.851674 1.570796 0.400000 781.000000
12.500000 3.086667 0.500000 17.122548 1.570796 0.400000 781.000000
12.500000 3.147190 0.535714 17.254613 1.570796 0.400000 781.000000
