15.750000 0.000000 0.854430 -0.758934 1.570796 0.400000 781.000000
15.750000 0.096086 0.855263 -0.623018 1.570796 0.400000 781.000000
15.750000 0.192172 0.712810 -0.643696 1.570796 0.400000 781.000000
15.750000 0.288258 0.782609 -0.673891 1.570796 0.400000 781.000000
15.750000 0.384345 0.861702 -0.847026 1.570796 0.400000 781.000000
15.750000 0.480431 0.728745 -0.673400 1.570796 0.400000 781.000000
15.750000 0.576517 0.777027 -0.723474 1.570796 0.400000 781.000000
15.750000 0.672603 0.719178 -0.724254 1.570796 0.400000 781.000000
15.750000 0.768689 0.826531 -0.584185 1.570796 0.400000 781.000000
15.750000 0.864775 0.760369 -0.829155 1.570796 0.400000 781.000000
15.750000 0.960861 0.813679 -0.933668 1.570796 0.400000 781.000000
15.750000 1.056947 0.679012 -0.566346 1.570796 0.400000 781.000000
15.750000 1.153034 0.845070 -0.930545 1.570796 0.400000 781.000000
15.750000 1.249120 0.647059 -0.615145 1.570796 0.400000 781.000000
15.750000 1.345206 0.706522 -0.647593 1.570796 0.400000 781.000000
15.750000 1.441292 0.947653 -0.504119 1.570796 0.400000 781.000000
15.750000 1.537378 1.000000 0.273958 4.712389 0.400000 781.000000
15.750000 1.633464 0.537634 3.277498 3.141593 0.400000 781.000000
15.750000 1.729550 0.659341 4.521587 3.141593 0.400000 781.000000
15.750000 1.825636 0.695364 5.435834 3.141593 0.400000 781.000000
15.750000 1.921723 0.882353 5.661716 3.141593 0.400000 781.000000
15.750000 2.017809 1.000000 5.590704 4.712389 0.400000 781.000000
15.750000 2.113895 1.000000 6.653148 4.712389 0.400000 781.000000
15.750000 2.209981 0.989011 8.054012 3.141593 0.400000 781.000000
15.750000 2.306067 0.892857 9.464668 3.141593 0.400000 781.000000
15.750000 2.402153 0.924658 10.463133 3.141593 0.400000 781.000000
15.750000 2.498239 0.772059 11.545385 3.141593 0.400000 781.000000
15.750000 2.594326 0.737705 12.435173 3.141593 0.400000 781.000000
15.750000 2.690412 0.535714 13.590408 3.141593 0.400000 781.000000
15.750000 2.786498 0.523256 14.469855 3.141593 0.400000 781.000000
15.750000 2.882584 0.500000 15.419332 3.141593 0.400000 781.000000
15.750000 2.978670 0.500000 16.171036 3.141593 0.400000 781.000000
15.750000 3.074756 0.548780 17.182581 3.141593 0.400000 781.000000
15.750000 3.170842 0.500000 18.650537 3.141593 0.400000 781.000000
15.750000 3.266928 0.535714 18.855534 3.141593 0.400000 781.000000
15.750000 3.363015 0.555556 19.277041 3.141593 0.400000 781.000000
15.750000 3.459101 0.576923 19.848881 3.141593 0.400000 781.000000
15.750000 3.555187 0.517241 21.079724 3.141593 0.400000 781.000000
15.750000 3.651273 0.517241 21.236114 3.141593 0.400000 781.000000
15.750000 3.747359 0.555556 21.531430 3.141593 0.400000 781.000000
15.750000 3.843445 0.555556 21.610430 3.141593 0.400000 781.000000
15.750000 3.939531 0.576923 22.387780 3.141593 0.400000 781.000000
15.750000 4.035617 0.600000 22.882392 3.141593 0.400000 781.000000
15.750000 4.131704 1.000000 26.740798 3.141593 0.400000 781.000000
15.750000 4.227790 1.000000 26.621125 3.141593 0.400000 781.000000
15.750000 4.323876 1.000000 26.194918 4.712389 0.400000 781.000000
15.750000 4.419962 1.022727 25.404156 4.712389 0.400000 781.000000
15.750000 4.516048 1.071429 25.525695 4.712389 0.400000 781.000000
15.750000 4.612134 1.125000 25.489134 4.712389 0.400000 781.000000
15.750000 4.708220 1.000000 28.522107 4.712389 0.400000 781.000000
15.750000 4.804307 1.000000 29.426743 4.712389 0.400000 781.000000
15.750000 4.900393 1.000000 28.624560 4.712389 0.400000 781.000000
15.750000 4.996479 1.153846 28.884700 4.712389 0.400000 781.000000
