13.750000 0.000000 1.130653 -0.297849 1.570796 0.400000 781.000000
13.750000 0.073233 0.919811 -0.481993 1.570796 0.400000 781.000000
13.750000 0.146465 0.907895 -0.646248 1.570796 0.400000 781.000000
13.750000 0.219698 0.992647 -0.510114 1.570796 0.400000 781.000000
13.750000 0.292931 0.967742 -0.151004 1.570796 0.400000 781.000000
13.750000 0.366163 0.997340 -0.485627 1.570796 0.400000 781.000000
13.750000 0.439396 0.873786 -0.782657 1.570796 0.400000 781.000000
13.750000 0.512629 0.820896 -0.476600 1.570796 0.400000 781.000000
13.750000 0.585862 0.780347 -0.514413 1.570796 0.400000 781.000000
13.750000 0.659094 0.598739 -0.141705 1.570796 0.400000 781.000000
13.750000 0.732327 0.741758 -0.615452 1.570796 0.400000 781.000000
13.750000 0.805560 0.825000 -0.357883 1.570796 0.400000 781.000000
13.750000 0.878792 0.610465 -1.262980 1.570796 0.400000 781.000000
13.750000 0.952025 0.714286 -0.248783 1.570796 0.400000 781.000000
13.750000 1.025258 0.546875 -0.795145 1.570796 0.400000 781.000000
13.750000 1.098490 0.486111 -0.442964 1.570796 0.400000 781.000000
13.750000 1.171723 0.544355 -0.374426 1.570796 0.400000 781.000000
13.750000 1.244956 0.609541 -0.295301 1.570796 0.400000 781.000000
13.750000 1.318188 0.559701 -0.530400 1.570796 0.400000 781.000000
13.750000 1.391421 0.500000 -0.993663 1.570796 0.400000 781.000000
13.750000 1.464654 0.500000 1.772616 1.570796 0.400000 781.000000
13.750000 1.537886 0.500000 3.069843 1.570796 0.400000 781.000000
13.750000 1.611119 0.500000 4.068897 1.570796 0.400000 781.000000
13.750000 1.684352 0.519231 4.929921 1.570796 0.400000 781.000000
13.750000 1.757585 0.517241 5.693842 1.570796 0.400000 781.000000
13.750000 1.830817 0.509709 6.433435 1.570796 0.400000 781.000000
13.750000 1.904050 0.529412 7.121325 1.570796 0.400000 781.000000
13.750000 1.977283 0.529412 7.691102 1.570796 0.400000 781.000000
13.750000 2.050515 0.535714 8.382598 1.570796 0.400000 781.000000
13.750000 2.123748 0.528169 8.895471 1.570796 0.400000 781.000000
13.750000 2.196981 0.500000 9.713687 1.570796 0.400000 781.000000
13.750000 2.270213 0.545455 10.103454 1.570796 0.400000 781.000000
13.750000 2.343446 0.500000 10.627530 1.570796 0.400000 781.000000
13.750000 2.416679 0.545455 10.973767 1.570796 0.400000 781.000000
13.750000 2.489911 0.566038 11.486050 1.570796 0.400000 781.000000
13.750000 2.563144 0.535714 12.286450 1.570796 0.400000 781.000000
13.750000 2.636377 0.562500 12.523059 1.570796 0.400000 781.000000
13.750000 2.709610 0.566038 12.733959 1.570796 0.400000 781.000000
13.750000 2.782842 0.500000 13.134142 1.570796 0.400000 781.000000
13.750000 2.856075 0.548780 13.243401 1.570796 0.400000 781.000000
13.750000 2.929308 0.576923 13.478355 1.570796 0.400000 781.000000
13.750000 3.002540 0.592105 13.812970 1.570796 0.400000 781.000000
13.750000 3.075773 0.500000 15.037037 1.570796 0.400000 781.000000
13.750000 3.149006 0.555556 14.975860 1.570796 0.400000 781.000000
13.750000 3.222238 0.576923 15.033256 1.570796 0.400000 781.000000
13.750000 3.295471 0.600000 15.411864 1.570796 0.400000 781.000000
13.750000 3.368704 0.625000 15.645117 1.570796 0.400000 781.000000
13.750000 3.441936 0.483871 16.500606 1.570796 0.400000 781.000000
13.750000 3.515169 0.500000 17.042827 1.570796 0.400000 781.000000
13.750000 3.588402 0.535714 17.126281 1.570796 0.400000 781.000000
13.750000 3.661634 0.555556 17.671530 1.570796 0.400000 781.000000
13.750000 3.734867 0.576923 17.815973 1.570796 0.400000 781.000000
13.750000 3.808100 0.600000 18.296739 1.570796 0.400000 781.000000
