15.000000 0.000000 0.753012 -0.384370 1.570796 0.400000 781.000000
15.000000 0.087153 1.067518 -0.184872 1.570796 0.400000 781.000000
15.000000 0.174306 0.963035 -0.258033 1.570796 0.400000 781.000000
15.000000 0.261459 0.937500 -0.684484 1.570796 0.400000 781.000000
15.000000 0.348612 0.815217 -0.462518 1.570796 0.400000 781.000000
15.000000 0.435765 0.829787 -0.301022 1.570796 0.400000 781.000000
15.000000 0.522918 0.797101 -0.842700 1.570796 0.400000 781.000000
15.000000 0.610071 0.676471 -0.526856 1.570796 0.400000 781.000000
15.000000 0.697224 0.780543 -0.817244 1.570796 0.400000 781.000000
15.000000 0.784377 0.839552 -0.150557 1.570796 0.400000 781.000000
15.000000 0.871530 0.721154 -0.816583 1.570796 0.400000 781.000000
15.000000 0.958682 0.617978 -0.294217 1.570796 0.400000 781.000000
15.000000 1.045835 0.602410 -0.411340 1.570796 0.400000 781.000000
15.000000 1.132988 0.601266 -0.510636 1.570796 0.400000 781.000000
15.000000 1.220141 0.550193 -0.330706 1.570796 0.400000 781.000000
15.000000 1.307294 0.625000 -0.405289 1.570796 0.400000 781.000000
15.000000 1.394447 0.584016 -0.696391 1.570796 0.400000 781.000000
15.000000 1.481600 0.656250 -0.480585 1.570796 0.400000 781.000000
15.000000 1.568753 0.526860 -0.891109 1.570796 0.400000 781.000000
15.000000 1.655906 0.507968 -0.504095 1.570796 0.400000 781.000000
15.000000 1.743059 0.597345 -0.772140 1.570796 0.400000 781.000000
15.000000 1.830212 0.500000 1.330643 3.141593 0.400000 781.000000
15.000000 1.917365 0.500000 4.016334 3.141593 0.400000 781.000000
15.000000 2.004518 0.496689 5.574697 3.141593 0.400000 781.000000
15.000000 2.091671 0.557851 6.185677 3.141593 0.400000 781.000000
15.000000 2.178824 0.707547 6.536086 3.141593 0.400000 781.000000
15.000000 2.265977 0.765306 7.330047 3.141593 0.400000 781.000000
15.000000 2.353130 0.888158 8.017983 3.141593 0.400000 781.000000
15.000000 2.440283 1.000000 8.792000 3.141593 0.400000 781.000000
15.000000 2.527436 1.000000 9.760922 3.926991 0.400000 781.000000
15.000000 2.614589 1.000000 10.389396 4.712389 0.400000 781.000000
15.000000 2.701742 1.000000 11.545027 4.712389 0.400000 781.000000
15.000000 2.788894 1.000000 12.384828 3.926991 0.400000 781.000000
15.000000 2.876047 1.000000 12.838654 4.712389 0.400000 781.000000
15.000000 2.963200 1.000000 13.565187 4.712389 0.400000 781.000000
15.000000 3.050353 1.071429 14.558808 4.712389 0.400000 781.000000
15.000000 3.137506 1.000000 16.075414 3.926991 0.400000 781.000000
15.000000 3.224659 1.000000 16.568515 3.926991 0.400000 781.000000
15.000000 3.311812 1.071429 16.825894 3.926991 0.400000 781.000000
15.000000 3.398965 0.555556 17.020146 3.141593 0.400000 781.000000
15.000000 3.486118 0.576923 17.419740 3.141593 0.400000 781.000000
15.000000 3.573271 0.576923 17.846856 3.141593 0.400000 781.000000
15.000000 3.660424 0.500000 18.491741 3.141593 0.400000 781.000000
15.000000 3.747577 0.500000 18.395351 3.141593 0.400000 781.000000
15.000000 3.834730 0.535714 18.707179 3.141593 0.400000 781.000000
15.000000 3.921883 0.576923 19.386393 3.141593 0.400000 781.000000
15.000000 4.009036 0.576923 20.835339 3.141593 0.400000 781.000000
15.000000 4.096189 1.000000 24.946657 4.712389 0.400000 781.000000
15.000000 4.183342 1.000000 25.382804 4.712389 0.400000 781.000000
15.000000 4.270495 0.978261 23.720343 4.712389 0.400000 781.000000
15.000000 4.357648 1.022727 24.149569 4.712389 0.400000 781.000000
15.000000 4.444801 1.022727 25.244245 4.712389 0.400000 781.000000
15.000000 4.531954 1.071429 25.096603 4.712389 0.400000 781.000000
