11.000000 0.000000 1.043046 -0.608567 1.570796 0.400000 781.000000
11.000000 0.046869 1.258065 -0.400770 1.570796 0.400000 781.000000
11.000000 0.093738 1.045455 -0.602097 1.570796 0.400000 781.000000
11.000000 0.140607 0.692308 -1.206645 1.570796 0.400000 781.000000
11.000000 0.187476 0.500000 0.055746 1.570796 0.400000 781.000000
11.000000 0.234345 0.498555 -0.071395 1.570796 0.400000 781.000000
11.000000 0.281214 0.500000 0.573138 1.570796 0.400000 781.000000
11.000000 0.328082 0.500000 1.069823 1.570796 0.400000 781.000000
11.000000 0.374951 0.500000 1.458423 1.570796 0.400000 781.000000
11.000000 0.421820 0.500000 1.827309 1.570796 0.400000 781.000000
11.000000 0.468689 0.500000 2.168324 1.570796 0.400000 781.000000
11.000000 0.515558 0.507117 2.497779 1.570796 0.400000 781.000000
11.000000 0.562427 0.507968 2.834524 1.570796 0.400000 781.000000
11.000000 0.609296 0.500000 3.171896 1.570796 0.400000 781.000000
11.000000 0.656165 0.507812 3.497124 1.570796 0.400000 781.000000
11.000000 0.703034 0.500000 3.829139 1.570796 0.400000 781.000000
11.000000 0.749903 0.500000 4.156848 1.570796 0.400000 781.000000
11.000000 0.796772 0.500000 4.489059 1.570796 0.400000 781.000000
11.000000 0.843641 0.515267 4.806294 1.570796 0.400000 781.000000
11.000000 0.890510 0.523256 5.111654 1.570796 0.400000 781.000000
11.000000 0.937378 0.500000 5.453632 1.570796 0.400000 781.000000
11.000000 0.984247 0.500000 5.711040 1.570796 0.400000 781.000000
11.000000 1.031116 0.500000 6.079331 1.570796 0.400000 781.000000
11.000000 1.077985 0.535714 6.367829 1.570796 0.400000 781.000000
11.000000 1.124854 0.529412 6.687531 1.570796 0.400000 781.000000
11.000000 1.171723 0.500000 6.995469 1.570796 0.400000 781.000000
11.000000 1.218592 0.542169 7.278586 1.570796 0.400000 781.000000
11.000000 1.265461 0.528169 7.625445 1.570796 0.400000 781.000000
11.000000 1.312330 0.500000 7.934035 1.570796 0.400000 781.000000
11.000000 1.359199 0.528169 8.170792 1.570796 0.400000 781.000000
11.000000 1.406068 0.551471 8.455413 1.570796 0.400000 781.000000
11.000000 1.452937 0.526316 8.837946 1.570796 0.400000 781.000000
11.000000 1.499805 0.555556 9.078754 1.570796 0.400000 781.000000
11.000000 1.546674 0.500000 9.389717 1.570796 0.400000 781.000000
11.000000 1.593543 0.526316 9.619244 1.570796 0.400000 781.000000
11.000000 1.640412 0.545455 9.842575 1.570796 0.400000 781.000000
11.000000 1.687281 0.576923 10.137759 1.570796 0.400000 781.000000
11.000000 1.734150 0.500000 10.616233 1.570796 0.400000 781.000000
11.000000 1.781019 0.548780 10.800778 1.570796 0.400000 781.000000
11.000000 1.827888 0.576923 11.024608 1.570796 0.400000 781.000000
11.000000 1.874757 0.592105 11.308506 1.570796 0.400000 781.000000
11.000000 1.921626 0.500000 11.584360 1.570796 0.400000 781.000000
11.000000 1.968495 0.535714 11.769160 1.570796 0.400000 781.000000
11.000000 2.015364 0.548780 11.953484 1.570796 0.400000 781.000000
11.000000 2.062233 0.562500 12.190427 1.570796 0.400000 781.000000
11.000000 2.109101 0.592105 12.462579 1.570796 0.400000 781.000000
11.000000 2.155970 0.608108 12.756448 1.570796 0.400000 781.000000
11.000000 2.202839 0.500000 13.439389 1.570796 0.400000 781.000000
11.000000 2.249708 0.555556 13.590650 1.570796 0.400000 781.000000
11.000000 2.296577 0.576923 13.714116 1.570796 0.400000 781.000000
11.000000 2.343446 0.600000 13.858441 1.570796 0.400000 781.000000
11.000000 2.390315 0.600000 14.118285 1.570796 0.400000 781.000000
11.000000 2.437184 0.625000 14.336309 1.570796 0.400000 781.000000
