18.750000 0.000000 0.714286 -0.588497 1.570796 0.400000 781.000000
18.750000 0.136176 0.728155 -0.559347 1.570796 0.400000 781.000000
18.750000 0.272353 0.775862 -0.575802 1.570796 0.400000 781.000000
18.750000 0.408529 0.700692 -0.528440 1.570796 0.400000 781.000000
18.750000 0.544706 0.498555 0.074510 3.141593 0.400000 781.000000
18.750000 0.680882 0.500000 2.627805 3.141593 0.400000 781.000000
18.750000 0.817059 0.508929 4.388838 3.141593 0.400000 781.000000
18.750000 0.953235 0.513699 5.900912 3.141593 0.400000 781.000000
18.750000 1.089412 0.517241 6.976570 3.141593 0.400000 781.000000
18.750000 1.225588 0.500000 7.804674 3.141593 0.400000 781.000000
18.750000 1.361765 0.500000 8.910663 3.141593 0.400000 781.000000
18.750000 1.497941 0.523256 10.228555 3.141593 0.400000 781.000000
18.750000 1.634118 0.530973 11.775700 3.141593 0.400000 781.000000
18.750000 1.770294 0.500000 13.165352 3.141593 0.400000 781.000000
18.750000 1.906471 0.551471 14.549705 3.141593 0.400000 781.000000
18.750000 2.042647 0.500000 15.922941 3.141593 0.400000 781.000000
18.750000 2.178824 0.500000 17.135314 3.141593 0.400000 781.000000
18.750000 2.315000 0.500000 18.600183 3.141593 0.400000 781.000000
18.750000 2.451177 0.548780 19.560238 3.141593 0.400000 781.000000
18.750000 2.587353 0.500000 20.730124 3.141593 0.400000 781.000000
18.750000 2.723530 0.576923 21.723255 3.141593 0.400000 781.000000
18.750000 2.859706 0.500000 23.522072 3.141593 0.400000 781.000000
18.750000 2.995883 0.576923 24.099050 3.141593 0.400000 781.000000
18.750000 3.132059 0.625000 25.070083 3.141593 0.400000 781.000000
18.750000 3.268236 0.500000 26.312884 3.141593 0.400000 781.000000
18.750000 3.404412 0.555556 26.923963 3.141593 0.400000 781.000000
18.750000 3.540589 0.576923 27.448104 3.141593 0.400000 781.000000
18.750000 3.676765 0.600000 28.331685 3.141593 0.400000 781.000000
18.750000 3.812942 0.652174 29.474361 3.141593 0.400000 781.000000
18.750000 3.949118 1.000000 32.310901 3.141593 0.400000 781.000000
18.750000 4.085295 1.000000 33.018223 3.141593 0.400000 781.000000
18.750000 4.221471 1.000000 33.039034 3.141593 0.400000 781.000000
18.750000 4.357648 1.000000 32.709201 3.141593 0.400000 781.000000
18.750000 4.493824 1.000000 33.487855 3.141593 0.400000 781.000000
18.750000 4.630001 1.000000 33.411459 3.141593 0.400000 781.000000
18.750000 4.766177 1.000000 33.747949 3.141593 0.400000 781.000000
18.750000 4.902354 1.000000 34.427413 3.141593 0.400000 781.000000
18.750000 5.038530 1.000000 35.119421 3.141593 0.400000 781.000000
18.750000 5.174707 0.681818 35.924006 3.141593 0.400000 781.000000
18.750000 5.310883 1.000000 36.962914 3.141593 0.400000 781.000000
18.750000 5.447060 1.000000 37.550531 3.141593 0.400000 781.000000
18.750000 5.583236 1.000000 36.647802 3.141593 0.400000 781.000000
18.750000 5.719413 1.000000 36.751965 3.141593 0.400000 781.000000
18.750000 5.855589 1.000000 36.261614 3.141593 0.400000 781.000000
18.750000 5.991766 1.000000 36.501297 3.141593 0.400000 781.000000
18.750000 6.127942 1.000000 36.678475 3.141593 0.400000 781.000000
18.750000 6.264118 1.000000 33.912989 3.141593 0.400000 781.000000
18.750000 6.400295 1.000000 33.890777 3.141593 0.400000 781.000000
18.750000 6.536471 1.000000 33.815800 3.141593 0.400000 781.000000
18.750000 6.672648 1.000000 33.695644 3.141593 0.400000 781.000000
18.750000 6.808824 1.000000 33.573113 3.141593 0.400000 781.000000
18.750000 6.945001 1.000000 34.212399 3.141593 0.400000 781.000000
18.750000 7.081177 1.000000 34.290366 3.141593 0.400000 781.000000
