11.750000 0.000000 0.964286 -0.107372 1.570796 0.400000 781.000000
11.750000 0.053478 1.086449 -0.187894 1.570796 0.400000 781.000000
11.750000 0.106956 1.077348 -0.402152 1.570796 0.400000 781.000000
11.750000 0.160434 1.066351 -0.395378 1.570796 0.400000 781.000000
11.750000 0.213912 1.046512 -0.185815 1.570796 0.400000 781.000000
11.750000 0.267390 0.824176 -0.305903 1.570796 0.400000 781.000000
11.750000 0.320868 0.746606 -0.004183 1.570796 0.400000 781.000000
11.750000 0.374346 0.717703 -0.379304 1.570796 0.400000 781.000000
11.750000 0.427824 0.500000 -0.105447 1.570796 0.400000 781.000000
11.750000 0.481302 0.500000 0.490346 1.570796 0.400000 781.000000
11.750000 0.534780 0.500000 1.200464 1.570796 0.400000 781.000000
11.750000 0.588258 0.500000 1.765824 1.570796 0.400000 781.000000
11.750000 0.641736 0.508475 2.267526 1.570796 0.400000 781.000000
11.750000 0.695214 0.506329 2.743821 1.570796 0.400000 781.000000
11.750000 0.748692 0.500000 3.194199 1.570796 0.400000 781.000000
11.750000 0.802170 0.511364 3.628612 1.570796 0.400000 781.000000
11.750000 0.855648 0.500000 4.053228 1.570796 0.400000 781.000000
11.750000 0.909126 0.500000 4.464214 1.570796 0.400000 781.000000
11.750000 0.962604 0.500000 4.873963 1.570796 0.400000 781.000000
11.750000 1.016082 0.517241 5.266445 1.570796 0.400000 781.000000
11.750000 1.069560 0.521739 5.630103 1.570796 0.400000 781.000000
11.750000 1.123038 0.525000 6.035588 1.570796 0.400000 781.000000
11.750000 1.176516 0.525000 6.389033 1.570796 0.400000 781.000000
11.750000 1.229994 0.529412 6.781871 1.570796 0.400000 781.000000
11.750000 1.283472 0.517241 7.147086 1.570796 0.400000 781.000000
11.750000 1.336951 0.500000 7.601649 1.570796 0.400000 781.000000
11.750000 1.390429 0.535714 7.878871 1.570796 0.400000 781.000000
11.750000 1.443907 0.500000 8.254191 1.570796 0.400000 781.000000
11.750000 1.497385 0.535714 8.529358 1.570796 0.400000 781.000000
11.750000 1.550863 0.500000 9.059355 1.570796 0.400000 781.000000
11.750000 1.604341 0.535714 9.316301 1.570796 0.400000 781.000000
11.750000 1.657819 0.566038 9.630537 1.570796 0.400000 781.000000
11.750000 1.711297 0.517241 9.962635 1.570796 0.400000 781.000000
11.750000 1.764775 0.545455 10.187530 1.570796 0.400000 781.000000
11.750000 1.818253 0.566038 10.538020 1.570796 0.400000 781.000000
11.750000 1.871731 0.500000 11.111887 1.570796 0.400000 781.000000
11.750000 1.925209 0.548780 11.319430 1.570796 0.400000 781.000000
11.750000 1.978687 0.562500 11.595528 1.570796 0.400000 781.000000
11.750000 2.032165 0.592105 11.929438 1.570796 0.400000 781.000000
11.750000 2.085643 0.500000 12.251965 1.570796 0.400000 781.000000
11.750000 2.139121 0.535714 12.435210 1.570796 0.400000 781.000000
11.750000 2.192599 0.548780 12.650579 1.570796 0.400000 781.000000
11.750000 2.246077 0.576923 12.856166 1.570796 0.400000 781.000000
11.750000 2.299555 0.592105 13.253880 1.570796 0.400000 781.000000
11.750000 2.353033 0.500000 14.128783 1.570796 0.400000 781.000000
11.750000 2.406511 0.500000 14.393987 1.570796 0.400000 781.000000
11.750000 2.459989 0.555556 14.537833 1.570796 0.400000 781.000000
11.750000 2.513467 0.576923 14.723682 1.570796 0.400000 781.000000
11.750000 2.566945 0.600000 14.894591 1.570796 0.400000 781.000000
11.750000 2.620423 0.625000 15.170044 1.570796 0.400000 781.000000
11.750000 2.673901 0.652174 15.465817 1.570796 0.400000 781.000000
11.750000 2.727379 0.608108 15.712818 1.570796 0.400000 781.000000
11.750000 2.780857 0.500000 16.110042 1.570796 0.400000 781.000000
