13.000000 0.000000 0.961538 -0.413214 1.570796 0.400000 781.000000
13.000000 0.065462 1.024590 -0.695468 1.570796 0.400000 781.000000
13.000000 0.130923 0.969101 -0.878134 1.570796 0.400000 781.000000
13.000000 0.196385 1.077128 -0.601775 1.570796 0.400000 781.000000
13.000000 0.261846 0.866834 -0.331439 1.570796 0.400000 781.000000
13.000000 0.327308 0.714286 -0.191772 1.570796 0.400000 781.000000
13.000000 0.392769 0.833333 -0.630050 1.570796 0.400000 781.000000
13.000000 0.458231 0.573980 -0.645402 1.570796 0.400000 781.000000
13.000000 0.523692 0.842246 -0.384116 1.570796 0.400000 781.000000
13.000000 0.589154 0.882353 -0.510933 1.570796 0.400000 781.000000
13.000000 0.654616 0.612981 -0.272534 1.570796 0.400000 781.000000
13.000000 0.720077 0.647727 -0.421958 1.570796 0.400000 781.000000
13.000000 0.785539 0.695122 -0.421741 1.570796 0.400000 781.000000
13.000000 0.851000 0.533175 -0.571614 1.570796 0.400000 781.000000
13.000000 0.916462 0.561497 -0.485737 1.570796 0.400000 781.000000
13.000000 0.981923 0.500000 -0.071447 1.570796 0.400000 781.000000
13.000000 1.047385 0.500000 0.621111 1.570796 0.400000 781.000000
13.000000 1.112846 0.500000 1.935039 1.570796 0.400000 781.000000
13.000000 1.178308 0.506757 2.868766 1.570796 0.400000 781.000000
13.000000 1.243769 0.511364 3.653805 1.570796 0.400000 781.000000
13.000000 1.309231 0.513699 4.358023 1.570796 0.400000 781.000000
13.000000 1.374693 0.511364 4.996091 1.570796 0.400000 781.000000
13.000000 1.440154 0.512821 5.599643 1.570796 0.400000 781.000000
13.000000 1.505616 0.525000 6.197234 1.570796 0.400000 781.000000
13.000000 1.571077 0.500000 6.809901 1.570796 0.400000 781.000000
13.000000 1.636539 0.500000 7.281001 1.570796 0.400000 781.000000
13.000000 1.702000 0.535714 7.741500 1.570796 0.400000 781.000000
13.000000 1.767462 0.543478 8.287781 1.570796 0.400000 781.000000
13.000000 1.832923 0.528169 8.725959 1.570796 0.400000 781.000000
13.000000 1.898385 0.551471 9.164259 1.570796 0.400000 781.000000
13.000000 1.963847 0.535714 9.765044 1.570796 0.400000 781.000000
13.000000 2.029308 0.551471 10.168703 1.570796 0.400000 781.000000
13.000000 2.094770 0.535714 10.537346 1.570796 0.400000 781.000000
13.000000 2.160231 0.555556 10.918310 1.570796 0.400000 781.000000
13.000000 2.225693 0.500000 11.752222 1.570796 0.400000 781.000000
13.000000 2.291154 0.548780 12.007230 1.570796 0.400000 781.000000
13.000000 2.356616 0.576923 12.330680 1.570796 0.400000 781.000000
13.000000 2.422077 0.566038 12.719089 1.570796 0.400000 781.000000
13.000000 2.487539 0.500000 13.180498 1.570796 0.400000 781.000000
13.000000 2.553000 0.548780 13.369413 1.570796 0.400000 781.000000
13.000000 2.618462 0.576923 13.621029 1.570796 0.400000 781.000000
13.000000 2.683924 0.592105 13.952164 1.570796 0.400000 781.000000
13.000000 2.749385 0.608108 14.481814 1.570796 0.400000 781.000000
13.000000 2.814847 0.500000 15.499335 1.570796 0.400000 781.000000
13.000000 2.880308 0.576923 15.652006 1.570796 0.400000 781.000000
13.000000 2.945770 0.600000 15.883615 1.570796 0.400000 781.000000
13.000000 3.011231 0.625000 16.064517 1.570796 0.400000 781.000000
13.000000 3.076693 0.592105 16.226760 1.570796 0.400000 781.000000
13.000000 3.142154 0.608108 16.516372 1.570796 0.400000 781.000000
13.000000 3.207616 0.625000 16.727432 1.570796 0.400000 781.000000
13.000000 3.273078 0.500000 17.103050 1.570796 0.400000 781.000000
13.000000 3.338539 0.555556 17.215570 1.570796 0.400000 781.000000
13.000000 3.404001 0.576923 17.353429 1.570796 0.400000 781.000000
