8.250000 0.000000 1.000000 -0.059245 1.570796 0.400000 781.000000
8.250000 0.026364 1.403743 -0.217026 1.570796 0.400000 781.000000
8.250000 0.052728 1.164596 -0.334998 1.570796 0.400000 781.000000
8.250000 0.079091 0.993377 -0.485800 1.570796 0.400000 781.000000
8.250000 0.105455 1.170213 -0.303902 1.570796 0.400000 781.000000
8.250000 0.131819 1.212575 -0.316621 1.570796 0.400000 781.000000
8.250000 0.158183 1.443662 -0.041000 1.570796 0.400000 781.000000
8.250000 0.184546 0.816327 -0.289166 1.570796 0.400000 781.000000
8.250000 0.210910 0.741279 -0.143504 1.570796 0.400000 781.000000
8.250000 0.237274 1.028571 -0.175754 1.570796 0.400000 781.000000
8.250000 0.263638 0.930233 -0.503169 1.570796 0.400000 781.000000
8.250000 0.290001 1.213235 0.022072 1.570796 0.400000 781.000000
8.250000 0.316365 1.263158 0.047954 1.570796 0.400000 781.000000
8.250000 0.342729 0.531915 -0.757040 1.570796 0.400000 781.000000
8.250000 0.369093 0.833333 -0.313283 1.570796 0.400000 781.000000
8.250000 0.395457 0.504484 -0.070367 1.570796 0.400000 781.000000
8.250000 0.421820 0.500000 -0.056180 1.570796 0.400000 781.000000
8.250000 0.448184 0.500000 0.081653 1.570796 0.400000 781.000000
8.250000 0.474548 0.500000 0.348606 1.570796 0.400000 781.000000
8.250000 0.500912 0.500000 0.654680 1.570796 0.400000 781.000000
8.250000 0.527275 0.500000 0.949212 1.570796 0.400000 781.000000
8.250000 0.553639 0.500000 1.193012 1.570796 0.400000 781.000000
8.250000 0.580003 0.500000 1.416042 1.570796 0.400000 781.000000
8.250000 0.606367 0.500000 1.629663 1.570796 0.400000 781.000000
8.250000 0.632730 0.500000 1.835294 1.570796 0.400000 781.000000
8.250000 0.659094 0.500000 2.035765 1.570796 0.400000 781.000000
8.250000 0.685458 0.500000 2.227861 1.570796 0.400000 781.000000
8.250000 0.711822 0.500000 2.417892 1.570796 0.400000 781.000000
8.250000 0.738186 0.500000 2.608441 1.570796 0.400000 781.000000
8.250000 0.764549 0.500000 2.781908 1.570796 0.400000 781.000000
8.250000 0.790913 0.500000 2.963873 1.570796 0.400000 781.000000
8.250000 0.817277 0.500000 3.137660 1.570796 0.400000 781.000000
8.250000 0.843641 0.500000 3.301472 1.570796 0.400000 781.000000
8.250000 0.870004 0.500000 3.477255 1.570796 0.400000 781.000000
8.250000 0.896368 0.500000 3.544471 1.570796 0.400000 781.000000
8.250000 0.922732 0.500000 3.819058 1.570796 0.400000 781.000000
8.250000 0.949096 0.513699 3.998270 1.570796 0.400000 781.000000
8.250000 0.975459 0.500000 4.165609 1.570796 0.400000 781.000000
8.250000 1.001823 0.515267 4.334653 1.570796 0.400000 781.000000
8.250000 1.028187 0.517241 4.484573 1.570796 0.400000 781.000000
8.250000 1.054551 0.512821 4.657829 1.570796 0.400000 781.000000
8.250000 1.080914 0.500000 4.818944 1.570796 0.400000 781.000000
8.250000 1.107278 0.500000 4.974918 1.570796 0.400000 781.000000
8.250000 1.133642 0.525000 5.097778 1.570796 0.400000 781.000000
8.250000 1.160006 0.500000 5.281204 1.570796 0.400000 781.000000
8.250000 1.186370 0.535714 5.419462 1.570796 0.400000 781.000000
8.250000 1.212733 0.500000 5.580883 1.570796 0.400000 781.000000
8.250000 1.239097 0.535714 5.726601 1.570796 0.400000 781.000000
8.250000 1.265461 0.500000 5.905900 1.570796 0.400000 781.000000
8.250000 1.291825 0.528169 6.034906 1.570796 0.400000 781.000000
8.250000 1.318188 0.500000 6.211863 1.570796 0.400000 781.000000
8.250000 1.344552 0.513699 6.343334 1.570796 0.400000 781.000000
8.250000 1.370916 0.535714 6.475353 1.570796 0.400000 781.000000
