10.750000 0.000000 1.184211 -0.808018 1.570796 0.400000 781.000000
10.750000 0.044763 1.354167 -0.853806 1.570796 0.400000 781.000000
10.750000 0.089525 1.402878 -0.808179 1.570796 0.400000 781.000000
10.750000 0.134288 1.377551 -0.790941 1.570796 0.400000 781.000000
10.750000 0.179051 1.326531 -0.700324 1.570796 0.400000 781.000000
10.750000 0.223814 1.234177 -0.538329 1.570796 0.400000 781.000000
10.750000 0.268576 1.317568 -0.625652 1.570796 0.400000 781.000000
10.750000 0.313339 0.500000 0.802824 1.570796 0.400000 781.000000
10.750000 0.358102 0.500000 1.376782 1.570796 0.400000 781.000000
10.750000 0.402865 0.500000 1.754585 1.570796 0.400000 781.000000
10.750000 0.447627 0.500000 2.082377 1.570796 0.400000 781.000000
10.750000 0.492390 0.500000 2.400551 1.570796 0.400000 781.000000
10.750000 0.537153 0.500000 2.718302 1.570796 0.400000 781.000000
10.750000 0.581915 0.510638 3.032290 1.570796 0.400000 781.000000
10.750000 0.626678 0.500000 3.349866 1.570796 0.400000 781.000000
10.750000 0.671441 0.500000 3.660079 1.570796 0.400000 781.000000
10.750000 0.716204 0.514286 3.968340 1.570796 0.400000 781.000000
10.750000 0.760966 0.515625 4.278611 1.570796 0.400000 781.000000
10.750000 0.805729 0.510204 4.595671 1.570796 0.400000 781.000000
10.750000 0.850492 0.523256 4.900180 1.570796 0.400000 781.000000
10.750000 0.895254 0.500000 5.218660 1.570796 0.400000 781.000000
10.750000 0.940017 0.508475 5.516910 1.570796 0.400000 781.000000
10.750000 0.984780 0.509709 5.827282 1.570796 0.400000 781.000000
10.750000 1.029543 0.500000 6.108656 1.570796 0.400000 781.000000
10.750000 1.074305 0.505618 6.433528 1.570796 0.400000 781.000000
10.750000 1.119068 0.542169 6.697660 1.570796 0.400000 781.000000
10.750000 1.163831 0.523256 6.981434 1.570796 0.400000 781.000000
10.750000 1.208594 0.500000 7.318014 1.570796 0.400000 781.000000
10.750000 1.253356 0.535714 7.559847 1.570796 0.400000 781.000000
10.750000 1.298119 0.500000 7.872458 1.570796 0.400000 781.000000
10.750000 1.342882 0.535714 8.095092 1.570796 0.400000 781.000000
10.750000 1.387644 0.500000 8.492394 1.570796 0.400000 781.000000
10.750000 1.432407 0.535714 8.699913 1.570796 0.400000 781.000000
10.750000 1.477170 0.555556 8.971399 1.570796 0.400000 781.000000
10.750000 1.521933 0.500000 9.260080 1.570796 0.400000 781.000000
10.750000 1.566695 0.535714 9.451480 1.570796 0.400000 781.000000
10.750000 1.611458 0.555556 9.678074 1.570796 0.400000 781.000000
10.750000 1.656221 0.500000 10.178489 1.570796 0.400000 781.000000
10.750000 1.700984 0.500000 10.405569 1.570796 0.400000 781.000000
10.750000 1.745746 0.548780 10.603117 1.570796 0.400000 781.000000
10.750000 1.790509 0.576923 10.816439 1.570796 0.400000 781.000000
10.750000 1.835272 0.576923 11.074964 1.570796 0.400000 781.000000
10.750000 1.880034 0.500000 11.347352 1.570796 0.400000 781.000000
10.750000 1.924797 0.535714 11.523683 1.570796 0.400000 781.000000
10.750000 1.969560 0.562500 11.651253 1.570796 0.400000 781.000000
10.750000 2.014323 0.576923 11.860329 1.570796 0.400000 781.000000
10.750000 2.059085 0.592105 12.173211 1.570796 0.400000 781.000000
10.750000 2.103848 0.500000 12.858289 1.570796 0.400000 781.000000
10.750000 2.148611 0.500000 13.085007 1.570796 0.400000 781.000000
10.750000 2.193374 0.555556 13.226199 1.570796 0.400000 781.000000
10.750000 2.238136 0.576923 13.342601 1.570796 0.400000 781.000000
10.750000 2.282899 0.600000 13.474095 1.570796 0.400000 781.000000
10.750000 2.327662 0.625000 13.627067 1.570796 0.400000 781.000000
