14.500000 0.000000 0.927419 -0.893345 1.570796 0.400000 781.000000
14.500000 0.081440 0.862500 -0.823284 1.570796 0.400000 781.000000
14.500000 0.162879 0.904523 -0.564338 1.570796 0.400000 781.000000
14.500000 0.244319 0.898438 -1.069800 1.570796 0.400000 781.000000
14.500000 0.325758 0.880102 -0.814410 1.570796 0.400000 781.000000
14.500000 0.407198 0.959716 -0.429518 1.570796 0.400000 781.000000
14.500000 0.488638 0.926295 -0.299519 1.570796 0.400000 781.000000
14.500000 0.570077 0.767442 -0.649541 1.570796 0.400000 781.000000
14.500000 0.651517 0.809859 -1.282312 1.570796 0.400000 781.000000
14.500000 0.732956 1.007463 -0.539174 1.570796 0.400000 781.000000
14.500000 0.814396 0.637500 -0.572986 1.570796 0.400000 781.000000
14.500000 0.895836 0.812500 -1.002742 1.570796 0.400000 781.000000
14.500000 0.977275 0.761719 -0.192486 1.570796 0.400000 781.000000
14.500000 1.058715 0.691244 -0.642882 1.570796 0.400000 781.000000
14.500000 1.140154 0.642857 -0.730110 1.570796 0.400000 781.000000
14.500000 1.221594 0.699153 -0.190814 1.570796 0.400000 781.000000
14.500000 1.303033 0.492424 -0.819727 1.570796 0.400000 781.000000
14.500000 1.384473 0.675355 -0.576466 1.570796 0.400000 781.000000
14.500000 1.465913 0.531250 -0.568465 1.570796 0.400000 781.000000
14.500000 1.547352 0.524017 -0.773767 1.570796 0.400000 781.000000
14.500000 1.628792 0.525292 -0.585949 1.570796 0.400000 781.000000
14.500000 1.710231 0.498155 -0.509278 1.570796 0.400000 781.000000
14.500000 1.791671 0.500000 -0.745914 1.570796 0.400000 781.000000
14.500000 1.873111 0.500000 2.272380 1.570796 0.400000 781.000000
14.500000 1.954550 0.514286 3.723857 1.570796 0.400000 781.000000
14.500000 2.035990 0.511364 4.889722 1.570796 0.400000 781.000000
14.500000 2.117429 0.517241 5.853547 1.570796 0.400000 781.000000
14.500000 2.198869 0.519802 6.679802 1.570796 0.400000 781.000000
14.500000 2.280309 0.500000 7.374221 1.570796 0.400000 781.000000
14.500000 2.361748 0.513699 7.971252 1.570796 0.400000 781.000000
14.500000 2.443188 0.520833 8.345047 1.570796 0.400000 781.000000
14.500000 2.524627 0.508475 9.126593 1.570796 0.400000 781.000000
14.500000 2.606067 0.652174 9.491601 1.570796 0.400000 781.000000
14.500000 2.687507 0.875000 10.102944 1.570796 0.400000 781.000000
14.500000 2.768946 0.978261 11.285087 1.570796 0.400000 781.000000
14.500000 2.850386 0.990566 11.652462 4.712389 0.400000 781.000000
14.500000 2.931825 0.978261 12.461914 4.712389 0.400000 781.000000
14.500000 3.013265 1.022727 13.116968 4.712389 0.400000 781.000000
14.500000 3.094705 1.097561 14.028746 4.712389 0.400000 781.000000
14.500000 3.176144 1.000000 15.516243 4.712389 0.400000 781.000000
14.500000 3.257584 1.000000 16.022287 4.712389 0.400000 781.000000
14.500000 3.339023 0.961538 16.079124 4.712389 0.400000 781.000000
14.500000 3.420463 1.153846 16.602451 4.712389 0.400000 781.000000
14.500000 3.501902 0.900000 16.900080 4.712389 0.400000 781.000000
14.500000 3.583342 0.500000 17.871020 1.570796 0.400000 781.000000
14.500000 3.664782 0.517241 18.138486 1.570796 0.400000 781.000000
14.500000 3.746221 0.500000 17.854268 1.570796 0.400000 781.000000
14.500000 3.827661 0.500000 18.070503 1.570796 0.400000 781.000000
14.500000 3.909100 0.535714 17.906619 1.570796 0.400000 781.000000
14.500000 3.990540 0.576923 18.562491 1.570796 0.400000 781.000000
14.500000 4.071980 0.576923 20.197244 4.712389 0.400000 781.000000
14.500000 4.153419 1.000000 23.567644 4.712389 0.400000 781.000000
14.500000 4.234859 1.000000 25.262779 4.712389 0.400000 781.000000
