17.750000 0.000000 0.681818 -0.667171 1.570796 0.400000 781.000000
17.750000 0.122038 0.704887 -0.595443 1.570796 0.400000 781.000000
17.750000 0.244077 0.814607 -0.670769 1.570796 0.400000 781.000000
17.750000 0.366115 0.843023 -0.801822 1.570796 0.400000 781.000000
17.750000 0.488153 0.769962 -0.744237 1.570796 0.400000 781.000000
17.750000 0.610192 0.657371 -0.851022 1.570796 0.400000 781.000000
17.750000 0.732230 0.490909 -0.723655 1.570796 0.400000 781.000000
17.750000 0.854268 0.500000 -0.351202 3.141593 0.400000 781.000000
17.750000 0.976307 0.500000 3.029622 3.141593 0.400000 781.000000
17.750000 1.098345 0.500000 4.998305 3.141593 0.400000 781.000000
17.750000 1.220383 0.500000 6.624610 3.141593 0.400000 781.000000
17.750000 1.342422 0.513699 7.973830 3.141593 0.400000 781.000000
17.750000 1.464460 0.500000 9.047617 3.141593 0.400000 781.000000
17.750000 1.586498 0.521739 10.205985 3.141593 0.400000 781.000000
17.750000 1.708537 0.535714 11.567439 3.141593 0.400000 781.000000
17.750000 1.830575 0.500000 12.717688 3.141593 0.400000 781.000000
17.750000 1.952613 0.500000 12.788967 3.141593 0.400000 781.000000
17.750000 2.074652 0.500000 14.185855 3.141593 0.400000 781.000000
17.750000 2.196690 0.535714 15.413703 3.141593 0.400000 781.000000
17.750000 2.318729 0.526316 16.697965 3.141593 0.400000 781.000000
17.750000 2.440767 0.500000 17.979944 3.141593 0.400000 781.000000
17.750000 2.562805 0.500000 19.008115 3.141593 0.400000 781.000000
17.750000 2.684844 0.535714 19.896631 3.141593 0.400000 781.000000
17.750000 2.806882 0.592105 21.180538 3.141593 0.400000 781.000000
17.750000 2.928920 0.535714 22.177025 3.141593 0.400000 781.000000
17.750000 3.050959 0.600000 22.698200 3.141593 0.400000 781.000000
17.750000 3.172997 0.608108 24.029420 3.141593 0.400000 781.000000
17.750000 3.295035 0.500000 24.524117 3.141593 0.400000 781.000000
17.750000 3.417074 0.576923 25.009368 3.141593 0.400000 781.000000
17.750000 3.539112 0.600000 25.862033 3.141593 0.400000 781.000000
17.750000 3.661150 0.625000 26.479936 3.141593 0.400000 781.000000
17.750000 3.783189 1.000000 29.608047 3.141593 0.400000 781.000000
17.750000 3.905227 1.000000 30.190779 3.141593 0.400000 781.000000
17.750000 4.027265 1.000000 29.745032 3.141593 0.400000 781.000000
17.750000 4.149304 1.000000 29.205099 3.141593 0.400000 781.000000
17.750000 4.271342 1.000000 29.051346 3.141593 0.400000 781.000000
17.750000 4.393380 1.000000 29.608393 3.141593 0.400000 781.000000
17.750000 4.515419 1.000000 29.905006 3.141593 0.400000 781.000000
17.750000 4.637457 1.000000 30.324983 3.141593 0.400000 781.000000
17.750000 4.759495 1.000000 30.766401 3.141593 0.400000 781.000000
17.750000 4.881534 1.000000 32.123562 3.141593 0.400000 781.000000
17.750000 5.003572 1.000000 31.096049 3.141593 0.400000 781.000000
17.750000 5.125610 1.000000 31.436163 3.141593 0.400000 781.000000
17.750000 5.247649 1.000000 30.779228 3.141593 0.400000 781.000000
17.750000 5.369687 1.000000 30.504375 3.141593 0.400000 781.000000
17.750000 5.491725 1.000000 30.696714 3.141593 0.400000 781.000000
17.750000 5.613764 1.000000 28.329337 3.141593 0.400000 781.000000
17.750000 5.735802 1.000000 28.490099 3.141593 0.400000 781.000000
17.750000 5.857840 1.000000 28.689884 3.141593 0.400000 781.000000
17.750000 5.979879 1.363636 29.716669 3.141593 0.400000 781.000000
17.750000 6.101917 1.363636 30.075283 3.141593 0.400000 781.000000
17.750000 6.223956 1.363636 30.501301 3.141593 0.400000 781.000000
17.750000 6.345994 1.363636 30.971855 4.712389 0.400000 781.000000
