11.250000 0.000000 2.483923 -0.132617 1.570796 0.400000 781.000000
11.250000 0.049024 0.843195 -0.417908 1.570796 0.400000 781.000000
11.250000 0.098047 0.685976 -0.625492 1.570796 0.400000 781.000000
11.250000 0.147071 0.494505 -0.343595 1.570796 0.400000 781.000000
11.250000 0.196094 0.500000 -0.225854 1.570796 0.400000 781.000000
11.250000 0.245118 0.500000 -0.028265 1.570796 0.400000 781.000000
11.250000 0.294141 0.500000 0.407248 1.570796 0.400000 781.000000
11.250000 0.343165 0.500000 0.794140 1.570796 0.400000 781.000000
11.250000 0.392188 0.500000 1.288906 1.570796 0.400000 781.000000
11.250000 0.441212 0.500000 1.690414 1.570796 0.400000 781.000000
11.250000 0.490235 0.500000 2.073103 1.570796 0.400000 781.000000
11.250000 0.539259 0.508929 2.399118 1.570796 0.400000 781.000000
11.250000 0.588282 0.500000 2.812819 1.570796 0.400000 781.000000
11.250000 0.637306 0.500000 3.175875 1.570796 0.400000 781.000000
11.250000 0.686330 0.500000 3.529157 1.570796 0.400000 781.000000
11.250000 0.735353 0.514286 3.870382 1.570796 0.400000 781.000000
11.250000 0.784377 0.515625 4.214616 1.570796 0.400000 781.000000
11.250000 0.833400 0.513699 4.556310 1.570796 0.400000 781.000000
11.250000 0.882424 0.500000 4.922303 1.570796 0.400000 781.000000
11.250000 0.931447 0.512821 5.265148 1.570796 0.400000 781.000000
11.250000 0.980471 0.517241 5.537592 1.570796 0.400000 781.000000
11.250000 1.029494 0.519802 5.933197 1.570796 0.400000 781.000000
11.250000 1.078518 0.519802 6.240593 1.570796 0.400000 781.000000
11.250000 1.127541 0.500000 6.615707 1.570796 0.400000 781.000000
11.250000 1.176565 0.500000 6.936470 1.570796 0.400000 781.000000
11.250000 1.225588 0.529412 7.203285 1.570796 0.400000 781.000000
11.250000 1.274612 0.500000 7.604333 1.570796 0.400000 781.000000
11.250000 1.323635 0.543478 7.881890 1.570796 0.400000 781.000000
11.250000 1.372659 0.520833 8.179601 1.570796 0.400000 781.000000
11.250000 1.421683 0.543478 8.438830 1.570796 0.400000 781.000000
11.250000 1.470706 0.500000 8.885423 1.570796 0.400000 781.000000
11.250000 1.519730 0.545455 9.111704 1.570796 0.400000 781.000000
11.250000 1.568753 0.566038 9.417468 1.570796 0.400000 781.000000
11.250000 1.617777 0.500000 9.750106 1.570796 0.400000 781.000000
11.250000 1.666800 0.545455 9.934672 1.570796 0.400000 781.000000
11.250000 1.715824 0.566038 10.110095 1.570796 0.400000 781.000000
11.250000 1.764847 0.500000 10.750872 1.570796 0.400000 781.000000
11.250000 1.813871 0.535714 11.002180 1.570796 0.400000 781.000000
11.250000 1.862894 0.562500 11.191309 1.570796 0.400000 781.000000
11.250000 1.911918 0.592105 11.497623 1.570796 0.400000 781.000000
11.250000 1.960941 0.592105 11.762714 1.570796 0.400000 781.000000
11.250000 2.009965 0.523256 12.053554 1.570796 0.400000 781.000000
11.250000 2.058989 0.548780 12.158035 1.570796 0.400000 781.000000
11.250000 2.108012 0.562500 12.384661 1.570796 0.400000 781.000000
11.250000 2.157036 0.576923 12.629952 1.570796 0.400000 781.000000
11.250000 2.206059 0.608108 13.006512 1.570796 0.400000 781.000000
11.250000 2.255083 0.608108 13.285942 1.570796 0.400000 781.000000
11.250000 2.304106 0.535714 14.002370 1.570796 0.400000 781.000000
11.250000 2.353130 0.576923 13.982632 1.570796 0.400000 781.000000
11.250000 2.402153 0.576923 14.287481 1.570796 0.400000 781.000000
11.250000 2.451177 0.600000 14.447502 1.570796 0.400000 781.000000
11.250000 2.500200 0.625000 14.725557 1.570796 0.400000 781.000000
11.250000 2.549224 0.652174 14.986399 1.570796 0.400000 781.000000
