10.250000 0.000000 1.157718 -0.371780 1.570796 0.400000 781.000000
10.250000 0.040696 1.166667 -0.548337 1.570796 0.400000 781.000000
10.250000 0.081391 0.948795 -0.317954 1.570796 0.400000 781.000000
10.250000 0.122087 0.754717 -0.302561 1.570796 0.400000 781.000000
10.250000 0.162782 0.532544 -0.329994 1.570796 0.400000 781.000000
10.250000 0.203478 0.518617 -0.142951 1.570796 0.400000 781.000000
10.250000 0.244174 0.500000 -0.175542 1.570796 0.400000 781.000000
10.250000 0.284869 0.500000 -0.030883 1.570796 0.400000 781.000000
10.250000 0.325565 0.500000 0.329912 1.570796 0.400000 781.000000
10.250000 0.366260 0.500000 0.778226 1.570796 0.400000 781.000000
10.250000 0.406956 0.500000 1.214708 1.570796 0.400000 781.000000
10.250000 0.447651 0.500000 1.583270 1.570796 0.400000 781.000000
10.250000 0.488347 0.500000 1.940868 1.570796 0.400000 781.000000
10.250000 0.529043 0.500000 2.272149 1.570796 0.400000 781.000000
10.250000 0.569738 0.500000 2.590603 1.570796 0.400000 781.000000
10.250000 0.610434 0.509434 2.905322 1.570796 0.400000 781.000000
10.250000 0.651129 0.500000 3.225464 1.570796 0.400000 781.000000
10.250000 0.691825 0.509709 3.364016 1.570796 0.400000 781.000000
10.250000 0.732521 0.512195 3.784238 1.570796 0.400000 781.000000
10.250000 0.773216 0.500000 4.084895 1.570796 0.400000 781.000000
10.250000 0.813912 0.500000 4.371388 1.570796 0.400000 781.000000
10.250000 0.854607 0.500000 4.662288 1.570796 0.400000 781.000000
10.250000 0.895303 0.523256 4.931660 1.570796 0.400000 781.000000
10.250000 0.935999 0.500000 5.216313 1.570796 0.400000 781.000000
10.250000 0.976694 0.500000 5.497593 1.570796 0.400000 781.000000
10.250000 1.017390 0.509709 5.781977 1.570796 0.400000 781.000000
10.250000 1.058085 0.500000 6.042488 1.570796 0.400000 781.000000
10.250000 1.098781 0.500000 6.343643 1.570796 0.400000 781.000000
10.250000 1.139476 0.535714 6.595255 1.570796 0.400000 781.000000
10.250000 1.180172 0.523256 6.854842 1.570796 0.400000 781.000000
10.250000 1.220868 0.500000 7.170757 1.570796 0.400000 781.000000
10.250000 1.261563 0.528169 7.398881 1.570796 0.400000 781.000000
10.250000 1.302259 0.500000 7.683966 1.570796 0.400000 781.000000
10.250000 1.342954 0.535714 7.909176 1.570796 0.400000 781.000000
10.250000 1.383650 0.508475 8.242070 1.570796 0.400000 781.000000
10.250000 1.424346 0.526316 8.494449 1.570796 0.400000 781.000000
10.250000 1.465041 0.555556 8.707287 1.570796 0.400000 781.000000
10.250000 1.505737 0.500000 8.984900 1.570796 0.400000 781.000000
10.250000 1.546432 0.535714 9.181074 1.570796 0.400000 781.000000
10.250000 1.587128 0.555556 9.399210 1.570796 0.400000 781.000000
10.250000 1.627823 0.576923 9.685265 1.570796 0.400000 781.000000
10.250000 1.668519 0.500000 10.059975 1.570796 0.400000 781.000000
10.250000 1.709215 0.548780 10.231582 1.570796 0.400000 781.000000
10.250000 1.749910 0.562500 10.442924 1.570796 0.400000 781.000000
10.250000 1.790606 0.592105 10.703702 1.570796 0.400000 781.000000
10.250000 1.831301 0.500000 10.969040 1.570796 0.400000 781.000000
10.250000 1.871997 0.500000 11.128022 1.570796 0.400000 781.000000
10.250000 1.912693 0.548780 11.298950 1.570796 0.400000 781.000000
10.250000 1.953388 0.562500 11.504446 1.570796 0.400000 781.000000
10.250000 1.994084 0.576923 11.693754 1.570796 0.400000 781.000000
10.250000 2.034779 0.608108 12.007288 1.570796 0.400000 781.000000
10.250000 2.075475 0.500000 12.559060 1.570796 0.400000 781.000000
10.250000 2.116171 0.500000 12.752524 1.570796 0.400000 781.000000
