13.250000 0.000000 0.957447 -0.533294 1.570796 0.400000 781.000000
13.250000 0.068004 0.967742 -0.710555 1.570796 0.400000 781.000000
13.250000 0.136007 0.942623 -0.441422 1.570796 0.400000 781.000000
13.250000 0.204011 0.947802 -0.414034 1.570796 0.400000 781.000000
13.250000 0.272014 0.753968 -0.539977 1.570796 0.400000 781.000000
13.250000 0.340018 0.708155 0.071481 1.570796 0.400000 781.000000
13.250000 0.408021 0.997340 -0.648349 1.570796 0.400000 781.000000
13.250000 0.476025 0.901639 -0.176974 1.570796 0.400000 781.000000
13.250000 0.544028 0.615385 -1.158826 1.570796 0.400000 781.000000
13.250000 0.612032 0.701754 -0.830432 1.570796 0.400000 781.000000
13.250000 0.680035 0.718085 -0.586319 1.570796 0.400000 781.000000
13.250000 0.748039 0.631188 -0.440547 1.570796 0.400000 781.000000
13.250000 0.816042 0.542986 -0.322305 1.570796 0.400000 781.000000
13.250000 0.884046 0.592105 -0.913370 1.570796 0.400000 781.000000
13.250000 0.952049 0.459184 -0.566637 1.570796 0.400000 781.000000
13.250000 1.020053 0.497925 -0.765059 1.570796 0.400000 781.000000
13.250000 1.088056 0.507968 -0.158607 1.570796 0.400000 781.000000
13.250000 1.156060 0.500000 0.186618 1.570796 0.400000 781.000000
13.250000 1.224063 0.500000 1.840516 1.570796 0.400000 781.000000
13.250000 1.292067 0.509050 2.891827 1.570796 0.400000 781.000000
13.250000 1.360070 0.508475 3.750787 1.570796 0.400000 781.000000
13.250000 1.428074 0.510204 4.510908 1.570796 0.400000 781.000000
13.250000 1.496077 0.500000 5.259277 1.570796 0.400000 781.000000
13.250000 1.564081 0.526316 5.849041 1.570796 0.400000 781.000000
13.250000 1.632084 0.519802 6.451394 1.570796 0.400000 781.000000
13.250000 1.700088 0.529412 7.068909 1.570796 0.400000 781.000000
13.250000 1.768091 0.529412 7.555745 1.570796 0.400000 781.000000
13.250000 1.836095 0.528169 8.182265 1.570796 0.400000 781.000000
13.250000 1.904098 0.500000 8.694997 1.570796 0.400000 781.000000
13.250000 1.972102 0.543478 9.114821 1.570796 0.400000 781.000000
13.250000 2.040105 0.535714 9.736011 1.570796 0.400000 781.000000
13.250000 2.108109 0.555556 10.178865 1.570796 0.400000 781.000000
13.250000 2.176112 0.526316 10.601433 1.570796 0.400000 781.000000
13.250000 2.244116 0.555556 10.969787 1.570796 0.400000 781.000000
13.250000 2.312119 0.500000 11.849768 1.570796 0.400000 781.000000
13.250000 2.380123 0.548780 12.103046 1.570796 0.400000 781.000000
13.250000 2.448126 0.576923 12.446006 1.570796 0.400000 781.000000
13.250000 2.516130 0.566038 12.860249 1.570796 0.400000 781.000000
13.250000 2.584133 0.500000 13.353510 1.570796 0.400000 781.000000
13.250000 2.652137 0.548780 13.557599 1.570796 0.400000 781.000000
13.250000 2.720140 0.576923 13.819775 1.570796 0.400000 781.000000
13.250000 2.788144 0.592105 14.149831 1.570796 0.400000 781.000000
13.250000 2.856148 0.608108 14.681249 1.570796 0.400000 781.000000
13.250000 2.924151 0.500000 15.622766 1.570796 0.400000 781.000000
13.250000 2.992155 0.576923 15.714734 1.570796 0.400000 781.000000
13.250000 3.060158 0.600000 15.756432 1.570796 0.400000 781.000000
13.250000 3.128162 0.625000 15.902936 1.570796 0.400000 781.000000
13.250000 3.196165 0.592105 15.953587 1.570796 0.400000 781.000000
13.250000 3.264169 0.608108 16.262649 1.570796 0.400000 781.000000
13.250000 3.332172 0.500000 16.804224 1.570796 0.400000 781.000000
13.250000 3.400176 0.535714 17.013341 1.570796 0.400000 781.000000
13.250000 3.468179 0.576923 17.050330 1.570796 0.400000 781.000000
13.250000 3.536183 0.576923 17.101099 1.570796 0.400000 781.000000
