32 0.500000 3.500000 0.050000 0.000000 0.000000 0.000000 0.000000
32 0.500000 3.500000 0.050000 0.000000 0.000000 0.000000 0.000000
32 0.500000 3.500000 0.050000 0.000000 0.000000 0.000000 0.000000
32 0.500000 3.500000 0.050000 0.000000 0.000000 0.000000 0.000000
32 0.500000 3.500000 0.050000 0.000000 0.000000 0.000000 0.000000
32 0.500000 3.500000 0.050000 0.000000 0.000000 0.000000 0.000000
32 0.500000 3.500000 0.050000 0.000000 0.000000 0.000000 0.000000
32 0.500000 3.500000 0.050000 0.000000 0.000000 0.000000 0.000000
32 0.500000 3.500000 0.050000 0.000000 0.000000 0.000000 0.000000
32 0.500000 3.500000 0.050000 0.000000 0.000000 0.000000 0.000000
32 0.500000 3.500000 0.050000 0.000000 0.302293 0.500000 3.351032
32 0.500000 3.500000 0.050000 0.000000 0.000000 0.000000 0.000000
32 0.500000 3.500000 0.050000 0.000000 0.302293 0.500000 3.351032
32 0.500000 3.500000 0.050000 0.000000 0.000000 0.000000 0.000000
32 0.500000 3.500000 0.050000 0.000000 0.000000 0.000000 0.000000
32 0.500000 3.500000 0.050000 0.000000 0.000000 0.000000 0.000000
32 0.500000 3.500000 0.050000 0.000000 0.000000 0.000000 0.000000
32 0.500000 3.500000 0.050000 0.000000 0.000000 0.000000 0.000000
32 0.500000 3.500000 0.050000 0.000000 0.000000 0.000000 0.000000
32 0.500000 3.500000 0.050000 0.000000 0.000000 0.000000 0.000000
32 0.500000 3.500000 0.050000 0.000000 0.000000 0.000000 0.000000
32 0.500000 3.500000 0.050000 0.000000 0.000000 0.000000 0.000000
32 0.500000 3.500000 0.050000 0.000000 0.000000 0.000000 0.000000
32 0.500000 3.500000 0.050000 0.000000 0.000000 0.000000 0.000000
32 0.500000 3.500000 0.050000 0.000000 0.000000 0.000000 0.000000
32 0.500000 3.500000 0.050000 0.000000 0.000000 0.000000 0.000000
32 0.500000 3.500000 0.050000 0.000000 0.000000 0.000000 0.000000
32 0.500000 3.500000 0.050000 0.000000 0.000000 0.000000 0.000000
32 0.500000 3.500000 0.050000 0.000000 0.253478 0.500000 3.351032
32 0.500000 3.500000 0.050000 0.000000 0.000000 0.000000 0.000000
32 0.500000 3.500000 0.050000 0.000000 0.302171 0.500000 3.351032
32 0.500000 3.500000 0.050000 0.000000 0.000000 0.000000 0.000000
32 0.500000 3.500000 0.050000 0.000000 0.000000 0.000000 0.000000
32 0.500000 3.500000 0.050000 0.000000 0.000000 0.000000 0.000000
32 0.500000 3.500000 0.050000 0.000000 0.000000 0.000000 0.000000
32 0.500000 3.500000 0.050000 0.000000 0.000000 0.000000 0.000000
32 0.500000 3.500000 0.050000 0.000000 0.000000 0.000000 0.000000
32 0.500000 3.500000 0.050000 0.000000 0.000000 0.000000 0.000000
32 0.500000 3.500000 0.050000 0.000000 0.000000 0.000000 0.000000
32 0.500000 3.500000 0.050000 0.000000 0.000000 0.000000 0.000000
32 0.500000 3.500000 0.050000 0.000000 0.000000 0.000000 0.000000
32 0.500000 3.500000 0.050000 0.000000 0.000000 0.000000 0.000000
32 0.500000 3.500000 0.050000 0.000000 0.000000 0.000000 0.000000
32 0.500000 3.500000 0.050000 0.000000 0.000000 0.000000 0.000000
32 0.500000 3.500000 0.050000 0.000000 0.000000 0.000000 0.000000
32 0.500000 3.500000 0.050000 0.000000 0.000000 0.000000 0.000000
32 0.500000 3.500000 0.050000 0.000000 0.000000 0.000000 0.000000
32 0.500000 3.500000 0.050000 0.000000 0.000000 0.000000 0.000000
32 0.500000 3.500000 0.050000 0.000000 0.000000 0.000000 0.000000
32 0.500000 3.500000 0.050000 0.000000 0.000000 0.000000 0.000000
32 0.500000 3.500000 0.050000 0.000000 0.000000 0.000000 0.000000
32 0.500000 3.500000 0.050000 0.000000 0.000000 0.000000 0.000000
32 0.500000 3.500000 0.050000 0.000000 0.000000 0.000000 0.000000
32 0.500000 3.500000 0.050000 0.000000 0.000000 0.000000 0.000000
32 0.500000 3.500000 0.050000 0.000000 0.000000 0.000000 0.000000
32 0.500000 3.500000 0.050000 0.000000 0.000000 0.000000 0.000000
32 0.500000 3.500000 0.050000 0.000000 0.000000 0.000000 0.000000
32 0.500000 3.500000 0.050000 0.000000 0.000000 0.000000 0.000000
32 0.500000 3.500000 0.050000 0.000000 0.000000 0.000000 0.000000
32 0.500000 3.500000 0.050000 0.000000 0.000000 0.000000 0.000000
32 0.500000 3.500000 0.050000 0.000000 0.000000 0.000000 0.000000
32 0.500000 3.500000 0.050000 0.000000 0.308644 0.500000 3.351032
32 0.500000 3.500000 0.050000 0.000000 0.302171 0.500000 3.351032
32 0.500000 3.500000 0.050000 0.000000 0.000000 0.000000 0.000000
32 0.500000 3.500000 0.050000 0.000000 0.000000 0.000000 0.000000
32 0.500000 3.500000 0.050000 0.000000 0.000000 0.000000 0.000000
32 0.500000 3.500000 0.050000 0.000000 0.308697 0.500000 3.351032
32 0.500000 3.500000 0.050000 0.000000 0.000000 0.000000 0.000000
32 0.500000 3.500000 0.050000 0.000000 0.000000 0.000000 0.000000
32 0.500000 3.500000 0.050000 0.000000 0.000000 0.000000 0.000000
32 0.500000 3.500000 0.050000 0.000000 0.000000 0.000000 0.000000
32 0.500000 3.500000 0.050000 0.000000 0.000000 0.000000 0.000000
32 0.500000 3.500000 0.050000 0.000000 0.000000 0.000000 0.000000
32 0.500000 3.500000 0.050000 0.000000 0.000000 0.000000 0.000000
32 0.500000 3.500000 0.050000 0.000000 0.000000 0.000000 0.000000
32 0.500000 3.500000 0.050000 0.000000 0.000000 0.000000 0.000000
32 0.500000 3.500000 0.050000 0.000000 0.000000 0.000000 0.000000
32 0.500000 3.500000 0.050000 0.000000 0.000000 0.000000 0.000000
32 0.500000 3.500000 0.050000 0.000000 0.000000 0.000000 0.000000
32 0.500000 3.500000 0.050000 0.000000 0.000000 0.000000 0.000000
32 0.500000 3.500000 0.050000 0.000000 0.000000 0.000000 0.000000
32 0.500000 3.500000 0.050000 0.000000 0.000000 0.000000 0.000000
32 0.500000 3.500000 0.050000 0.000000 0.000000 0.000000 0.000000
32 0.500000 3.500000 0.050000 0.000000 0.000000 0.000000 0.000000
32 0.500000 3.500000 0.050000 0.000000 0.000000 0.000000 0.000000
32 0.500000 3.500000 0.050000 0.000000 0.000000 0.000000 0.000000
32 0.500000 3.500000 0.050000 0.000000 0.000000 0.000000 0.000000
32 0.500000 3.500000 0.050000 0.000000 0.000000 0.000000 0.000000
32 0.500000 3.500000 0.050000 0.000000 0.000000 0.000000 0.000000
32 0.500000 3.500000 0.050000 0.000000 0.000000 0.000000 0.000000
32 0.500000 3.500000 0.050000 0.000000 0.302276 0.500000 3.351032
32 0.500000 3.500000 0.050000 0.000000 0.000000 0.000000 0.000000
32 0.500000 3.500000 0.050000 0.000000 0.000000 0.000000 0.000000
32 0.500000 3.500000 0.050000 0.000000 0.000000 0.000000 0.000000
32 0.500000 3.500000 0.050000 0.000000 0.000000 0.000000 0.000000
32 0.500000 3.500000 0.050000 0.000000 0.000000 0.000000 0.000000
32 0.500000 3.500000 0.050000 0.000000 0.000000 0.000000 0.000000
32 0.500000 3.500000 0.050000 0.000000 0.000000 0.000000 0.000000
32 0.500000 3.500000 0.050000 0.000000 0.000000 0.000000 0.000000
32 0.500000 3.500000 0.050000 0.000000 0.000000 0.000000 0.000000
32 0.500000 3.500000 0.050000 0.000000 0.000000 0.000000 0.000000
32 0.500000 3.500000 0.050000 0.000000 0.000000 0.000000 0.000000
32 0.500000 3.500000 0.050000 0.000000 0.000000 0.000000 0.000000
32 0.500000 3.500000 0.050000 0.000000 0.000000 0.000000 0.000000
32 0.500000 3.500000 0.050000 0.000000 0.000000 0.000000 0.000000
32 0.500000 3.500000 0.050000 0.000000 0.000000 0.000000 0.000000
32 0.500000 3.500000 0.050000 0.000000 0.000000 0.000000 0.000000
32 0.500000 3.500000 0.050000 0.000000 0.000000 0.000000 0.000000
32 0.500000 3.500000 0.050000 0.000000 0.000000 0.000000 0.000000
32 0.500000 3.500000 0.050000 0.000000 0.000000 0.000000 0.000000
32 0.500000 3.500000 0.050000 0.000000 0.000000 0.000000 0.000000
32 0.500000 3.500000 0.050000 0.000000 0.000000 0.000000 0.000000
32 0.500000 3.500000 0.050000 0.000000 0.302293 0.500000 3.351032
32 0.500000 3.500000 0.050000 0.000000 0.000000 0.000000 0.000000
32 0.500000 3.500000 0.050000 0.000000 0.000000 0.000000 0.000000
32 0.500000 3.500000 0.050000 0.000000 0.000000 0.000000 0.000000
32 0.500000 3.500000 0.050000 0.000000 0.000000 0.000000 0.000000
32 0.500000 3.500000 0.050000 0.000000 0.000000 0.000000 0.000000
32 0.500000 3.500000 0.050000 0.000000 0.000000 0.000000 0.000000
32 0.500000 3.500000 0.050000 0.000000 0.000000 0.000000 0.000000
32 0.500000 3.500000 0.050000 0.000000 0.000000 0.000000 0.000000
32 0.500000 3.500000 0.050000 0.000000 0.000000 0.000000 0.000000
32 0.500000 3.500000 0.050000 0.000000 0.000000 0.000000 0.000000
32 0.500000 3.500000 0.050000 0.000000 0.000000 0.000000 0.000000
32 0.500000 3.500000 0.050000 0.000000 0.000000 0.000000 0.000000
32 0.500000 3.500000 0.050000 0.000000 0.000000 0.000000 0.000000
32 0.500000 3.500000 0.050000 0.000000 0.000000 0.000000 0.000000
32 0.500000 3.500000 0.050000 0.000000 0.000000 0.000000 0.000000
32 0.500000 3.500000 0.050000 0.000000 0.000000 0.000000 0.000000
32 0.500000 3.500000 0.050000 0.000000 0.000000 0.000000 0.000000
32 0.500000 3.500000 0.050000 0.000000 0.000000 0.000000 0.000000
32 0.500000 3.500000 0.050000 0.000000 0.000000 0.000000 0.000000
32 0.500000 3.500000 0.050000 0.000000 0.000000 0.000000 0.000000
32 0.500000 3.500000 0.050000 0.000000 0.000000 0.000000 0.000000
32 0.500000 3.500000 0.050000 0.000000 0.000000 0.000000 0.000000
32 0.500000 3.500000 0.050000 0.000000 0.000000 0.000000 0.000000
32 0.500000 3.500000 0.050000 0.000000 0.000000 0.000000 0.000000
32 0.500000 3.500000 0.050000 0.000000 0.000000 0.000000 0.000000
32 0.500000 3.500000 0.050000 0.000000 0.000000 0.000000 0.000000
32 0.500000 3.500000 0.050000 0.000000 0.000000 0.000000 0.000000
32 0.500000 3.500000 0.050000 0.000000 0.000000 0.000000 0.000000
32 0.500000 3.500000 0.050000 0.000000 0.000000 0.000000 0.000000
32 0.500000 3.500000 0.050000 0.000000 0.000000 0.000000 0.000000
32 0.500000 3.500000 0.050000 0.000000 0.000000 0.000000 0.000000
32 0.500000 3.500000 0.050000 0.000000 0.000000 0.000000 0.000000
32 0.500000 3.500000 0.050000 0.000000 0.000000 0.000000 0.000000
32 0.500000 3.500000 0.050000 0.000000 0.000000 0.000000 0.000000
32 0.500000 3.500000 0.050000 0.000000 0.000000 0.000000 0.000000
32 0.500000 3.500000 0.050000 0.000000 0.000000 0.000000 0.000000
32 0.500000 3.500000 0.050000 0.000000 0.000000 0.000000 0.000000
32 0.500000 3.500000 0.050000 0.000000 0.000000 0.000000 0.000000
32 0.500000 3.500000 0.050000 0.000000 0.302275 0.500000 3.351032
32 0.500000 3.500000 0.050000 0.000000 0.000000 0.000000 0.000000
32 0.500000 3.500000 0.050000 0.000000 0.000000 0.000000 0.000000
32 0.500000 3.500000 0.050000 0.000000 0.000000 0.000000 0.000000
32 0.500000 3.500000 0.050000 0.000000 0.000000 0.000000 0.000000
32 0.500000 3.500000 0.050000 0.000000 0.000000 0.000000 0.000000
32 0.500000 3.500000 0.050000 0.000000 0.000000 0.000000 0.000000
32 0.500000 3.500000 0.050000 0.000000 0.000000 0.000000 0.000000
32 0.500000 3.500000 0.050000 0.000000 0.000000 0.000000 0.000000
32 0.500000 3.500000 0.050000 0.000000 0.000000 0.000000 0.000000
32 0.500000 3.500000 0.050000 0.000000 0.000000 0.000000 0.000000
32 0.500000 3.500000 0.050000 0.000000 0.000000 0.000000 0.000000
32 0.500000 3.500000 0.050000 0.000000 0.000000 0.000000 0.000000
32 0.500000 3.500000 0.050000 0.000000 0.000000 0.000000 0.000000
32 0.500000 3.500000 0.050000 0.000000 0.000000 0.000000 0.000000
32 0.500000 3.500000 0.050000 0.000000 0.000000 0.000000 0.000000
32 0.500000 3.500000 0.050000 0.000000 0.000000 0.000000 0.000000
32 0.500000 3.500000 0.050000 0.000000 0.000000 0.000000 0.000000
32 0.500000 3.500000 0.050000 0.000000 0.000000 0.000000 0.000000
32 0.500000 3.500000 0.050000 0.000000 0.000000 0.000000 0.000000
32 0.500000 3.500000 0.050000 0.000000 0.000000 0.000000 0.000000
32 0.500000 3.500000 0.050000 0.000000 0.000000 0.000000 0.000000
32 0.500000 3.500000 0.050000 0.000000 0.000000 0.000000 0.000000
32 0.500000 3.500000 0.050000 0.000000 0.302292 0.500000 3.351032
32 0.500000 3.500000 0.050000 0.000000 0.000000 0.000000 0.000000
32 0.500000 3.500000 0.050000 0.000000 0.000000 0.000000 0.000000
32 0.500000 3.500000 0.050000 0.000000 0.000000 0.000000 0.000000
32 0.500000 3.500000 0.050000 0.000000 0.000000 0.000000 0.000000
32 0.500000 3.500000 0.050000 0.000000 0.000000 0.000000 0.000000
32 0.500000 3.500000 0.050000 0.000000 0.000000 0.000000 0.000000
32 0.500000 3.500000 0.050000 0.000000 0.000000 0.000000 0.000000
32 0.500000 3.500000 0.050000 0.000000 0.000000 0.000000 0.000000
32 0.500000 3.500000 0.050000 0.000000 0.000000 0.000000 0.000000
32 0.500000 3.500000 0.050000 0.000000 0.000000 0.000000 0.000000
32 0.500000 3.500000 0.050000 0.000000 0.000000 0.000000 0.000000
32 0.500000 3.500000 0.050000 0.000000 0.000000 0.000000 0.000000
32 0.500000 3.500000 0.050000 0.000000 0.000000 0.000000 0.000000
32 0.500000 3.500000 0.050000 0.000000 0.000000 0.000000 0.000000
32 0.500000 3.500000 0.050000 0.000000 0.000000 0.000000 0.000000
32 0.500000 3.500000 0.050000 0.000000 0.000000 0.000000 0.000000
32 0.500000 3.500000 0.050000 0.000000 0.000000 0.000000 0.000000
32 0.500000 3.500000 0.050000 0.000000 0.000000 0.000000 0.000000
32 0.500000 3.500000 0.050000 0.000000 0.000000 0.000000 0.000000
32 0.500000 3.500000 0.050000 0.000000 0.000000 0.000000 0.000000
32 0.500000 3.500000 0.050000 0.000000 0.000000 0.000000 0.000000
32 0.500000 3.500000 0.050000 0.000000 0.000000 0.000000 0.000000
32 0.500000 3.500000 0.050000 0.000000 0.000000 0.000000 0.000000
32 0.500000 3.500000 0.050000 0.000000 0.000000 0.000000 0.000000
32 0.500000 3.500000 0.050000 0.000000 0.000000 0.000000 0.000000
32 0.500000 3.500000 0.050000 0.000000 0.000000 0.000000 0.000000
32 0.500000 3.500000 0.050000 0.000000 0.000000 0.000000 0.000000
32 0.500000 3.500000 0.050000 0.000000 0.000000 0.000000 0.000000
32 0.500000 3.500000 0.050000 0.000000 0.000000 0.000000 0.000000
32 0.500000 3.500000 0.050000 0.000000 0.000000 0.000000 0.000000
32 0.500000 3.500000 0.050000 0.000000 0.000000 0.000000 0.000000
32 0.500000 3.500000 0.050000 0.000000 0.000000 0.000000 0.000000
32 0.500000 3.500000 0.050000 0.000000 0.000000 0.000000 0.000000
32 0.500000 3.500000 0.050000 0.000000 0.000000 0.000000 0.000000
32 0.500000 3.500000 0.050000 0.000000 0.000000 0.000000 0.000000
32 0.500000 3.500000 0.050000 0.000000 0.302171 0.500000 3.351032
32 0.500000 3.500000 0.050000 0.000000 0.000000 0.000000 0.000000
32 0.500000 3.500000 0.050000 0.000000 0.000000 0.000000 0.000000
32 0.500000 3.500000 0.050000 0.000000 0.000000 0.000000 0.000000
32 0.500000 3.500000 0.050000 0.000000 0.000000 0.000000 0.000000
32 0.500000 3.500000 0.050000 0.000000 0.000000 0.000000 0.000000
32 0.500000 3.500000 0.050000 0.000000 0.000000 0.000000 0.000000
32 0.500000 3.500000 0.050000 0.000000 0.000000 0.000000 0.000000
32 0.500000 3.500000 0.050000 0.000000 0.000000 0.000000 0.000000
32 0.500000 3.500000 0.050000 0.000000 0.000000 0.000000 0.000000
32 0.500000 3.500000 0.050000 0.000000 0.000000 0.000000 0.000000
32 0.500000 3.500000 0.050000 0.000000 0.000000 0.000000 0.000000
32 0.500000 3.500000 0.050000 0.000000 0.000000 0.000000 0.000000
32 0.500000 3.500000 0.050000 0.000000 0.000000 0.000000 0.000000
32 0.500000 3.500000 0.050000 0.000000 0.000000 0.000000 0.000000
32 0.500000 3.500000 0.050000 0.000000 0.000000 0.000000 0.000000
32 0.500000 3.500000 0.050000 0.000000 0.000000 0.000000 0.000000
32 0.500000 3.500000 0.050000 0.000000 0.000000 0.000000 0.000000
32 0.500000 3.500000 0.050000 0.000000 0.000000 0.000000 0.000000
32 0.500000 3.500000 0.050000 0.000000 0.000000 0.000000 0.000000
32 0.500000 3.500000 0.050000 0.000000 0.000000 0.429154 0.000000
32 0.500000 3.500000 0.050000 0.000000 0.000000 0.000000 0.000000
32 0.500000 3.500000 0.050000 0.000000 0.000000 0.000000 0.000000
32 0.500000 3.500000 0.050000 0.000000 0.000000 0.000000 0.000000
32 0.500000 3.500000 0.050000 0.000000 0.302171 0.500000 3.351032
32 0.500000 3.500000 0.050000 0.000000 0.000000 0.000000 0.000000
32 0.500000 3.500000 0.050000 0.000000 0.000000 0.000000 0.000000
32 0.500000 3.500000 0.050000 0.000000 0.000000 0.000000 0.000000
32 0.500000 3.500000 0.050000 0.000000 0.000000 0.000000 0.000000
32 0.500000 3.500000 0.050000 0.000000 0.000000 0.000000 0.000000
32 0.500000 3.500000 0.050000 0.000000 0.000000 0.000000 0.000000
32 0.500000 3.500000 0.050000 0.000000 0.000000 0.000000 0.000000
32 0.500000 3.500000 0.050000 0.000000 0.308887 0.500000 3.351032
32 0.500000 3.500000 0.050000 0.000000 0.000000 0.000000 0.000000
32 0.500000 3.500000 0.050000 0.000000 0.000000 0.000000 0.000000
32 0.500000 3.500000 0.050000 0.000000 0.000000 0.000000 0.000000
32 0.500000 3.500000 0.050000 0.000000 0.000000 0.000000 0.000000
32 0.500000 3.500000 0.050000 0.000000 0.000000 0.000000 0.000000
32 0.500000 3.500000 0.050000 0.000000 0.000000 0.000000 0.000000
32 0.500000 3.500000 0.050000 0.000000 0.000000 0.000000 0.000000
32 0.500000 3.500000 0.050000 0.000000 0.000000 0.000000 0.000000
32 0.500000 3.500000 0.050000 0.000000 0.000000 0.000000 0.000000
32 0.500000 3.500000 0.050000 0.000000 0.000000 0.000000 0.000000
32 0.500000 3.500000 0.050000 0.000000 0.000000 0.000000 0.000000
32 0.500000 3.500000 0.050000 0.000000 0.000000 0.000000 0.000000
32 0.500000 3.500000 0.050000 0.000000 0.000000 0.000000 0.000000
32 0.500000 3.500000 0.050000 0.000000 0.000000 0.000000 0.000000
32 0.500000 3.500000 0.050000 0.000000 0.000000 0.000000 0.000000
32 0.500000 3.500000 0.050000 0.000000 0.000000 0.000000 0.000000
32 0.500000 3.500000 0.050000 0.000000 0.000000 0.000000 0.000000
32 0.500000 3.500000 0.050000 0.000000 0.000000 0.000000 0.000000
32 0.500000 3.500000 0.050000 0.000000 0.000000 0.000000 0.000000
32 0.500000 3.500000 0.050000 0.000000 0.000000 0.000000 0.000000
32 0.500000 3.500000 0.050000 0.000000 0.000000 0.000000 0.000000
32 0.500000 3.500000 0.050000 0.000000 0.000000 0.000000 0.000000
32 0.500000 3.500000 0.050000 0.000000 0.000000 0.000000 0.000000
32 0.500000 3.500000 0.050000 0.000000 0.000000 0.000000 0.000000
32 0.500000 3.500000 0.050000 0.000000 0.000000 0.000000 0.000000
32 0.500000 3.500000 0.050000 0.000000 0.000000 0.000000 0.000000
32 0.500000 3.500000 0.050000 0.000000 0.000000 0.000000 0.000000
32 0.500000 3.500000 0.050000 0.000000 0.000000 0.000000 0.000000
32 0.500000 3.500000 0.050000 0.000000 0.000000 0.000000 0.000000
32 0.500000 3.500000 0.050000 0.000000 0.000000 0.000000 0.000000
32 0.500000 3.500000 0.050000 0.000000 0.000000 0.000000 0.000000
32 0.500000 3.500000 0.050000 0.000000 0.000000 0.000000 0.000000
32 0.500000 3.500000 0.050000 0.000000 0.000000 0.000000 0.000000
32 0.500000 3.500000 0.050000 0.000000 0.000000 0.000000 0.000000
32 0.500000 3.500000 0.050000 0.000000 0.000000 0.000000 0.000000
32 0.500000 3.500000 0.050000 0.000000 0.000000 0.000000 0.000000
32 0.500000 3.500000 0.050000 0.000000 0.302293 0.500000 3.351032
32 0.500000 3.500000 0.050000 0.000000 0.000000 0.000000 0.000000
32 0.500000 3.500000 0.050000 0.000000 0.000000 0.000000 0.000000
32 0.500000 3.500000 0.050000 0.000000 0.000000 0.000000 0.000000
32 0.500000 3.500000 0.050000 0.000000 0.000000 0.000000 0.000000
32 0.500000 3.500000 0.050000 0.000000 0.000000 0.000000 0.000000
32 0.500000 3.500000 0.050000 0.000000 0.000000 0.000000 0.000000
32 0.500000 3.500000 0.050000 0.000000 0.000000 0.000000 0.000000
32 0.500000 3.500000 0.050000 0.000000 0.000000 0.000000 0.000000
32 0.500000 3.500000 0.050000 0.000000 0.000000 0.000000 0.000000
32 0.500000 3.500000 0.050000 0.000000 0.000000 0.000000 0.000000
32 0.500000 3.500000 0.050000 0.000000 0.000000 0.000000 0.000000
32 0.500000 3.500000 0.050000 0.000000 0.000000 0.000000 0.000000
32 0.500000 3.500000 0.050000 0.000000 0.302171 0.500000 3.351032
32 0.500000 3.500000 0.050000 0.000000 0.000000 0.000000 0.000000
32 0.500000 3.500000 0.050000 0.000000 0.000000 0.000000 0.000000
32 0.500000 3.500000 0.050000 0.000000 0.000000 0.000000 0.000000
32 0.500000 3.500000 0.050000 0.000000 0.000000 0.000000 0.000000
32 0.500000 3.500000 0.050000 0.000000 0.000000 0.000000 0.000000
32 0.500000 3.500000 0.050000 0.000000 0.000000 0.000000 0.000000
32 0.500000 3.500000 0.050000 0.000000 0.000000 0.000000 0.000000
32 0.500000 3.500000 0.050000 0.000000 0.000000 0.000000 0.000000
32 0.500000 3.500000 0.050000 0.000000 0.000000 0.000000 0.000000
32 0.500000 3.500000 0.050000 0.000000 0.000000 0.000000 0.000000
32 0.500000 3.500000 0.050000 0.000000 0.000000 0.000000 0.000000
32 0.500000 3.500000 0.050000 0.000000 0.000000 0.000000 0.000000
32 0.500000 3.500000 0.050000 0.000000 0.000000 0.000000 0.000000
32 0.500000 3.500000 0.050000 0.000000 0.000000 0.000000 0.000000
32 0.500000 3.500000 0.050000 0.000000 0.000000 0.000000 0.000000
32 0.500000 3.500000 0.050000 0.000000 0.000000 0.000000 0.000000
32 0.500000 3.500000 0.050000 0.000000 0.000000 0.000000 0.000000
32 0.500000 3.500000 0.050000 0.000000 0.000000 0.000000 0.000000
32 0.500000 3.500000 0.050000 0.000000 0.000000 0.000000 0.000000
32 0.500000 3.500000 0.050000 0.000000 0.000000 0.000000 0.000000
32 0.500000 3.500000 0.050000 0.000000 0.000000 0.000000 0.000000
32 0.500000 3.500000 0.050000 0.000000 0.000000 0.000000 0.000000
32 0.500000 3.500000 0.050000 0.000000 0.000000 0.000000 0.000000
32 0.500000 3.500000 0.050000 0.000000 0.296407 0.500000 3.351032
32 0.500000 3.500000 0.050000 0.000000 0.000000 0.000000 0.000000
32 0.500000 3.500000 0.050000 0.000000 0.000000 0.000000 0.000000
32 0.500000 3.500000 0.050000 0.000000 0.000000 0.000000 0.000000
32 0.500000 3.500000 0.050000 0.000000 0.000000 0.000000 0.000000
32 0.500000 3.500000 0.050000 0.000000 0.308823 -0.500000 3.351032
32 0.500000 3.500000 0.050000 0.000000 0.000000 0.000000 0.000000
32 0.500000 3.500000 0.050000 0.000000 0.000000 0.000000 0.000000
32 0.500000 3.500000 0.050000 0.000000 0.000000 0.000000 0.000000
32 0.500000 3.500000 0.050000 0.000000 0.000000 0.000000 0.000000
32 0.500000 3.500000 0.050000 0.000000 0.000000 0.000000 0.000000
32 0.500000 3.500000 0.050000 0.000000 0.000000 0.000000 0.000000
32 0.500000 3.500000 0.050000 0.000000 0.000000 0.000000 0.000000
32 0.500000 3.500000 0.050000 0.000000 0.000000 0.000000 0.000000
32 0.500000 3.500000 0.050000 0.000000 0.000000 0.000000 0.000000
32 0.500000 3.500000 0.050000 0.000000 0.000000 0.000000 0.000000
32 0.500000 3.500000 0.050000 0.000000 0.000000 0.000000 0.000000
32 0.500000 3.500000 0.050000 0.000000 0.000000 0.000000 0.000000
32 0.500000 3.500000 0.050000 0.000000 0.000000 0.000000 0.000000
32 0.500000 3.500000 0.050000 0.000000 0.000000 0.000000 0.000000
32 0.500000 3.500000 0.050000 0.000000 0.000000 0.000000 0.000000
32 0.500000 3.500000 0.050000 0.000000 0.000000 0.000000 0.000000
32 0.500000 3.500000 0.050000 0.000000 0.000000 0.000000 0.000000
32 0.500000 3.500000 0.050000 0.000000 0.000000 0.000000 0.000000
32 0.500000 3.500000 0.050000 0.000000 0.000000 0.000000 0.000000
32 0.500000 3.500000 0.050000 0.000000 0.000000 0.000000 0.000000
32 0.500000 3.500000 0.050000 0.000000 0.000000 0.000000 0.000000
32 0.500000 3.500000 0.050000 0.000000 0.000000 0.000000 0.000000
32 0.500000 3.500000 0.050000 0.000000 0.000000 0.000000 0.000000
32 0.500000 3.500000 0.050000 0.000000 0.000000 0.000000 0.000000
32 0.500000 3.500000 0.050000 0.000000 0.000000 0.000000 0.000000
32 0.500000 3.500000 0.050000 0.000000 0.000000 0.000000 0.000000
32 0.500000 3.500000 0.050000 0.000000 0.000000 0.000000 0.000000
32 0.500000 3.500000 0.050000 0.000000 0.000000 0.000000 0.000000
32 0.500000 3.500000 0.050000 0.000000 0.000000 0.000000 0.000000
32 0.500000 3.500000 0.050000 0.000000 0.000000 0.000000 0.000000
32 0.500000 3.500000 0.050000 0.000000 0.000000 0.000000 0.000000
32 0.500000 3.500000 0.050000 0.000000 0.000000 0.000000 0.000000
32 0.500000 3.500000 0.050000 0.000000 0.000000 0.000000 0.000000
32 0.500000 3.500000 0.050000 0.000000 0.000000 0.000000 0.000000
32 0.500000 3.500000 0.050000 0.000000 0.000000 0.000000 0.000000
32 0.500000 3.500000 0.050000 0.000000 0.000000 0.000000 0.000000
32 0.500000 3.500000 0.050000 0.000000 0.000000 0.000000 0.000000
32 0.500000 3.500000 0.050000 0.000000 0.000000 0.000000 0.000000
32 0.500000 3.500000 0.050000 0.000000 0.000000 0.000000 0.000000
32 0.500000 3.500000 0.050000 0.000000 0.000000 0.000000 0.000000
32 0.500000 3.500000 0.050000 0.000000 0.000000 0.000000 0.000000
32 0.500000 3.500000 0.050000 0.000000 0.000000 0.000000 0.000000
32 0.500000 3.500000 0.050000 0.000000 0.000000 0.000000 0.000000
32 0.500000 3.500000 0.050000 0.000000 0.000000 0.000000 0.000000
32 0.500000 3.500000 0.050000 0.000000 0.000000 0.000000 0.000000
32 0.500000 3.500000 0.050000 0.000000 0.000000 0.000000 0.000000
32 0.500000 3.500000 0.050000 0.000000 0.000000 0.000000 0.000000
32 0.500000 3.500000 0.050000 0.000000 0.000000 0.000000 0.000000
32 0.500000 3.500000 0.050000 0.000000 0.000000 0.000000 0.000000
32 0.500000 3.500000 0.050000 0.000000 0.000000 0.000000 0.000000
32 0.500000 3.500000 0.050000 0.000000 0.000000 0.000000 0.000000
32 0.500000 3.500000 0.050000 0.000000 0.000000 0.000000 0.000000
32 0.500000 3.500000 0.050000 0.000000 0.000000 0.000000 0.000000
32 0.500000 3.500000 0.050000 0.000000 0.000000 0.000000 0.000000
32 0.500000 3.500000 0.050000 0.000000 0.000000 0.000000 0.000000
32 0.500000 3.500000 0.050000 0.000000 0.000000 0.000000 0.000000
32 0.500000 3.500000 0.050000 0.000000 0.000000 0.000000 0.000000
32 0.500000 3.500000 0.050000 0.000000 0.000000 0.000000 0.000000
32 0.500000 3.500000 0.050000 0.000000 0.000000 0.000000 0.000000
32 0.500000 3.500000 0.050000 0.000000 0.000000 0.000000 0.000000
32 0.500000 3.500000 0.050000 0.000000 0.000000 0.000000 0.000000
32 0.500000 3.500000 0.050000 0.000000 0.308729 0.500000 3.351032
32 0.500000 3.500000 0.050000 0.000000 0.000000 0.000000 0.000000
32 0.500000 3.500000 0.050000 0.000000 0.000000 0.000000 0.000000
32 0.500000 3.500000 0.050000 0.000000 0.000000 0.000000 0.000000
32 0.500000 3.500000 0.050000 0.000000 0.000000 0.000000 0.000000
32 0.500000 3.500000 0.050000 0.000000 0.000000 0.000000 0.000000
32 0.500000 3.500000 0.050000 0.000000 0.000000 0.000000 0.000000
32 0.500000 3.500000 0.050000 0.000000 0.000000 0.000000 0.000000
32 0.500000 3.500000 0.050000 0.000000 0.000000 0.000000 0.000000
32 0.500000 3.500000 0.050000 0.000000 0.000000 0.000000 0.000000
32 0.500000 3.500000 0.050000 0.000000 0.000000 0.000000 0.000000
32 0.500000 3.500000 0.050000 0.000000 0.000000 0.000000 0.000000
32 0.500000 3.500000 0.050000 0.000000 0.000000 0.000000 0.000000
32 0.500000 3.500000 0.050000 0.000000 0.000000 0.000000 0.000000
32 0.500000 3.500000 0.050000 0.000000 0.000000 0.000000 0.000000
32 0.500000 3.500000 0.050000 0.000000 0.000000 0.000000 0.000000
32 0.500000 3.500000 0.050000 0.000000 0.000000 0.000000 0.000000
32 0.500000 3.500000 0.050000 0.000000 0.000000 0.000000 0.000000
32 0.500000 3.500000 0.050000 0.000000 0.000000 0.000000 0.000000
32 0.500000 3.500000 0.050000 0.000000 0.000000 0.000000 0.000000
32 0.500000 3.500000 0.050000 0.000000 0.000000 0.000000 0.000000
32 0.500000 3.500000 0.050000 0.000000 0.000000 0.000000 0.000000
32 0.500000 3.500000 0.050000 0.000000 0.000000 0.000000 0.000000
32 0.500000 3.500000 0.050000 0.000000 0.000000 0.000000 0.000000
32 0.500000 3.500000 0.050000 0.000000 0.000000 0.000000 0.000000
32 0.500000 3.500000 0.050000 0.000000 0.000000 0.000000 0.000000
32 0.500000 3.500000 0.050000 0.000000 0.000000 0.000000 0.000000
32 0.500000 3.500000 0.050000 0.000000 0.000000 0.000000 0.000000
32 0.500000 3.500000 0.050000 0.000000 0.000000 0.000000 0.000000
32 0.500000 3.500000 0.050000 0.000000 0.000000 0.000000 0.000000
32 0.500000 3.500000 0.050000 0.000000 0.000000 0.000000 0.000000
32 0.500000 3.500000 0.050000 0.000000 0.000000 0.000000 0.000000
32 0.500000 3.500000 0.050000 0.000000 0.000000 0.000000 0.000000
32 0.500000 3.500000 0.050000 0.000000 0.000000 0.000000 0.000000
32 0.500000 3.500000 0.050000 0.000000 0.000000 0.000000 0.000000
32 0.500000 3.500000 0.050000 0.000000 0.000000 0.000000 0.000000
32 0.500000 3.500000 0.050000 0.000000 0.000000 0.000000 0.000000
32 0.500000 3.500000 0.050000 0.000000 0.000000 0.000000 0.000000
32 0.500000 3.500000 0.050000 0.000000 0.000000 0.000000 0.000000
32 0.500000 3.500000 0.050000 0.000000 0.000000 0.000000 0.000000
32 0.500000 3.500000 0.050000 0.000000 0.000000 0.000000 0.000000
32 0.500000 3.500000 0.050000 0.000000 0.000000 0.000000 0.000000
32 0.500000 3.500000 0.050000 0.000000 0.000000 0.000000 0.000000
32 0.500000 3.500000 0.050000 0.000000 0.000000 0.000000 0.000000
32 0.500000 3.500000 0.050000 0.000000 0.000000 0.000000 0.000000
32 0.500000 3.500000 0.050000 0.000000 0.000000 0.000000 0.000000
32 0.500000 3.500000 0.050000 0.000000 0.349534 0.500000 3.351032
32 0.500000 3.500000 0.050000 0.000000 0.000000 0.000000 0.000000
32 0.500000 3.500000 0.050000 0.000000 0.000000 0.000000 0.000000
32 0.500000 3.500000 0.050000 0.000000 0.000000 0.000000 0.000000
32 0.500000 3.500000 0.050000 0.000000 0.000000 0.000000 0.000000
32 0.500000 3.500000 0.050000 0.000000 0.000000 0.000000 0.000000
32 0.500000 3.500000 0.050000 0.000000 0.000000 0.000000 0.000000
32 0.500000 3.500000 0.050000 0.000000 0.254767 -0.500000 3.351032
32 0.500000 3.500000 0.050000 0.000000 0.000000 0.000000 0.000000
32 0.500000 3.500000 0.050000 0.000000 0.000000 0.000000 0.000000
32 0.500000 3.500000 0.050000 0.000000 0.000000 0.000000 0.000000
32 0.500000 3.500000 0.050000 0.000000 0.000000 0.000000 0.000000
32 0.500000 3.500000 0.050000 0.000000 0.000000 0.000000 0.000000
32 0.500000 3.500000 0.050000 0.000000 0.000000 0.000000 0.000000
32 0.500000 3.500000 0.050000 0.000000 0.000000 0.000000 0.000000
32 0.500000 3.500000 0.050000 0.000000 0.000000 0.000000 0.000000
32 0.500000 3.500000 0.050000 0.000000 0.000000 0.000000 0.000000
32 0.500000 3.500000 0.050000 0.000000 0.000000 0.000000 0.000000
32 0.500000 3.500000 0.050000 0.000000 0.000000 0.000000 0.000000
32 0.500000 3.500000 0.050000 0.000000 0.000000 0.000000 0.000000
32 0.500000 3.500000 0.050000 0.000000 0.000000 0.000000 0.000000
32 0.500000 3.500000 0.050000 0.000000 0.000000 0.000000 0.000000
32 0.500000 3.500000 0.050000 0.000000 0.000000 0.000000 0.000000
32 0.500000 3.500000 0.050000 0.000000 0.000000 0.000000 0.000000
32 0.500000 3.500000 0.050000 0.000000 0.000000 0.000000 0.000000
32 0.500000 3.500000 0.050000 0.000000 0.000000 0.000000 0.000000
32 0.500000 3.500000 0.050000 0.000000 0.000000 0.000000 0.000000
32 0.500000 3.500000 0.050000 0.000000 0.000000 0.371399 0.000000
32 0.500000 3.500000 0.050000 0.000000 0.000000 0.000000 0.000000
32 0.500000 3.500000 0.050000 0.000000 0.000000 0.000000 0.000000
32 0.500000 3.500000 0.050000 0.000000 0.000000 0.000000 0.000000
32 0.500000 3.500000 0.050000 0.000000 0.000000 0.000000 0.000000
32 0.500000 3.500000 0.050000 0.000000 0.000000 0.000000 0.000000
32 0.500000 3.500000 0.050000 0.000000 0.000000 0.000000 0.000000
32 0.500000 3.500000 0.050000 0.000000 0.000000 0.000000 0.000000
32 0.500000 3.500000 0.050000 0.000000 0.000000 0.000000 0.000000
32 0.500000 3.500000 0.050000 0.000000 0.000000 0.000000 0.000000
32 0.500000 3.500000 0.050000 0.000000 0.000000 0.000000 0.000000
32 0.500000 3.500000 0.050000 0.000000 0.000000 0.000000 0.000000
32 0.500000 3.500000 0.050000 0.000000 0.000000 0.000000 0.000000
32 0.500000 3.500000 0.050000 0.000000 0.000000 0.000000 0.000000
32 0.500000 3.500000 0.050000 0.000000 0.000000 0.000000 0.000000
32 0.500000 3.500000 0.050000 0.000000 0.000000 0.000000 0.000000
32 0.500000 3.500000 0.050000 0.000000 0.000000 0.000000 0.000000
32 0.500000 3.500000 0.050000 0.000000 0.000000 0.000000 0.000000
32 0.500000 3.500000 0.050000 0.000000 0.000000 0.000000 0.000000
32 0.500000 3.500000 0.050000 0.000000 0.000000 0.000000 0.000000
32 0.500000 3.500000 0.050000 0.000000 0.000000 0.000000 0.000000
32 0.500000 3.500000 0.050000 0.000000 0.000000 0.000000 0.000000
32 0.500000 3.500000 0.050000 0.000000 0.000000 0.000000 0.000000
32 0.500000 3.500000 0.050000 0.000000 0.000000 0.000000 0.000000
32 0.500000 3.500000 0.050000 0.000000 0.000000 0.000000 0.000000
32 0.500000 3.500000 0.050000 0.000000 0.000000 0.000000 0.000000
32 0.500000 3.500000 0.050000 0.000000 0.000000 0.000000 0.000000
32 0.500000 3.500000 0.050000 0.000000 0.000000 0.000000 0.000000
32 0.500000 3.500000 0.050000 0.000000 0.000000 0.000000 0.000000
32 0.500000 3.500000 0.050000 0.000000 0.000000 0.000000 0.000000
32 0.500000 3.500000 0.050000 0.000000 0.000000 0.000000 0.000000
32 0.500000 3.500000 0.050000 0.000000 0.000000 0.000000 0.000000
32 0.500000 3.500000 0.050000 0.000000 0.254766 0.500000 3.351032
32 0.500000 3.500000 0.050000 0.000000 0.000000 0.000000 0.000000
32 0.500000 3.500000 0.050000 0.000000 0.000000 0.000000 0.000000
32 0.500000 3.500000 0.050000 0.000000 0.000000 0.000000 0.000000
32 0.500000 3.500000 0.050000 0.000000 0.000000 0.000000 0.000000
32 0.500000 3.500000 0.050000 0.000000 0.000000 0.000000 0.000000
32 0.500000 3.500000 0.050000 0.000000 0.000000 0.000000 0.000000
32 0.500000 3.500000 0.050000 0.000000 0.000000 0.000000 0.000000
32 0.500000 3.500000 0.050000 0.000000 0.000000 0.000000 0.000000
32 0.500000 3.500000 0.050000 0.000000 0.000000 0.000000 0.000000
32 0.500000 3.500000 0.050000 0.000000 0.000000 0.000000 0.000000
32 0.500000 3.500000 0.050000 0.000000 0.000000 0.000000 0.000000
32 0.500000 3.500000 0.050000 0.000000 0.000000 0.000000 0.000000
32 0.500000 3.500000 0.050000 0.000000 0.000000 0.000000 0.000000
32 0.500000 3.500000 0.050000 0.000000 0.000000 0.000000 0.000000
32 0.500000 3.500000 0.050000 0.000000 0.000000 0.000000 0.000000
32 0.500000 3.500000 0.050000 0.000000 0.000000 0.000000 0.000000
32 0.500000 3.500000 0.050000 0.000000 0.000000 0.000000 0.000000
32 0.500000 3.500000 0.050000 0.000000 0.253495 0.500000 3.351032
32 0.500000 3.500000 0.050000 0.000000 0.000000 0.000000 0.000000
32 0.500000 3.500000 0.050000 0.000000 0.302292 -0.500000 3.351032
32 0.500000 3.500000 0.050000 0.000000 0.000000 0.000000 0.000000
32 0.500000 3.500000 0.050000 0.000000 0.000000 0.000000 0.000000
32 0.500000 3.500000 0.050000 0.000000 0.000000 0.000000 0.000000
32 0.500000 3.500000 0.050000 0.000000 0.000000 0.000000 0.000000
32 0.500000 3.500000 0.050000 0.000000 0.000000 0.000000 0.000000
32 0.500000 3.500000 0.050000 0.000000 0.000000 0.000000 0.000000
32 0.500000 3.500000 0.050000 0.000000 0.000000 0.000000 0.000000
32 0.500000 3.500000 0.050000 0.000000 0.302292 0.500000 3.351032
32 0.500000 3.500000 0.050000 0.000000 0.000000 0.000000 0.000000
32 0.500000 3.500000 0.050000 0.000000 0.000000 0.000000 0.000000
32 0.500000 3.500000 0.050000 0.000000 0.000000 0.000000 0.000000
32 0.500000 3.500000 0.050000 0.000000 0.000000 0.000000 0.000000
32 0.500000 3.500000 0.050000 0.000000 0.000000 0.000000 0.000000
32 0.500000 3.500000 0.050000 0.000000 0.000000 0.000000 0.000000
32 0.500000 3.500000 0.050000 0.000000 0.000000 0.000000 0.000000
32 0.500000 3.500000 0.050000 0.000000 0.000000 0.000000 0.000000
32 0.500000 3.500000 0.050000 0.000000 0.000000 0.000000 0.000000
32 0.500000 3.500000 0.050000 0.000000 0.000000 0.000000 0.000000
32 0.500000 3.500000 0.050000 0.000000 0.000000 0.000000 0.000000
32 0.500000 3.500000 0.050000 0.000000 0.000000 0.000000 0.000000
32 0.500000 3.500000 0.050000 0.000000 0.000000 0.000000 0.000000
32 0.500000 3.500000 0.050000 0.000000 0.000000 0.000000 0.000000
32 0.500000 3.500000 0.050000 0.000000 0.000000 0.000000 0.000000
32 0.500000 3.500000 0.050000 0.000000 0.000000 0.000000 0.000000
32 0.500000 3.500000 0.050000 0.000000 0.000000 0.000000 0.000000
32 0.500000 3.500000 0.050000 0.000000 0.000000 0.000000 0.000000
32 0.500000 3.500000 0.050000 0.000000 0.000000 0.000000 0.000000
32 0.500000 3.500000 0.050000 0.000000 0.000000 0.000000 0.000000
32 0.500000 3.500000 0.050000 0.000000 0.000000 0.000000 0.000000
32 0.500000 3.500000 0.050000 0.000000 0.000000 0.000000 0.000000
32 0.500000 3.500000 0.050000 0.000000 0.000000 0.000000 0.000000
32 0.500000 3.500000 0.050000 0.000000 0.000000 0.000000 0.000000
32 0.500000 3.500000 0.050000 0.000000 0.000000 0.000000 0.000000
32 0.500000 3.500000 0.050000 0.000000 0.000000 0.000000 0.000000
32 0.500000 3.500000 0.050000 0.000000 0.000000 0.000000 0.000000
32 0.500000 3.500000 0.050000 0.000000 0.000000 0.000000 0.000000
32 0.500000 3.500000 0.050000 0.000000 0.000000 0.000000 0.000000
32 0.500000 3.500000 0.050000 0.000000 0.000000 0.000000 0.000000
32 0.500000 3.500000 0.050000 0.000000 0.000000 0.000000 0.000000
32 0.500000 3.500000 0.050000 0.000000 0.000000 0.000000 0.000000
32 0.500000 3.500000 0.050000 0.000000 0.000000 0.000000 0.000000
32 0.500000 3.500000 0.050000 0.000000 0.000000 0.339034 0.000000
32 0.500000 3.500000 0.050000 0.000000 0.000000 0.000000 0.000000
32 0.500000 3.500000 0.050000 0.000000 0.000000 0.000000 0.000000
32 0.500000 3.500000 0.050000 0.000000 0.000000 0.000000 0.000000
32 0.500000 3.500000 0.050000 0.000000 0.000000 0.000000 0.000000
32 0.500000 3.500000 0.050000 0.000000 0.000000 0.000000 0.000000
32 0.500000 3.500000 0.050000 0.000000 0.302276 0.500000 3.351032
32 0.500000 3.500000 0.050000 0.000000 0.000000 0.000000 0.000000
32 0.500000 3.500000 0.050000 0.000000 0.000000 0.000000 0.000000
32 0.500000 3.500000 0.050000 0.000000 0.000000 0.000000 0.000000
32 0.500000 3.500000 0.050000 0.000000 0.000000 0.000000 0.000000
32 0.500000 3.500000 0.050000 0.000000 0.000000 0.000000 0.000000
32 0.500000 3.500000 0.050000 0.000000 0.000000 0.000000 0.000000
32 0.500000 3.500000 0.050000 0.000000 0.000000 0.000000 0.000000
32 0.500000 3.500000 0.050000 0.000000 0.253495 0.500000 3.351032
32 0.500000 3.500000 0.050000 0.000000 0.000000 0.000000 0.000000
32 0.500000 3.500000 0.050000 0.000000 0.000000 0.000000 0.000000
32 0.500000 3.500000 0.050000 0.000000 0.000000 0.000000 0.000000
32 0.500000 3.500000 0.050000 0.000000 0.000000 0.000000 0.000000
32 0.500000 3.500000 0.050000 0.000000 0.000000 0.000000 0.000000
32 0.500000 3.500000 0.050000 0.000000 0.000000 0.000000 0.000000
32 0.500000 3.500000 0.050000 0.000000 0.000000 0.000000 0.000000
32 0.500000 3.500000 0.050000 0.000000 0.000000 0.000000 0.000000
32 0.500000 3.500000 0.050000 0.000000 0.000000 0.000000 0.000000
32 0.500000 3.500000 0.050000 0.000000 0.000000 0.000000 0.000000
32 0.500000 3.500000 0.050000 0.000000 0.000000 0.000000 0.000000
32 0.500000 3.500000 0.050000 0.000000 0.000000 0.000000 0.000000
32 0.500000 3.500000 0.050000 0.000000 0.000000 0.000000 0.000000
32 0.500000 3.500000 0.050000 0.000000 0.000000 0.000000 0.000000
32 0.500000 3.500000 0.050000 0.000000 0.000000 0.000000 0.000000
32 0.500000 3.500000 0.050000 0.000000 0.000000 0.000000 0.000000
32 0.500000 3.500000 0.050000 0.000000 0.000000 0.000000 0.000000
32 0.500000 3.500000 0.050000 0.000000 0.000000 0.000000 0.000000
32 0.500000 3.500000 0.050000 0.000000 0.000000 0.000000 0.000000
32 0.500000 3.500000 0.050000 0.000000 0.000000 0.000000 0.000000
32 0.500000 3.500000 0.050000 0.000000 0.308826 0.500000 3.351032
32 0.500000 3.500000 0.050000 0.000000 0.000000 0.000000 0.000000
32 0.500000 3.500000 0.050000 0.000000 0.000000 0.000000 0.000000
32 0.500000 3.500000 0.050000 0.000000 0.000000 0.000000 0.000000
32 0.500000 3.500000 0.050000 0.000000 0.000000 0.354639 0.000000
32 0.500000 3.500000 0.050000 0.000000 0.000000 0.000000 0.000000
32 0.500000 3.500000 0.050000 0.000000 0.000000 0.000000 0.000000
32 0.500000 3.500000 0.050000 0.000000 0.000000 0.000000 0.000000
32 0.500000 3.500000 0.050000 0.000000 0.000000 0.000000 0.000000
32 0.500000 3.500000 0.050000 0.000000 0.000000 0.000000 0.000000
32 0.500000 3.500000 0.050000 0.000000 0.000000 0.000000 0.000000
32 0.500000 3.500000 0.050000 0.000000 0.000000 0.000000 0.000000
32 0.500000 3.500000 0.050000 0.000000 0.000000 0.000000 0.000000
32 0.500000 3.500000 0.050000 0.000000 0.000000 0.000000 0.000000
32 0.500000 3.500000 0.050000 0.000000 0.000000 0.000000 0.000000
32 0.500000 3.500000 0.050000 0.000000 0.302293 0.500000 3.351032
32 0.500000 3.500000 0.050000 0.000000 0.000000 0.000000 0.000000
32 0.500000 3.500000 0.050000 0.000000 0.000000 0.000000 0.000000
32 0.500000 3.500000 0.050000 0.000000 0.000000 0.000000 0.000000
32 0.500000 3.500000 0.050000 0.000000 0.000000 0.000000 0.000000
32 0.500000 3.500000 0.050000 0.000000 0.000000 0.000000 0.000000
32 0.500000 3.500000 0.050000 0.000000 0.000000 0.000000 0.000000
32 0.500000 3.500000 0.050000 0.000000 0.000000 0.000000 0.000000
32 0.500000 3.500000 0.050000 0.000000 0.000000 0.000000 0.000000
32 0.500000 3.500000 0.050000 0.000000 0.000000 0.000000 0.000000
32 0.500000 3.500000 0.050000 0.000000 0.000000 0.000000 0.000000
32 0.500000 3.500000 0.050000 0.000000 0.000000 0.000000 0.000000
32 0.500000 3.500000 0.050000 0.000000 0.000000 0.000000 0.000000
32 0.500000 3.500000 0.050000 0.000000 0.000000 0.000000 0.000000
32 0.500000 3.500000 0.050000 0.000000 0.000000 0.000000 0.000000
32 0.500000 3.500000 0.050000 0.000000 0.000000 0.000000 0.000000
32 0.500000 3.500000 0.050000 0.000000 0.000000 0.000000 0.000000
32 0.500000 3.500000 0.050000 0.000000 0.000000 0.000000 0.000000
32 0.500000 3.500000 0.050000 0.000000 0.000000 0.000000 0.000000
32 0.500000 3.500000 0.050000 0.000000 0.000000 0.000000 0.000000
32 0.500000 3.500000 0.050000 0.000000 0.000000 0.000000 0.000000
32 0.500000 3.500000 0.050000 0.000000 0.000000 0.000000 0.000000
32 0.500000 3.500000 0.050000 0.000000 0.000000 0.000000 0.000000
32 0.500000 3.500000 0.050000 0.000000 0.000000 0.000000 0.000000
32 0.500000 3.500000 0.050000 0.000000 0.000000 0.000000 0.000000
32 0.500000 3.500000 0.050000 0.000000 0.000000 0.000000 0.000000
32 0.500000 3.500000 0.050000 0.000000 0.000000 0.000000 0.000000
32 0.500000 3.500000 0.050000 0.000000 0.000000 0.000000 0.000000
32 0.500000 3.500000 0.050000 0.000000 0.000000 0.000000 0.000000
32 0.500000 3.500000 0.050000 0.000000 0.000000 0.000000 0.000000
32 0.500000 3.500000 0.050000 0.000000 0.000000 0.000000 0.000000
32 0.500000 3.500000 0.050000 0.000000 0.000000 0.000000 0.000000
32 0.500000 3.500000 0.050000 0.000000 0.000000 0.000000 0.000000
32 0.500000 3.500000 0.050000 0.000000 0.000000 0.000000 0.000000
32 0.500000 3.500000 0.050000 0.000000 0.000000 0.000000 0.000000
32 0.500000 3.500000 0.050000 0.000000 0.000000 0.000000 0.000000
32 0.500000 3.500000 0.050000 0.000000 0.000000 0.000000 0.000000
32 0.500000 3.500000 0.050000 0.000000 0.000000 0.000000 0.000000
32 0.500000 3.500000 0.050000 0.000000 0.000000 0.000000 0.000000
32 0.500000 3.500000 0.050000 0.000000 0.000000 0.000000 0.000000
32 0.500000 3.500000 0.050000 0.000000 0.000000 0.000000 0.000000
32 0.500000 3.500000 0.050000 0.000000 0.000000 0.000000 0.000000
32 0.500000 3.500000 0.050000 0.000000 0.000000 0.000000 0.000000
32 0.500000 3.500000 0.050000 0.000000 0.000000 0.000000 0.000000
32 0.500000 3.500000 0.050000 0.000000 0.000000 0.000000 0.000000
32 0.500000 3.500000 0.050000 0.000000 0.000000 0.000000 0.000000
32 0.500000 3.500000 0.050000 0.000000 0.000000 0.000000 0.000000
32 0.500000 3.500000 0.050000 0.000000 0.000000 0.000000 0.000000
32 0.500000 3.500000 0.050000 0.000000 0.000000 0.000000 0.000000
32 0.500000 3.500000 0.050000 0.000000 0.000000 0.000000 0.000000
32 0.500000 3.500000 0.050000 0.000000 0.000000 0.000000 0.000000
32 0.500000 3.500000 0.050000 0.000000 0.000000 0.000000 0.000000
32 0.500000 3.500000 0.050000 0.000000 0.000000 0.000000 0.000000
32 0.500000 3.500000 0.050000 0.000000 0.000000 0.000000 0.000000
32 0.500000 3.500000 0.050000 0.000000 0.000000 0.000000 0.000000
32 0.500000 3.500000 0.050000 0.000000 0.000000 0.000000 0.000000
32 0.500000 3.500000 0.050000 0.000000 0.000000 0.000000 0.000000
32 0.500000 3.500000 0.050000 0.000000 0.000000 0.000000 0.000000
32 0.500000 3.500000 0.050000 0.000000 0.000000 0.000000 0.000000
32 0.500000 3.500000 0.050000 0.000000 0.000000 0.000000 0.000000
32 0.500000 3.500000 0.050000 0.000000 0.000000 0.000000 0.000000
32 0.500000 3.500000 0.050000 0.000000 0.000000 0.000000 0.000000
32 0.500000 3.500000 0.050000 0.000000 0.000000 0.000000 0.000000
32 0.500000 3.500000 0.050000 0.000000 0.000000 0.000000 0.000000
32 0.500000 3.500000 0.050000 0.000000 0.000000 0.000000 0.000000
32 0.500000 3.500000 0.050000 0.000000 0.000000 0.000000 0.000000
32 0.500000 3.500000 0.050000 0.000000 0.000000 0.000000 0.000000
32 0.500000 3.500000 0.050000 0.000000 0.000000 0.000000 0.000000
32 0.500000 3.500000 0.050000 0.000000 0.308974 0.500000 3.351032
32 0.500000 3.500000 0.050000 0.000000 0.000000 0.000000 0.000000
32 0.500000 3.500000 0.050000 0.000000 0.000000 0.000000 0.000000
32 0.500000 3.500000 0.050000 0.000000 0.302293 0.500000 3.351032
32 0.500000 3.500000 0.050000 0.000000 0.000000 0.000000 0.000000
32 0.500000 3.500000 0.050000 0.000000 0.000000 0.000000 0.000000
32 0.500000 3.500000 0.050000 0.000000 0.000000 0.000000 0.000000
32 0.500000 3.500000 0.050000 0.000000 0.000000 0.000000 0.000000
32 0.500000 3.500000 0.050000 0.000000 0.000000 0.000000 0.000000
32 0.500000 3.500000 0.050000 0.000000 0.000000 0.000000 0.000000
32 0.500000 3.500000 0.050000 0.000000 0.000000 0.000000 0.000000
32 0.500000 3.500000 0.050000 0.000000 0.000000 0.000000 0.000000
32 0.500000 3.500000 0.050000 0.000000 0.000000 0.000000 0.000000
32 0.500000 3.500000 0.050000 0.000000 0.000000 0.000000 0.000000
32 0.500000 3.500000 0.050000 0.000000 0.000000 0.000000 0.000000
32 0.500000 3.500000 0.050000 0.000000 0.000000 0.000000 0.000000
32 0.500000 3.500000 0.050000 0.000000 0.000000 0.000000 0.000000
32 0.500000 3.500000 0.050000 0.000000 0.000000 0.000000 0.000000
32 0.500000 3.500000 0.050000 0.000000 0.000000 0.000000 0.000000
32 0.500000 3.500000 0.050000 0.000000 0.000000 0.000000 0.000000
32 0.500000 3.500000 0.050000 0.000000 0.000000 0.000000 0.000000
32 0.500000 3.500000 0.050000 0.000000 0.000000 0.000000 0.000000
32 0.500000 3.500000 0.050000 0.000000 0.000000 0.000000 0.000000
32 0.500000 3.500000 0.050000 0.000000 0.000000 0.000000 0.000000
32 0.500000 3.500000 0.050000 0.000000 0.000000 0.000000 0.000000
32 0.500000 3.500000 0.050000 0.000000 0.000000 0.000000 0.000000
32 0.500000 3.500000 0.050000 0.000000 0.000000 0.000000 0.000000
32 0.500000 3.500000 0.050000 0.000000 0.000000 0.000000 0.000000
32 0.500000 3.500000 0.050000 0.000000 0.000000 0.000000 0.000000
32 0.500000 3.500000 0.050000 0.000000 0.000000 0.000000 0.000000
32 0.500000 3.500000 0.050000 0.000000 0.000000 0.000000 0.000000
32 0.500000 3.500000 0.050000 0.000000 0.000000 0.000000 0.000000
32 0.500000 3.500000 0.050000 0.000000 0.000000 0.000000 0.000000
32 0.500000 3.500000 0.050000 0.000000 0.000000 0.000000 0.000000
32 0.500000 3.500000 0.050000 0.000000 0.247707 -0.500000 3.351032
32 0.500000 3.500000 0.050000 0.000000 0.000000 0.000000 0.000000
32 0.500000 3.500000 0.050000 0.000000 0.000000 0.000000 0.000000
32 0.500000 3.500000 0.050000 0.000000 0.000000 0.000000 0.000000
32 0.500000 3.500000 0.050000 0.000000 0.000000 0.000000 0.000000
32 0.500000 3.500000 0.050000 0.000000 0.000000 0.000000 0.000000
32 0.500000 3.500000 0.050000 0.000000 0.000000 0.000000 0.000000
32 0.500000 3.500000 0.050000 0.000000 0.000000 0.000000 0.000000
32 0.500000 3.500000 0.050000 0.000000 0.000000 0.000000 0.000000
32 0.500000 3.500000 0.050000 0.000000 0.000000 0.000000 0.000000
32 0.500000 3.500000 0.050000 0.000000 0.000000 0.000000 0.000000
32 0.500000 3.500000 0.050000 0.000000 0.000000 0.000000 0.000000
32 0.500000 3.500000 0.050000 0.000000 0.000000 0.000000 0.000000
32 0.500000 3.500000 0.050000 0.000000 0.000000 0.000000 0.000000
32 0.500000 3.500000 0.050000 0.000000 0.000000 0.000000 0.000000
32 0.500000 3.500000 0.050000 0.000000 0.000000 0.000000 0.000000
32 0.500000 3.500000 0.050000 0.000000 0.000000 0.000000 0.000000
32 0.500000 3.500000 0.050000 0.000000 0.000000 0.000000 0.000000
32 0.500000 3.500000 0.050000 0.000000 0.000000 0.000000 0.000000
32 0.500000 3.500000 0.050000 0.000000 0.000000 0.000000 0.000000
32 0.500000 3.500000 0.050000 0.000000 0.000000 0.000000 0.000000
32 0.500000 3.500000 0.050000 0.000000 0.000000 0.000000 0.000000
32 0.500000 3.500000 0.050000 0.000000 0.000000 0.000000 0.000000
32 0.500000 3.500000 0.050000 0.000000 0.000000 0.000000 0.000000
32 0.500000 3.500000 0.050000 0.000000 0.000000 0.000000 0.000000
32 0.500000 3.500000 0.050000 0.000000 0.000000 0.000000 0.000000
32 0.500000 3.500000 0.050000 0.000000 0.000000 0.000000 0.000000
32 0.500000 3.500000 0.050000 0.000000 0.000000 0.000000 0.000000
32 0.500000 3.500000 0.050000 0.000000 0.000000 0.000000 0.000000
32 0.500000 3.500000 0.050000 0.000000 0.000000 0.000000 0.000000
32 0.500000 3.500000 0.050000 0.000000 0.000000 0.000000 0.000000
32 0.500000 3.500000 0.050000 0.000000 0.000000 0.000000 0.000000
32 0.500000 3.500000 0.050000 0.000000 0.000000 0.000000 0.000000
32 0.500000 3.500000 0.050000 0.000000 0.000000 0.000000 0.000000
32 0.500000 3.500000 0.050000 0.000000 0.000000 0.000000 0.000000
32 0.500000 3.500000 0.050000 0.000000 0.000000 0.000000 0.000000
32 0.500000 3.500000 0.050000 0.000000 0.000000 0.000000 0.000000
32 0.500000 3.500000 0.050000 0.000000 0.000000 0.000000 0.000000
32 0.500000 3.500000 0.050000 0.000000 0.000000 0.000000 0.000000
32 0.500000 3.500000 0.050000 0.000000 0.000000 0.000000 0.000000
32 0.500000 3.500000 0.050000 0.000000 0.000000 0.000000 0.000000
32 0.500000 3.500000 0.050000 0.000000 0.000000 0.000000 0.000000
32 0.500000 3.500000 0.050000 0.000000 0.000000 0.000000 0.000000
32 0.500000 3.500000 0.050000 0.000000 0.000000 0.000000 0.000000
32 0.500000 3.500000 0.050000 0.000000 0.000000 0.000000 0.000000
32 0.500000 3.500000 0.050000 0.000000 0.000000 0.000000 0.000000
32 0.500000 3.500000 0.050000 0.000000 0.000000 0.000000 0.000000
32 0.500000 3.500000 0.050000 0.000000 0.000000 0.000000 0.000000
32 0.500000 3.500000 0.050000 0.000000 0.000000 0.000000 0.000000
32 0.500000 3.500000 0.050000 0.000000 0.000000 0.000000 0.000000
32 0.500000 3.500000 0.050000 0.000000 0.000000 0.000000 0.000000
32 0.500000 3.500000 0.050000 0.000000 0.000000 0.000000 0.000000
32 0.500000 3.500000 0.050000 0.000000 0.000000 0.000000 0.000000
32 0.500000 3.500000 0.050000 0.000000 0.000000 0.000000 0.000000
32 0.500000 3.500000 0.050000 0.000000 0.000000 0.000000 0.000000
32 0.500000 3.500000 0.050000 0.000000 0.308971 0.500000 3.351032
32 0.500000 3.500000 0.050000 0.000000 0.000000 0.000000 0.000000
32 0.500000 3.500000 0.050000 0.000000 0.000000 0.000000 0.000000
32 0.500000 3.500000 0.050000 0.000000 0.000000 0.000000 0.000000
32 0.500000 3.500000 0.050000 0.000000 0.000000 0.000000 0.000000
32 0.500000 3.500000 0.050000 0.000000 0.000000 0.000000 0.000000
32 0.500000 3.500000 0.050000 0.000000 0.302425 0.500000 3.351032
32 0.500000 3.500000 0.050000 0.000000 0.000000 0.000000 0.000000
32 0.500000 3.500000 0.050000 0.000000 0.000000 0.000000 0.000000
32 0.500000 3.500000 0.050000 0.000000 0.000000 0.000000 0.000000
32 0.500000 3.500000 0.050000 0.000000 0.000000 0.000000 0.000000
32 0.500000 3.500000 0.050000 0.000000 0.000000 0.000000 0.000000
32 0.500000 3.500000 0.050000 0.000000 0.000000 0.000000 0.000000
32 0.500000 3.500000 0.050000 0.000000 0.000000 0.000000 0.000000
32 0.500000 3.500000 0.050000 0.000000 0.000000 0.000000 0.000000
32 0.500000 3.500000 0.050000 0.000000 0.000000 0.000000 0.000000
32 0.500000 3.500000 0.050000 0.000000 0.000000 0.000000 0.000000
32 0.500000 3.500000 0.050000 0.000000 0.000000 0.000000 0.000000
32 0.500000 3.500000 0.050000 0.000000 0.000000 0.000000 0.000000
32 0.500000 3.500000 0.050000 0.000000 0.302275 0.500000 3.351032
32 0.500000 3.500000 0.050000 0.000000 0.000000 0.000000 0.000000
32 0.500000 3.500000 0.050000 0.000000 0.000000 0.000000 0.000000
32 0.500000 3.500000 0.050000 0.000000 0.302171 0.500000 3.351032
32 0.500000 3.500000 0.050000 0.000000 0.000000 0.000000 0.000000
32 0.500000 3.500000 0.050000 0.000000 0.000000 0.000000 0.000000
32 0.500000 3.500000 0.050000 0.000000 0.000000 0.000000 0.000000
32 0.500000 3.500000 0.050000 0.000000 0.000000 0.000000 0.000000
32 0.500000 3.500000 0.050000 0.000000 0.000000 0.000000 0.000000
32 0.500000 3.500000 0.050000 0.000000 0.000000 0.000000 0.000000
32 0.500000 3.500000 0.050000 0.000000 0.000000 0.000000 0.000000
32 0.500000 3.500000 0.050000 0.000000 0.000000 0.000000 0.000000
32 0.500000 3.500000 0.050000 0.000000 0.000000 0.000000 0.000000
32 0.500000 3.500000 0.050000 0.000000 0.000000 0.000000 0.000000
32 0.500000 3.500000 0.050000 0.000000 0.000000 0.000000 0.000000
32 0.500000 3.500000 0.050000 0.000000 0.000000 0.000000 0.000000
32 0.500000 3.500000 0.050000 0.000000 0.000000 0.000000 0.000000
32 0.500000 3.500000 0.050000 0.000000 0.000000 0.000000 0.000000
32 0.500000 3.500000 0.050000 0.000000 0.000000 0.000000 0.000000
32 0.500000 3.500000 0.050000 0.000000 0.253495 -0.500000 3.351032
32 0.500000 3.500000 0.050000 0.000000 0.000000 0.000000 0.000000
32 0.500000 3.500000 0.050000 0.000000 0.000000 0.000000 0.000000
32 0.500000 3.500000 0.050000 0.000000 0.000000 0.000000 0.000000
32 0.500000 3.500000 0.050000 0.000000 0.000000 0.000000 0.000000
32 0.500000 3.500000 0.050000 0.000000 0.000000 0.000000 0.000000
32 0.500000 3.500000 0.050000 0.000000 0.000000 0.000000 0.000000
32 0.500000 3.500000 0.050000 0.000000 0.000000 0.000000 0.000000
32 0.500000 3.500000 0.050000 0.000000 0.000000 0.000000 0.000000
32 0.500000 3.500000 0.050000 0.000000 0.000000 0.000000 0.000000
32 0.500000 3.500000 0.050000 0.000000 0.000000 0.000000 0.000000
32 0.500000 3.500000 0.050000 0.000000 0.000000 0.000000 0.000000
32 0.500000 3.500000 0.050000 0.000000 0.000000 0.000000 0.000000
32 0.500000 3.500000 0.050000 0.000000 0.000000 0.000000 0.000000
32 0.500000 3.500000 0.050000 0.000000 0.000000 0.000000 0.000000
32 0.500000 3.500000 0.050000 0.000000 0.000000 0.000000 0.000000
32 0.500000 3.500000 0.050000 0.000000 0.000000 0.000000 0.000000
32 0.500000 3.500000 0.050000 0.000000 0.000000 0.000000 0.000000
32 0.500000 3.500000 0.050000 0.000000 0.308950 0.500000 3.351032
32 0.500000 3.500000 0.050000 0.000000 0.000000 0.000000 0.000000
32 0.500000 3.500000 0.050000 0.000000 0.000000 0.000000 0.000000
32 0.500000 3.500000 0.050000 0.000000 0.000000 0.000000 0.000000
32 0.500000 3.500000 0.050000 0.000000 0.000000 0.000000 0.000000
32 0.500000 3.500000 0.050000 0.000000 0.000000 0.000000 0.000000
32 0.500000 3.500000 0.050000 0.000000 0.000000 0.000000 0.000000
32 0.500000 3.500000 0.050000 0.000000 0.000000 0.000000 0.000000
32 0.500000 3.500000 0.050000 0.000000 0.000000 0.000000 0.000000
32 0.500000 3.500000 0.050000 0.000000 0.000000 0.000000 0.000000
32 0.500000 3.500000 0.050000 0.000000 0.000000 0.000000 0.000000
32 0.500000 3.500000 0.050000 0.000000 0.000000 0.000000 0.000000
32 0.500000 3.500000 0.050000 0.000000 0.000000 0.000000 0.000000
32 0.500000 3.500000 0.050000 0.000000 0.000000 0.000000 0.000000
32 0.500000 3.500000 0.050000 0.000000 0.000000 0.000000 0.000000
32 0.500000 3.500000 0.050000 0.000000 0.000000 0.000000 0.000000
32 0.500000 3.500000 0.050000 0.000000 0.000000 0.000000 0.000000
32 0.500000 3.500000 0.050000 0.000000 0.000000 0.000000 0.000000
32 0.500000 3.500000 0.050000 0.000000 0.000000 0.000000 0.000000
32 0.500000 3.500000 0.050000 0.000000 0.000000 0.000000 0.000000
32 0.500000 3.500000 0.050000 0.000000 0.000000 0.000000 0.000000
32 0.500000 3.500000 0.050000 0.000000 0.000000 0.000000 0.000000
32 0.500000 3.500000 0.050000 0.000000 0.000000 0.000000 0.000000
32 0.500000 3.500000 0.050000 0.000000 0.000000 0.339856 0.000000
32 0.500000 3.500000 0.050000 0.000000 0.000000 0.000000 0.000000
32 0.500000 3.500000 0.050000 0.000000 0.000000 0.000000 0.000000
32 0.500000 3.500000 0.050000 0.000000 0.000000 0.000000 0.000000
32 0.500000 3.500000 0.050000 0.000000 0.000000 0.000000 0.000000
32 0.500000 3.500000 0.050000 0.000000 0.000000 0.000000 0.000000
32 0.500000 3.500000 0.050000 0.000000 0.000000 0.000000 0.000000
32 0.500000 3.500000 0.050000 0.000000 0.349544 0.500000 3.351032
32 0.500000 3.500000 0.050000 0.000000 0.000000 0.000000 0.000000
32 0.500000 3.500000 0.050000 0.000000 0.000000 0.000000 0.000000
32 0.500000 3.500000 0.050000 0.000000 0.000000 0.000000 0.000000
32 0.500000 3.500000 0.050000 0.000000 0.000000 0.000000 0.000000
32 0.500000 3.500000 0.050000 0.000000 0.000000 0.000000 0.000000
32 0.500000 3.500000 0.050000 0.000000 0.000000 0.000000 0.000000
32 0.500000 3.500000 0.050000 0.000000 0.000000 0.000000 0.000000
32 0.500000 3.500000 0.050000 0.000000 0.000000 0.000000 0.000000
32 0.500000 3.500000 0.050000 0.000000 0.000000 0.000000 0.000000
32 0.500000 3.500000 0.050000 0.000000 0.000000 0.000000 0.000000
32 0.500000 3.500000 0.050000 0.000000 0.000000 0.000000 0.000000
32 0.500000 3.500000 0.050000 0.000000 0.308903 0.500000 3.351032
32 0.500000 3.500000 0.050000 0.000000 0.000000 0.000000 0.000000
32 0.500000 3.500000 0.050000 0.000000 0.000000 0.000000 0.000000
32 0.500000 3.500000 0.050000 0.000000 0.000000 0.000000 0.000000
32 0.500000 3.500000 0.050000 0.000000 0.000000 0.000000 0.000000
32 0.500000 3.500000 0.050000 0.000000 0.000000 0.000000 0.000000
32 0.500000 3.500000 0.050000 0.000000 0.000000 0.000000 0.000000
32 0.500000 3.500000 0.050000 0.000000 0.000000 0.000000 0.000000
32 0.500000 3.500000 0.050000 0.000000 0.000000 0.000000 0.000000
32 0.500000 3.500000 0.050000 0.000000 0.000000 0.000000 0.000000
32 0.500000 3.500000 0.050000 0.000000 0.000000 0.000000 0.000000
32 0.500000 3.500000 0.050000 0.000000 0.000000 0.000000 0.000000
32 0.500000 3.500000 0.050000 0.000000 0.000000 0.000000 0.000000
32 0.500000 3.500000 0.050000 0.000000 0.000000 0.000000 0.000000
32 0.500000 3.500000 0.050000 0.000000 0.000000 0.000000 0.000000
32 0.500000 3.500000 0.050000 0.000000 0.000000 0.000000 0.000000
32 0.500000 3.500000 0.050000 0.000000 0.000000 0.000000 0.000000
32 0.500000 3.500000 0.050000 0.000000 0.000000 0.000000 0.000000
32 0.500000 3.500000 0.050000 0.000000 0.000000 0.000000 0.000000
32 0.500000 3.500000 0.050000 0.000000 0.000000 0.000000 0.000000
32 0.500000 3.500000 0.050000 0.000000 0.000000 0.000000 0.000000
32 0.500000 3.500000 0.050000 0.000000 0.000000 0.000000 0.000000
32 0.500000 3.500000 0.050000 0.000000 0.302276 0.500000 3.351032
32 0.500000 3.500000 0.050000 0.000000 0.000000 0.000000 0.000000
32 0.500000 3.500000 0.050000 0.000000 0.000000 0.000000 0.000000
32 0.500000 3.500000 0.050000 0.000000 0.000000 0.000000 0.000000
32 0.500000 3.500000 0.050000 0.000000 0.000000 0.000000 0.000000
32 0.500000 3.500000 0.050000 0.000000 0.000000 0.000000 0.000000
32 0.500000 3.500000 0.050000 0.000000 0.000000 0.000000 0.000000
32 0.500000 3.500000 0.050000 0.000000 0.000000 0.000000 0.000000
32 0.500000 3.500000 0.050000 0.000000 0.000000 0.000000 0.000000
32 0.500000 3.500000 0.050000 0.000000 0.000000 0.000000 0.000000
32 0.500000 3.500000 0.050000 0.000000 0.000000 0.000000 0.000000
32 0.500000 3.500000 0.050000 0.000000 0.302275 0.500000 3.351032
32 0.500000 3.500000 0.050000 0.000000 0.000000 0.000000 0.000000
32 0.500000 3.500000 0.050000 0.000000 0.000000 0.000000 0.000000
32 0.500000 3.500000 0.050000 0.000000 0.000000 0.000000 0.000000
32 0.500000 3.500000 0.050000 0.000000 0.000000 0.000000 0.000000
32 0.500000 3.500000 0.050000 0.000000 0.000000 0.000000 0.000000
32 0.500000 3.500000 0.050000 0.000000 0.000000 0.000000 0.000000
32 0.500000 3.500000 0.050000 0.000000 0.000000 0.000000 0.000000
32 0.500000 3.500000 0.050000 0.000000 0.000000 0.000000 0.000000
32 0.500000 3.500000 0.050000 0.000000 0.000000 0.000000 0.000000
32 0.500000 3.500000 0.050000 0.000000 0.000000 0.000000 0.000000
32 0.500000 3.500000 0.050000 0.000000 0.000000 0.000000 0.000000
32 0.500000 3.500000 0.050000 0.000000 0.000000 0.000000 0.000000
32 0.500000 3.500000 0.050000 0.000000 0.000000 0.000000 0.000000
32 0.500000 3.500000 0.050000 0.000000 0.302293 0.500000 3.351032
32 0.500000 3.500000 0.050000 0.000000 0.000000 0.000000 0.000000
32 0.500000 3.500000 0.050000 0.000000 0.000000 0.000000 0.000000
32 0.500000 3.500000 0.050000 0.000000 0.000000 0.000000 0.000000
32 0.500000 3.500000 0.050000 0.000000 0.000000 0.000000 0.000000
32 0.500000 3.500000 0.050000 0.000000 0.000000 0.000000 0.000000
32 0.500000 3.500000 0.050000 0.000000 0.000000 0.000000 0.000000
32 0.500000 3.500000 0.050000 0.000000 0.000000 0.000000 0.000000
32 0.500000 3.500000 0.050000 0.000000 0.000000 0.000000 0.000000
32 0.500000 3.500000 0.050000 0.000000 0.000000 0.000000 0.000000
32 0.500000 3.500000 0.050000 0.000000 0.000000 0.000000 0.000000
32 0.500000 3.500000 0.050000 0.000000 0.000000 0.000000 0.000000
32 0.500000 3.500000 0.050000 0.000000 0.000000 0.000000 0.000000
32 0.500000 3.500000 0.050000 0.000000 0.253495 -0.500000 3.351032
32 0.500000 3.500000 0.050000 0.000000 0.000000 0.000000 0.000000
32 0.500000 3.500000 0.050000 0.000000 0.000000 0.000000 0.000000
32 0.500000 3.500000 0.050000 0.000000 0.000000 0.000000 0.000000
32 0.500000 3.500000 0.050000 0.000000 0.000000 0.339113 0.000000
32 0.500000 3.500000 0.050000 0.000000 0.000000 0.000000 0.000000
32 0.500000 3.500000 0.050000 0.000000 0.000000 0.000000 0.000000
32 0.500000 3.500000 0.050000 0.000000 0.000000 0.000000 0.000000
32 0.500000 3.500000 0.050000 0.000000 0.000000 0.000000 0.000000
32 0.500000 3.500000 0.050000 0.000000 0.000000 0.000000 0.000000
32 0.500000 3.500000 0.050000 0.000000 0.000000 0.000000 0.000000
32 0.500000 3.500000 0.050000 0.000000 0.000000 0.000000 0.000000
32 0.500000 3.500000 0.050000 0.000000 0.000000 0.000000 0.000000
32 0.500000 3.500000 0.050000 0.000000 0.000000 0.000000 0.000000
32 0.500000 3.500000 0.050000 0.000000 0.000000 0.000000 0.000000
32 0.500000 3.500000 0.050000 0.000000 0.000000 0.000000 0.000000
32 0.500000 3.500000 0.050000 0.000000 0.000000 0.000000 0.000000
32 0.500000 3.500000 0.050000 0.000000 0.000000 0.000000 0.000000
32 0.500000 3.500000 0.050000 0.000000 0.000000 0.000000 0.000000
32 0.500000 3.500000 0.050000 0.000000 0.302171 0.500000 3.351032
32 0.500000 3.500000 0.050000 0.000000 0.000000 0.000000 0.000000
32 0.500000 3.500000 0.050000 0.000000 0.000000 0.000000 0.000000
32 0.500000 3.500000 0.050000 0.000000 0.000000 0.000000 0.000000
32 0.500000 3.500000 0.050000 0.000000 0.000000 0.000000 0.000000
32 0.500000 3.500000 0.050000 0.000000 0.000000 0.000000 0.000000
32 0.500000 3.500000 0.050000 0.000000 0.000000 0.000000 0.000000
32 0.500000 3.500000 0.050000 0.000000 0.000000 0.000000 0.000000
32 0.500000 3.500000 0.050000 0.000000 0.000000 0.000000 0.000000
32 0.500000 3.500000 0.050000 0.000000 0.000000 0.000000 0.000000
32 0.500000 3.500000 0.050000 0.000000 0.000000 0.000000 0.000000
32 0.500000 3.500000 0.050000 0.000000 0.000000 0.000000 0.000000
32 0.500000 3.500000 0.050000 0.000000 0.000000 0.000000 0.000000
32 0.500000 3.500000 0.050000 0.000000 0.000000 0.000000 0.000000
32 0.500000 3.500000 0.050000 0.000000 0.000000 0.000000 0.000000
32 0.500000 3.500000 0.050000 0.000000 0.302425 0.500000 3.351032
32 0.500000 3.500000 0.050000 0.000000 0.000000 0.000000 0.000000
32 0.500000 3.500000 0.050000 0.000000 0.000000 0.000000 0.000000
32 0.500000 3.500000 0.050000 0.000000 0.000000 0.000000 0.000000
32 0.500000 3.500000 0.050000 0.000000 0.000000 0.000000 0.000000
32 0.500000 3.500000 0.050000 0.000000 0.000000 0.000000 0.000000
32 0.500000 3.500000 0.050000 0.000000 0.000000 0.000000 0.000000
32 0.500000 3.500000 0.050000 0.000000 0.000000 0.000000 0.000000
32 0.500000 3.500000 0.050000 0.000000 0.000000 0.000000 0.000000
32 0.500000 3.500000 0.050000 0.000000 0.000000 0.000000 0.000000
32 0.500000 3.500000 0.050000 0.000000 0.000000 0.000000 0.000000
32 0.500000 3.500000 0.050000 0.000000 0.000000 0.000000 0.000000
32 0.500000 3.500000 0.050000 0.000000 0.000000 0.000000 0.000000
32 0.500000 3.500000 0.050000 0.000000 0.000000 0.000000 0.000000
32 0.500000 3.500000 0.050000 0.000000 0.000000 0.000000 0.000000
32 0.500000 3.500000 0.050000 0.000000 0.000000 0.000000 0.000000
32 0.500000 3.500000 0.050000 0.000000 0.000000 0.000000 0.000000
32 0.500000 3.500000 0.050000 0.000000 0.000000 0.000000 0.000000
32 0.500000 3.500000 0.050000 0.000000 0.000000 0.000000 0.000000
32 0.500000 3.500000 0.050000 0.000000 0.302426 0.500000 3.351032
32 0.500000 3.500000 0.050000 0.000000 0.000000 0.000000 0.000000
32 0.500000 3.500000 0.050000 0.000000 0.000000 0.000000 0.000000
32 0.500000 3.500000 0.050000 0.000000 0.000000 0.000000 0.000000
32 0.500000 3.500000 0.050000 0.000000 0.000000 0.000000 0.000000
32 0.500000 3.500000 0.050000 0.000000 0.000000 0.000000 0.000000
32 0.500000 3.500000 0.050000 0.000000 0.000000 0.000000 0.000000
32 0.500000 3.500000 0.050000 0.000000 0.000000 0.000000 0.000000
32 0.500000 3.500000 0.050000 0.000000 0.000000 0.000000 0.000000
32 0.500000 3.500000 0.050000 0.000000 0.000000 0.000000 0.000000
32 0.500000 3.500000 0.050000 0.000000 0.000000 0.000000 0.000000
32 0.500000 3.500000 0.050000 0.000000 0.000000 0.000000 0.000000
32 0.500000 3.500000 0.050000 0.000000 0.000000 0.000000 0.000000
32 0.500000 3.500000 0.050000 0.000000 0.000000 0.000000 0.000000
32 0.500000 3.500000 0.050000 0.000000 0.000000 0.000000 0.000000
32 0.500000 3.500000 0.050000 0.000000 0.000000 0.000000 0.000000
32 0.500000 3.500000 0.050000 0.000000 0.000000 0.000000 0.000000
32 0.500000 3.500000 0.050000 0.000000 0.000000 0.000000 0.000000
32 0.500000 3.500000 0.050000 0.000000 0.000000 0.000000 0.000000
32 0.500000 3.500000 0.050000 0.000000 0.000000 0.000000 0.000000
32 0.500000 3.500000 0.050000 0.000000 0.302275 0.500000 3.351032
32 0.500000 3.500000 0.050000 0.000000 0.302292 0.500000 3.351032
32 0.500000 3.500000 0.050000 0.000000 0.000000 0.000000 0.000000
32 0.500000 3.500000 0.050000 0.000000 0.000000 0.000000 0.000000
32 0.500000 3.500000 0.050000 0.000000 0.000000 0.000000 0.000000
32 0.500000 3.500000 0.050000 0.000000 0.000000 0.000000 0.000000
32 0.500000 3.500000 0.050000 0.000000 0.000000 0.000000 0.000000
32 0.500000 3.500000 0.050000 0.000000 0.000000 0.000000 0.000000
32 0.500000 3.500000 0.050000 0.000000 0.000000 0.000000 0.000000
32 0.500000 3.500000 0.050000 0.000000 0.000000 0.000000 0.000000
32 0.500000 3.500000 0.050000 0.000000 0.000000 0.000000 0.000000
32 0.500000 3.500000 0.050000 0.000000 0.000000 0.000000 0.000000
32 0.500000 3.500000 0.050000 0.000000 0.000000 0.000000 0.000000
32 0.500000 3.500000 0.050000 0.000000 0.000000 0.000000 0.000000
32 0.500000 3.500000 0.050000 0.000000 0.000000 0.000000 0.000000
32 0.500000 3.500000 0.050000 0.000000 0.000000 0.000000 0.000000
32 0.500000 3.500000 0.050000 0.000000 0.000000 0.000000 0.000000
32 0.500000 3.500000 0.050000 0.000000 0.000000 0.000000 0.000000
32 0.500000 3.500000 0.050000 0.000000 0.000000 0.000000 0.000000
32 0.500000 3.500000 0.050000 0.000000 0.000000 0.000000 0.000000
32 0.500000 3.500000 0.050000 0.000000 0.000000 0.000000 0.000000
32 0.500000 3.500000 0.050000 0.000000 0.302292 0.500000 3.351032
32 0.500000 3.500000 0.050000 0.000000 0.000000 0.000000 0.000000
32 0.500000 3.500000 0.050000 0.000000 0.000000 0.000000 0.000000
32 0.500000 3.500000 0.050000 0.000000 0.000000 0.000000 0.000000
32 0.500000 3.500000 0.050000 0.000000 0.000000 0.000000 0.000000
32 0.500000 3.500000 0.050000 0.000000 0.000000 0.000000 0.000000
32 0.500000 3.500000 0.050000 0.000000 0.000000 0.000000 0.000000
32 0.500000 3.500000 0.050000 0.000000 0.000000 0.000000 0.000000
32 0.500000 3.500000 0.050000 0.000000 0.000000 0.000000 0.000000
32 0.500000 3.500000 0.050000 0.000000 0.000000 0.000000 0.000000
32 0.500000 3.500000 0.050000 0.000000 0.000000 0.000000 0.000000
32 0.500000 3.500000 0.050000 0.000000 0.000000 0.000000 0.000000
32 0.500000 3.500000 0.050000 0.000000 0.000000 0.000000 0.000000
32 0.500000 3.500000 0.050000 0.000000 0.000000 0.000000 0.000000
32 0.500000 3.500000 0.050000 0.000000 0.000000 0.000000 0.000000
32 0.500000 3.500000 0.050000 0.000000 0.000000 0.000000 0.000000
