25.500000 0.000000 0.101351 -1.235871 1.795196 0.400000 191.000000
25.500000 0.027778 0.101351 -1.234037 1.795196 0.400000 191.000000
25.500000 0.055556 0.101351 -1.232282 1.795196 0.400000 191.000000
25.500000 0.083333 0.101351 -1.230576 1.795196 0.400000 191.000000
25.500000 0.111111 0.101351 -1.228946 1.795196 0.400000 191.000000
25.500000 0.138889 0.101351 -1.227365 1.795196 0.400000 191.000000
25.500000 0.166667 0.101351 -1.225834 1.795196 0.400000 191.000000
25.500000 0.194444 0.101351 -1.224353 1.795196 0.400000 191.000000
25.500000 0.222222 0.101351 -1.222880 1.795196 0.400000 191.000000
25.500000 0.250000 0.101351 -1.221457 1.795196 0.400000 191.000000
25.500000 0.277778 0.101351 -1.220058 1.795196 0.400000 191.000000
25.500000 0.305556 0.101351 -1.218701 1.795196 0.400000 191.000000
25.500000 0.333333 0.101351 -1.217434 1.795196 0.400000 191.000000
25.500000 0.361111 0.101351 -1.216161 1.795196 0.400000 191.000000
25.500000 0.388889 0.101351 -1.215102 1.795196 0.400000 191.000000
25.500000 0.416667 0.102041 -1.214256 1.795196 0.400000 191.000000
25.500000 0.444444 0.102041 -1.213663 1.795196 0.400000 191.000000
25.500000 0.472222 0.102041 -1.213055 1.795196 0.400000 191.000000
25.500000 0.500000 0.102041 -1.211284 1.795196 0.400000 191.000000
25.500000 0.527778 0.102041 -1.240690 1.795196 0.400000 191.000000
25.500000 0.555556 0.102041 -1.218392 1.795196 0.400000 191.000000
25.500000 0.583333 0.101351 -1.365679 1.795196 0.400000 191.000000
25.500000 0.611111 0.500000 0.641242 4.487990 0.400000 191.000000
25.500000 0.638889 0.500000 1.196721 4.487990 0.400000 191.000000
25.500000 0.666667 0.500000 1.652739 4.487990 0.400000 191.000000
25.500000 0.694444 0.500000 2.064643 4.487990 0.400000 191.000000
25.500000 0.722222 0.500000 2.450760 4.487990 0.400000 191.000000
25.500000 0.750000 0.500000 2.820939 4.487990 0.400000 191.000000
25.500000 0.777778 0.500000 3.174033 4.487990 0.400000 191.000000
25.500000 0.805556 0.500000 3.516298 4.487990 0.400000 191.000000
25.500000 0.833333 0.500000 3.850611 4.487990 0.400000 191.000000
25.500000 0.861111 0.500000 4.174565 4.487990 0.400000 191.000000
25.500000 0.888889 0.500000 4.494333 4.487990 0.400000 191.000000
25.500000 0.916667 0.507519 4.802084 4.487990 0.400000 191.000000
25.500000 0.944444 0.500000 5.112641 4.487990 0.400000 191.000000
25.500000 0.972222 0.500000 5.417634 4.487990 0.400000 191.000000
25.500000 1.000000 0.507353 5.713491 4.487990 0.400000 191.000000
25.500000 1.027778 0.500000 6.012261 4.487990 0.400000 191.000000
25.500000 1.055556 0.500000 6.305435 4.487990 0.400000 191.000000
25.500000 1.083333 0.500000 6.592892 4.487990 0.400000 191.000000
25.500000 1.111111 0.500000 6.880365 4.487990 0.400000 191.000000
25.500000 1.138889 0.500000 7.160007 4.487990 0.400000 191.000000
25.500000 1.166667 0.512048 7.436482 4.487990 0.400000 191.000000
25.500000 1.194444 0.500000 7.727047 4.487990 0.400000 191.000000
25.500000 1.222222 0.500000 8.002567 4.487990 0.400000 191.000000
25.500000 1.250000 0.509050 8.274777 4.487990 0.400000 191.000000
25.500000 1.277778 0.509050 8.555078 4.487990 0.400000 191.000000
25.500000 1.305556 0.509709 8.816388 4.487990 0.400000 191.000000
25.500000 1.333333 0.509709 9.093651 4.487990 0.400000 191.000000
25.500000 1.361111 0.500000 9.354877 4.487990 0.400000 191.000000
25.500000 1.388889 0.500000 9.630560 4.487990 0.400000 191.000000
25.500000 1.416667 0.497238 9.899371 4.487990 0.400000 191.000000
25.500000 1.444444 0.517241 10.151124 4.487990 0.400000 191.000000
25.500000 1.472222 0.508475 10.440264 4.487990 0.400000 191.000000
25.500000 1.500000 0.500000 10.703577 4.487990 0.400000 191.000000
