11.500000 0.000000 0.222772 -1.296428 1.795196 0.400000 191.000000
11.500000 0.027778 0.222772 -1.349966 1.795196 0.400000 191.000000
11.500000 0.055556 0.222772 -1.284137 1.795196 0.400000 191.000000
11.500000 0.083333 0.222772 -1.294055 1.795196 0.400000 191.000000
11.500000 0.111111 0.222772 -1.244150 1.795196 0.400000 191.000000
11.500000 0.138889 0.222772 -1.263112 1.795196 0.400000 191.000000
11.500000 0.166667 0.222772 -1.255199 1.795196 0.400000 191.000000
11.500000 0.194444 0.225000 -1.242152 1.795196 0.400000 191.000000
11.500000 0.222222 0.227273 -1.208410 1.795196 0.400000 191.000000
11.500000 0.250000 0.222222 -1.207438 1.795196 0.400000 191.000000
11.500000 0.277778 0.227273 -1.251534 1.795196 0.400000 191.000000
11.500000 0.305556 0.227273 -1.286662 1.795196 0.400000 191.000000
11.500000 0.333333 0.222222 -1.288976 1.795196 0.400000 191.000000
11.500000 0.361111 0.227273 -1.282683 1.795196 0.400000 191.000000
11.500000 0.388889 0.222222 -1.308059 1.795196 0.400000 191.000000
11.500000 0.416667 0.227273 -1.251938 1.795196 0.400000 191.000000
11.500000 0.444444 0.229592 -1.261733 1.795196 0.400000 191.000000
11.500000 0.472222 0.229592 -1.271840 1.795196 0.400000 191.000000
11.500000 0.500000 0.229592 -1.276454 1.795196 0.400000 191.000000
11.500000 0.527778 0.229592 -1.235858 1.795196 0.400000 191.000000
11.500000 0.555556 0.229592 -1.290585 1.795196 0.400000 191.000000
11.500000 0.583333 0.222222 -1.366594 1.795196 0.400000 191.000000
11.500000 0.611111 0.222222 -1.147042 1.795196 0.400000 191.000000
11.500000 0.638889 0.335196 -0.893258 1.795196 0.400000 191.000000
11.500000 0.666667 0.500000 0.186770 2.692794 0.400000 191.000000
11.500000 0.694444 0.500000 0.473207 2.692794 0.400000 191.000000
11.500000 0.722222 0.500000 0.731276 2.692794 0.400000 191.000000
11.500000 0.750000 0.500000 0.971003 2.692794 0.400000 191.000000
11.500000 0.777778 0.500000 1.199844 2.692794 0.400000 191.000000
11.500000 0.805556 0.500000 1.412389 2.692794 0.400000 191.000000
11.500000 0.833333 0.504073 1.618405 2.692794 0.400000 191.000000
11.500000 0.861111 0.504484 1.815501 2.692794 0.400000 191.000000
11.500000 0.888889 0.500000 2.008524 2.692794 0.400000 191.000000
11.500000 0.916667 0.506757 2.194559 2.692794 0.400000 191.000000
11.500000 0.944444 0.504386 2.377614 2.692794 0.400000 191.000000
11.500000 0.972222 0.506431 2.558889 2.692794 0.400000 191.000000
11.500000 1.000000 0.505051 2.732666 2.692794 0.400000 191.000000
11.500000 1.027778 0.507117 2.904811 2.692794 0.400000 191.000000
11.500000 1.055556 0.500000 3.086441 2.692794 0.400000 191.000000
11.500000 1.083333 0.507968 3.243573 2.692794 0.400000 191.000000
11.500000 1.111111 0.506329 3.410302 2.692794 0.400000 191.000000
11.500000 1.138889 0.500000 3.580075 2.692794 0.400000 191.000000
11.500000 1.166667 0.500000 3.747776 2.692794 0.400000 191.000000
11.500000 1.194444 0.509709 3.894111 2.692794 0.400000 191.000000
11.500000 1.222222 0.510471 4.061505 2.692794 0.400000 191.000000
11.500000 1.250000 0.510471 4.210651 2.692794 0.400000 191.000000
11.500000 1.277778 0.511364 4.375113 2.692794 0.400000 191.000000
11.500000 1.305556 0.511364 4.519876 2.692794 0.400000 191.000000
11.500000 1.333333 0.509259 4.686252 2.692794 0.400000 191.000000
11.500000 1.361111 0.500000 4.837181 2.692794 0.400000 191.000000
11.500000 1.388889 0.515625 4.978318 2.692794 0.400000 191.000000
11.500000 1.416667 0.513699 5.138986 2.692794 0.400000 191.000000
11.500000 1.444444 0.500000 5.288350 2.692794 0.400000 191.000000
11.500000 1.472222 0.517241 5.423361 2.692794 0.400000 191.000000
11.500000 1.500000 0.511364 5.588275 2.692794 0.400000 191.000000
