19.000000 0.000000 0.136364 -1.347705 1.795196 0.400000 191.000000
19.000000 0.027778 0.136364 -1.358689 1.795196 0.400000 191.000000
19.000000 0.055556 0.136364 -1.361123 1.795196 0.400000 191.000000
19.000000 0.083333 0.136364 -1.358809 1.795196 0.400000 191.000000
19.000000 0.111111 0.135542 -1.472876 1.795196 0.400000 191.000000
19.000000 0.138889 0.135542 -1.468407 1.795196 0.400000 191.000000
19.000000 0.166667 0.136364 -1.499728 1.795196 0.400000 191.000000
19.000000 0.194444 0.136364 -1.488999 1.795196 0.400000 191.000000
19.000000 0.222222 0.136364 -1.486385 1.795196 0.400000 191.000000
19.000000 0.250000 0.136364 -1.486498 1.795196 0.400000 191.000000
19.000000 0.277778 0.135542 -1.526739 1.795196 0.400000 191.000000
19.000000 0.305556 0.134731 -1.230581 1.795196 0.400000 191.000000
19.000000 0.333333 0.134731 -1.235906 1.795196 0.400000 191.000000
19.000000 0.361111 0.151515 -1.254186 1.795196 0.400000 191.000000
19.000000 0.388889 0.151515 -1.250664 1.795196 0.400000 191.000000
19.000000 0.416667 0.150754 -1.273197 1.795196 0.400000 191.000000
19.000000 0.444444 0.188442 -1.270940 1.795196 0.400000 191.000000
19.000000 0.472222 0.150000 -1.288307 1.795196 0.400000 191.000000
19.000000 0.500000 0.166667 -1.328651 1.795196 0.400000 191.000000
19.000000 0.527778 0.233333 -1.341961 1.795196 0.400000 191.000000
19.000000 0.555556 0.233333 -1.325593 1.795196 0.400000 191.000000
19.000000 0.583333 0.293478 -1.341711 1.795196 0.400000 191.000000
19.000000 0.611111 0.346639 -1.324461 1.795196 0.400000 191.000000
19.000000 0.638889 0.297619 -1.178216 1.795196 0.400000 191.000000
19.000000 0.666667 0.416667 -1.184738 1.795196 0.400000 191.000000
19.000000 0.694444 0.476190 -1.212987 1.795196 0.400000 191.000000
19.000000 0.722222 0.556537 -1.223714 1.795196 0.400000 191.000000
19.000000 0.750000 0.607394 -1.225604 1.795196 0.400000 191.000000
19.000000 0.777778 0.633803 -1.215440 1.795196 0.400000 191.000000
19.000000 0.805556 0.631579 -1.221740 1.795196 0.400000 191.000000
19.000000 0.833333 0.657895 -1.211606 1.795196 0.400000 191.000000
19.000000 0.861111 0.710526 -1.199665 1.795196 0.400000 191.000000
19.000000 0.888889 0.725806 -1.209138 1.795196 0.400000 191.000000
19.000000 0.916667 0.750000 -1.196314 1.795196 0.400000 191.000000
19.000000 0.944444 0.801887 -1.212630 1.795196 0.400000 191.000000
19.000000 0.972222 0.849057 -1.192766 1.795196 0.400000 191.000000
19.000000 1.000000 0.844051 -1.182168 1.795196 0.400000 191.000000
19.000000 1.027778 0.872642 -1.165502 1.795196 0.400000 191.000000
19.000000 1.055556 0.867953 -1.067509 1.795196 0.400000 191.000000
19.000000 1.083333 0.867953 -1.049722 1.795196 0.400000 191.000000
19.000000 1.111111 0.869565 -1.076601 1.795196 0.400000 191.000000
19.000000 1.138889 0.869565 -1.053018 1.795196 0.400000 191.000000
19.000000 1.166667 0.867052 -1.037576 1.795196 0.400000 191.000000
19.000000 1.194444 0.870712 -1.043703 1.795196 0.400000 191.000000
19.000000 1.222222 0.870712 -1.019184 1.795196 0.400000 191.000000
19.000000 1.250000 0.866834 -0.948892 1.795196 0.400000 191.000000
19.000000 1.277778 0.866834 -0.921474 1.795196 0.400000 191.000000
19.000000 1.305556 0.870070 -0.928579 1.795196 0.400000 191.000000
19.000000 1.333333 0.870070 -0.903839 1.795196 0.400000 191.000000
19.000000 1.361111 0.870070 -0.890379 1.795196 0.400000 191.000000
19.000000 1.388889 0.868794 -0.884902 1.795196 0.400000 191.000000
19.000000 1.416667 0.868794 -0.851941 1.795196 0.400000 191.000000
19.000000 1.444444 0.870853 -0.944450 1.795196 0.400000 191.000000
19.000000 1.472222 0.500000 -0.227036 3.590392 0.400000 191.000000
19.000000 1.500000 0.500000 0.672548 3.590392 0.400000 191.000000
