31.000000 0.000000 0.082873 -1.166764 1.795196 0.400000 191.000000
31.000000 0.027778 0.082873 -1.159049 1.795196 0.400000 191.000000
31.000000 0.055556 0.082873 -1.151230 1.795196 0.400000 191.000000
31.000000 0.083333 0.082873 -1.143333 1.795196 0.400000 191.000000
31.000000 0.111111 0.082873 -1.135397 1.795196 0.400000 191.000000
31.000000 0.138889 0.080214 -1.887464 1.795196 0.400000 191.000000
31.000000 0.166667 0.080214 -1.880385 1.795196 0.400000 191.000000
31.000000 0.194444 0.080214 -1.873248 1.795196 0.400000 191.000000
31.000000 0.222222 0.080214 -1.866087 1.795196 0.400000 191.000000
31.000000 0.250000 0.080214 -1.858941 1.795196 0.400000 191.000000
31.000000 0.277778 0.080214 -1.851844 1.795196 0.400000 191.000000
31.000000 0.305556 0.080214 -1.844821 1.795196 0.400000 191.000000
31.000000 0.333333 0.079787 -1.837913 1.795196 0.400000 191.000000
31.000000 0.361111 0.079787 -1.831149 1.795196 0.400000 191.000000
31.000000 0.388889 0.079787 -1.824578 1.795196 0.400000 191.000000
31.000000 0.416667 0.120321 -1.818235 1.795196 0.400000 191.000000
31.000000 0.444444 0.083799 -1.078674 1.795196 0.400000 191.000000
31.000000 0.472222 0.083799 -1.072919 1.795196 0.400000 191.000000
31.000000 0.500000 0.083799 -1.067513 1.795196 0.400000 191.000000
31.000000 0.527778 0.083799 -1.091822 1.795196 0.400000 191.000000
31.000000 0.555556 0.083799 -1.087111 1.795196 0.400000 191.000000
31.000000 0.583333 0.083799 -1.082820 1.795196 0.400000 191.000000
31.000000 0.611111 0.083799 -1.079001 1.795196 0.400000 191.000000
31.000000 0.638889 0.084270 -1.075724 1.795196 0.400000 191.000000
31.000000 0.666667 0.084270 -1.073077 1.795196 0.400000 191.000000
31.000000 0.694444 0.084270 -1.071149 1.795196 0.400000 191.000000
31.000000 0.722222 0.084270 -1.069894 1.795196 0.400000 191.000000
31.000000 0.750000 0.083799 -1.068928 1.795196 0.400000 191.000000
31.000000 0.777778 0.083799 -1.067155 1.795196 0.400000 191.000000
31.000000 0.805556 0.083799 -1.062373 1.795196 0.400000 191.000000
31.000000 0.833333 0.083333 -1.051265 1.795196 0.400000 191.000000
31.000000 0.861111 0.083333 -1.030859 1.795196 0.400000 191.000000
31.000000 0.888889 0.083333 -1.036017 1.795196 0.400000 191.000000
31.000000 0.916667 0.083333 -1.355940 1.795196 0.400000 191.000000
31.000000 0.944444 0.083643 -1.322993 1.795196 0.400000 191.000000
31.000000 0.972222 0.082418 -1.374764 1.795196 0.400000 191.000000
31.000000 1.000000 0.097826 -1.404999 1.795196 0.400000 191.000000
31.000000 1.027778 0.323450 -1.391683 1.795196 0.400000 191.000000
31.000000 1.055556 0.500000 -0.661714 5.385587 0.400000 191.000000
31.000000 1.083333 0.500000 0.368685 5.385587 0.400000 191.000000
31.000000 1.111111 0.500000 1.110364 5.385587 0.400000 191.000000
31.000000 1.138889 0.500000 1.732404 5.385587 0.400000 191.000000
31.000000 1.166667 0.500000 2.285591 5.385587 0.400000 191.000000
31.000000 1.194444 0.500000 2.793049 5.385587 0.400000 191.000000
31.000000 1.222222 0.500000 3.264257 5.385587 0.400000 191.000000
31.000000 1.250000 0.500000 3.710256 5.385587 0.400000 191.000000
31.000000 1.277778 0.500000 4.133069 5.385587 0.400000 191.000000
31.000000 1.305556 0.500000 4.541657 5.385587 0.400000 191.000000
31.000000 1.333333 0.500000 4.930997 5.385587 0.400000 191.000000
31.000000 1.361111 0.500000 5.308923 5.385587 0.400000 191.000000
31.000000 1.388889 0.500000 5.678485 5.385587 0.400000 191.000000
31.000000 1.416667 0.500000 6.037827 5.385587 0.400000 191.000000
31.000000 1.444444 0.500000 6.385231 5.385587 0.400000 191.000000
31.000000 1.472222 0.500000 6.728203 5.385587 0.400000 191.000000
31.000000 1.500000 0.500000 7.066956 5.385587 0.400000 191.000000
