27.500000 0.000000 0.093750 -1.253012 1.795196 0.400000 191.000000
27.500000 0.027778 0.093168 -1.246924 1.795196 0.400000 191.000000
27.500000 0.055556 0.093168 -1.240292 1.795196 0.400000 191.000000
27.500000 0.083333 0.093168 -1.233191 1.795196 0.400000 191.000000
27.500000 0.111111 0.093168 -1.225677 1.795196 0.400000 191.000000
27.500000 0.138889 0.093168 -1.217811 1.795196 0.400000 191.000000
27.500000 0.166667 0.093168 -1.209646 1.795196 0.400000 191.000000
27.500000 0.194444 0.093168 -1.201267 1.795196 0.400000 191.000000
27.500000 0.222222 0.093168 -1.192716 1.795196 0.400000 191.000000
27.500000 0.250000 0.093168 -1.184095 1.795196 0.400000 191.000000
27.500000 0.277778 0.093168 -1.211401 1.795196 0.400000 191.000000
27.500000 0.305556 0.093168 -1.202005 1.795196 0.400000 191.000000
27.500000 0.333333 0.093168 -1.192224 1.795196 0.400000 191.000000
27.500000 0.361111 0.093168 -1.181241 1.795196 0.400000 191.000000
27.500000 0.388889 0.092593 -1.202928 1.795196 0.400000 191.000000
27.500000 0.416667 0.093750 -1.397899 1.795196 0.400000 191.000000
27.500000 0.444444 0.499321 1.616936 4.487990 0.400000 191.000000
27.500000 0.472222 0.500000 1.966668 4.487990 0.400000 191.000000
27.500000 0.500000 0.500000 2.263922 4.487990 0.400000 191.000000
27.500000 0.527778 0.500000 2.538275 4.487990 0.400000 191.000000
27.500000 0.555556 0.500000 2.803293 4.487990 0.400000 191.000000
27.500000 0.583333 0.500000 3.064515 4.487990 0.400000 191.000000
27.500000 0.611111 0.500000 3.322242 4.487990 0.400000 191.000000
27.500000 0.638889 0.503120 3.578603 4.487990 0.400000 191.000000
27.500000 0.666667 0.500000 3.835989 4.487990 0.400000 191.000000
27.500000 0.694444 0.503630 4.090190 4.487990 0.400000 191.000000
27.500000 0.722222 0.500000 4.346505 4.487990 0.400000 191.000000
27.500000 0.750000 0.503049 4.600908 4.487990 0.400000 191.000000
27.500000 0.777778 0.500000 4.854768 4.487990 0.400000 191.000000
27.500000 0.805556 0.504640 5.104522 4.487990 0.400000 191.000000
27.500000 0.833333 0.504808 5.359375 4.487990 0.400000 191.000000
27.500000 0.861111 0.503876 5.610790 4.487990 0.400000 191.000000
27.500000 0.888889 0.500000 5.864207 4.487990 0.400000 191.000000
27.500000 0.916667 0.500000 6.114683 4.487990 0.400000 191.000000
27.500000 0.944444 0.500000 6.368589 4.487990 0.400000 191.000000
27.500000 0.972222 0.500000 6.620844 4.487990 0.400000 191.000000
27.500000 1.000000 0.500000 6.868738 4.487990 0.400000 191.000000
27.500000 1.027778 0.506757 7.107948 4.487990 0.400000 191.000000
27.500000 1.055556 0.500000 7.363470 4.487990 0.400000 191.000000
27.500000 1.083333 0.507117 7.604589 4.487990 0.400000 191.000000
27.500000 1.111111 0.500000 7.867629 4.487990 0.400000 191.000000
27.500000 1.138889 0.500000 8.120484 4.487990 0.400000 191.000000
27.500000 1.166667 0.505952 8.359779 4.487990 0.400000 191.000000
27.500000 1.194444 0.508475 8.603483 4.487990 0.400000 191.000000
27.500000 1.222222 0.508475 8.848062 4.487990 0.400000 191.000000
27.500000 1.250000 0.509050 9.088196 4.487990 0.400000 191.000000
27.500000 1.277778 0.506757 9.336950 4.487990 0.400000 191.000000
27.500000 1.305556 0.500000 9.587942 4.487990 0.400000 191.000000
27.500000 1.333333 0.500000 9.837221 4.487990 0.400000 191.000000
27.500000 1.361111 0.500000 10.095224 4.487990 0.400000 191.000000
27.500000 1.388889 0.510471 10.316024 4.487990 0.400000 191.000000
27.500000 1.416667 0.502577 10.565161 4.487990 0.400000 191.000000
27.500000 1.444444 0.500000 10.835710 4.487990 0.400000 191.000000
27.500000 1.472222 0.514286 11.061351 4.487990 0.400000 191.000000
27.500000 1.500000 0.500000 11.323174 4.487990 0.400000 191.000000
