22.000000 0.000000 0.117188 -1.297292 1.795196 0.400000 191.000000
22.000000 0.027778 0.117188 -1.294261 1.795196 0.400000 191.000000
22.000000 0.055556 0.117188 -1.289488 1.795196 0.400000 191.000000
22.000000 0.083333 0.118110 -1.289784 1.795196 0.400000 191.000000
22.000000 0.111111 0.118110 -1.287613 1.795196 0.400000 191.000000
22.000000 0.138889 0.118110 -1.289166 1.795196 0.400000 191.000000
22.000000 0.166667 0.118110 -1.284728 1.795196 0.400000 191.000000
22.000000 0.194444 0.118110 -1.279150 1.795196 0.400000 191.000000
22.000000 0.222222 0.118110 -1.282545 1.795196 0.400000 191.000000
22.000000 0.250000 0.118110 -1.319960 1.795196 0.400000 191.000000
22.000000 0.277778 0.118110 -1.319249 1.795196 0.400000 191.000000
22.000000 0.305556 0.119048 -1.318934 1.795196 0.400000 191.000000
22.000000 0.333333 0.119048 -1.313911 1.795196 0.400000 191.000000
22.000000 0.361111 0.119048 -1.314874 1.795196 0.400000 191.000000
22.000000 0.388889 0.119048 -1.313422 1.795196 0.400000 191.000000
22.000000 0.416667 0.119048 -1.308750 1.795196 0.400000 191.000000
22.000000 0.444444 0.117188 -1.472394 1.795196 0.400000 191.000000
22.000000 0.472222 0.117801 -1.494268 1.795196 0.400000 191.000000
22.000000 0.500000 0.117801 -1.493290 1.795196 0.400000 191.000000
22.000000 0.527778 0.118421 -1.493874 1.795196 0.400000 191.000000
22.000000 0.555556 0.118421 -1.493963 1.795196 0.400000 191.000000
22.000000 0.583333 0.118421 -1.496389 1.795196 0.400000 191.000000
22.000000 0.611111 0.118421 -1.495403 1.795196 0.400000 191.000000
22.000000 0.638889 0.118421 -1.497010 1.795196 0.400000 191.000000
22.000000 0.666667 0.118421 -1.495268 1.795196 0.400000 191.000000
22.000000 0.694444 0.157895 -1.492623 1.795196 0.400000 191.000000
22.000000 0.722222 0.157895 -1.509432 1.795196 0.400000 191.000000
22.000000 0.750000 0.157895 -1.513125 1.795196 0.400000 191.000000
22.000000 0.777778 0.157895 -1.506514 1.795196 0.400000 191.000000
22.000000 0.805556 0.157068 -1.517638 1.795196 0.400000 191.000000
22.000000 0.833333 0.157068 -1.512369 1.795196 0.400000 191.000000
22.000000 0.861111 0.156250 -1.506766 1.795196 0.400000 191.000000
22.000000 0.888889 0.156250 -1.515308 1.795196 0.400000 191.000000
22.000000 0.916667 0.156250 -1.514607 1.795196 0.400000 191.000000
22.000000 0.944444 0.156250 -1.517217 1.795196 0.400000 191.000000
22.000000 0.972222 0.156250 -1.520210 1.795196 0.400000 191.000000
22.000000 1.000000 0.156250 -1.519713 1.795196 0.400000 191.000000
22.000000 1.027778 0.155440 -1.518765 1.795196 0.400000 191.000000
22.000000 1.055556 0.155440 -1.518903 1.795196 0.400000 191.000000
22.000000 1.083333 0.165929 -1.516649 1.795196 0.400000 191.000000
22.000000 1.111111 0.165929 -1.521982 1.795196 0.400000 191.000000
22.000000 1.138889 0.165198 -1.520132 1.795196 0.400000 191.000000
22.000000 1.166667 0.164474 -1.549036 1.795196 0.400000 191.000000
22.000000 1.194444 0.257511 -1.520968 1.795196 0.400000 191.000000
22.000000 1.222222 0.287234 -1.549034 1.795196 0.400000 191.000000
22.000000 1.250000 0.319149 -1.550967 1.795196 0.400000 191.000000
22.000000 1.277778 0.319149 -1.548154 1.795196 0.400000 191.000000
22.000000 1.305556 0.298673 -1.224622 1.795196 0.400000 191.000000
22.000000 1.333333 0.298673 -1.227480 1.795196 0.400000 191.000000
22.000000 1.361111 0.365044 -1.235911 1.795196 0.400000 191.000000
22.000000 1.388889 0.365044 -1.237433 1.795196 0.400000 191.000000
22.000000 1.416667 0.354331 -1.241158 1.795196 0.400000 191.000000
22.000000 1.444444 0.383858 -1.248390 1.795196 0.400000 191.000000
22.000000 1.472222 0.413386 -1.273980 1.795196 0.400000 191.000000
22.000000 1.500000 0.501969 -1.275619 1.795196 0.400000 191.000000
