22.500000 0.000000 0.114504 -1.316179 1.795196 0.400000 191.000000
22.500000 0.027778 0.114504 -1.312259 1.795196 0.400000 191.000000
22.500000 0.055556 0.114504 -1.303918 1.795196 0.400000 191.000000
22.500000 0.083333 0.113636 -1.295415 1.795196 0.400000 191.000000
22.500000 0.111111 0.113636 -1.290330 1.795196 0.400000 191.000000
22.500000 0.138889 0.113636 -1.284265 1.795196 0.400000 191.000000
22.500000 0.166667 0.113636 -1.270517 1.795196 0.400000 191.000000
22.500000 0.194444 0.113636 -1.265747 1.795196 0.400000 191.000000
22.500000 0.222222 0.113636 -1.253661 1.795196 0.400000 191.000000
22.500000 0.250000 0.113636 -1.250187 1.795196 0.400000 191.000000
22.500000 0.277778 0.113636 -1.285393 1.795196 0.400000 191.000000
22.500000 0.305556 0.114796 -1.425505 1.795196 0.400000 191.000000
22.500000 0.333333 0.114796 -1.423859 1.795196 0.400000 191.000000
22.500000 0.361111 0.114796 -1.421345 1.795196 0.400000 191.000000
22.500000 0.388889 0.114796 -1.411512 1.795196 0.400000 191.000000
22.500000 0.416667 0.114796 -1.407328 1.795196 0.400000 191.000000
22.500000 0.444444 0.114796 -1.406202 1.795196 0.400000 191.000000
22.500000 0.472222 0.114796 -1.423914 1.795196 0.400000 191.000000
22.500000 0.500000 0.112500 -1.082691 1.795196 0.400000 191.000000
22.500000 0.527778 0.112500 -1.092628 1.795196 0.400000 191.000000
22.500000 0.555556 0.111940 -1.087834 1.795196 0.400000 191.000000
22.500000 0.583333 0.111940 -1.080060 1.795196 0.400000 191.000000
22.500000 0.611111 0.111940 -1.095763 1.795196 0.400000 191.000000
22.500000 0.638889 0.148515 -1.090785 1.795196 0.400000 191.000000
22.500000 0.666667 0.148515 -1.100996 1.795196 0.400000 191.000000
22.500000 0.694444 0.185644 -1.098589 1.795196 0.400000 191.000000
22.500000 0.722222 0.185644 -1.095235 1.795196 0.400000 191.000000
22.500000 0.750000 0.191489 -1.091286 1.795196 0.400000 191.000000
22.500000 0.777778 0.191489 -1.084940 1.795196 0.400000 191.000000
22.500000 0.805556 0.223404 -1.088203 1.795196 0.400000 191.000000
22.500000 0.833333 0.222458 -1.096656 1.795196 0.400000 191.000000
22.500000 0.861111 0.222458 -1.094947 1.795196 0.400000 191.000000
22.500000 0.888889 0.286017 -1.093856 1.795196 0.400000 191.000000
22.500000 0.916667 0.286017 -1.088068 1.795196 0.400000 191.000000
22.500000 0.944444 0.286017 -1.094276 1.795196 0.400000 191.000000
22.500000 0.972222 0.284810 -1.125594 1.795196 0.400000 191.000000
22.500000 1.000000 0.284810 -1.127841 1.795196 0.400000 191.000000
22.500000 1.027778 0.316456 -1.126010 1.795196 0.400000 191.000000
22.500000 1.055556 0.379747 -1.129301 1.795196 0.400000 191.000000
22.500000 1.083333 0.379747 -1.132515 1.795196 0.400000 191.000000
22.500000 1.111111 0.411392 -1.132308 1.795196 0.400000 191.000000
22.500000 1.138889 0.443038 -1.135094 1.795196 0.400000 191.000000
22.500000 1.166667 0.474684 -1.132949 1.795196 0.400000 191.000000
22.500000 1.194444 0.500000 -1.136724 1.795196 0.400000 191.000000
22.500000 1.222222 0.527778 -1.143109 1.795196 0.400000 191.000000
22.500000 1.250000 0.583333 -1.147379 1.795196 0.400000 191.000000
22.500000 1.277778 0.700000 -1.309925 1.795196 0.400000 191.000000
22.500000 1.305556 0.725000 -1.310726 1.795196 0.400000 191.000000
22.500000 1.333333 0.822259 -1.312988 1.795196 0.400000 191.000000
22.500000 1.361111 0.822259 -1.311719 1.795196 0.400000 191.000000
22.500000 1.388889 0.894040 -1.311732 1.795196 0.400000 191.000000
22.500000 1.416667 0.894040 -1.314552 1.795196 0.400000 191.000000
22.500000 1.444444 0.993377 -1.324282 1.795196 0.400000 191.000000
22.500000 1.472222 1.018212 -1.328621 1.795196 0.400000 191.000000
22.500000 1.500000 1.018212 -1.329104 1.795196 0.400000 191.000000
