28.000000 0.000000 0.091463 -1.227391 1.795196 0.400000 191.000000
28.000000 0.027778 0.092025 -1.221497 1.795196 0.400000 191.000000
28.000000 0.055556 0.092593 -1.215147 1.795196 0.400000 191.000000
28.000000 0.083333 0.092593 -1.208360 1.795196 0.400000 191.000000
28.000000 0.111111 0.092593 -1.201173 1.795196 0.400000 191.000000
28.000000 0.138889 0.092593 -1.193664 1.795196 0.400000 191.000000
28.000000 0.166667 0.092593 -1.185887 1.795196 0.400000 191.000000
28.000000 0.194444 0.092593 -1.177891 1.795196 0.400000 191.000000
28.000000 0.222222 0.092593 -1.169775 1.795196 0.400000 191.000000
28.000000 0.250000 0.092593 -1.161581 1.795196 0.400000 191.000000
28.000000 0.277778 0.092593 -1.153354 1.795196 0.400000 191.000000
28.000000 0.305556 0.092593 -1.145170 1.795196 0.400000 191.000000
28.000000 0.333333 0.092593 -1.173297 1.795196 0.400000 191.000000
28.000000 0.361111 0.092593 -1.165103 1.795196 0.400000 191.000000
28.000000 0.388889 0.092593 -1.157236 1.795196 0.400000 191.000000
28.000000 0.416667 0.092025 -1.149791 1.795196 0.400000 191.000000
28.000000 0.444444 0.092025 -1.142718 1.795196 0.400000 191.000000
28.000000 0.472222 0.092025 -1.135296 1.795196 0.400000 191.000000
28.000000 0.500000 0.092593 -1.124785 1.795196 0.400000 191.000000
28.000000 0.527778 0.091093 -1.365879 1.795196 0.400000 191.000000
28.000000 0.555556 0.500000 1.895304 4.487990 0.400000 191.000000
28.000000 0.583333 0.500000 2.279074 4.487990 0.400000 191.000000
28.000000 0.611111 0.500000 2.602003 4.487990 0.400000 191.000000
28.000000 0.638889 0.500000 2.902208 4.487990 0.400000 191.000000
28.000000 0.666667 0.500000 3.193020 4.487990 0.400000 191.000000
28.000000 0.694444 0.502915 3.475453 4.487990 0.400000 191.000000
28.000000 0.722222 0.500000 3.757586 4.487990 0.400000 191.000000
28.000000 0.750000 0.503442 4.033199 4.487990 0.400000 191.000000
28.000000 0.777778 0.500000 4.307422 4.487990 0.400000 191.000000
28.000000 0.805556 0.500000 4.581532 4.487990 0.400000 191.000000
28.000000 0.833333 0.500000 4.851377 4.487990 0.400000 191.000000
28.000000 0.861111 0.500000 5.118463 4.487990 0.400000 191.000000
28.000000 0.888889 0.500000 5.387439 4.487990 0.400000 191.000000
28.000000 0.916667 0.500000 5.650820 4.487990 0.400000 191.000000
28.000000 0.944444 0.500000 5.915452 4.487990 0.400000 191.000000
28.000000 0.972222 0.500000 6.176434 4.487990 0.400000 191.000000
28.000000 1.000000 0.505865 6.437740 4.487990 0.400000 191.000000
28.000000 1.027778 0.506135 6.698309 4.487990 0.400000 191.000000
28.000000 1.055556 0.506431 6.953314 4.487990 0.400000 191.000000
28.000000 1.083333 0.500000 7.212494 4.487990 0.400000 191.000000
28.000000 1.111111 0.508475 7.463266 4.487990 0.400000 191.000000
28.000000 1.138889 0.500000 7.725440 4.487990 0.400000 191.000000
28.000000 1.166667 0.507519 7.982430 4.487990 0.400000 191.000000
28.000000 1.194444 0.511364 8.232654 4.487990 0.400000 191.000000
28.000000 1.222222 0.500000 8.503004 4.487990 0.400000 191.000000
28.000000 1.250000 0.500000 8.754451 4.487990 0.400000 191.000000
28.000000 1.277778 0.500000 9.002770 4.487990 0.400000 191.000000
28.000000 1.305556 0.500000 9.250754 4.487990 0.400000 191.000000
28.000000 1.333333 0.500000 9.496046 4.487990 0.400000 191.000000
28.000000 1.361111 0.500000 9.758117 4.487990 0.400000 191.000000
28.000000 1.388889 0.514706 9.989268 4.487990 0.400000 191.000000
28.000000 1.416667 0.512195 10.233609 4.487990 0.400000 191.000000
28.000000 1.444444 0.510471 10.494809 4.487990 0.400000 191.000000
28.000000 1.472222 0.500000 10.753808 4.487990 0.400000 191.000000
28.000000 1.500000 0.515873 10.982865 4.487990 0.400000 191.000000
