27.000000 0.000000 0.095541 -1.279210 1.795196 0.400000 191.000000
27.000000 0.027778 0.095541 -1.278989 1.795196 0.400000 191.000000
27.000000 0.055556 0.095541 -1.278752 1.795196 0.400000 191.000000
27.000000 0.083333 0.095541 -1.278479 1.795196 0.400000 191.000000
27.000000 0.111111 0.095541 -1.278143 1.795196 0.400000 191.000000
27.000000 0.138889 0.095541 -1.277711 1.795196 0.400000 191.000000
27.000000 0.166667 0.095541 -1.277144 1.795196 0.400000 191.000000
27.000000 0.194444 0.095541 -1.276354 1.795196 0.400000 191.000000
27.000000 0.222222 0.095541 -1.275167 1.795196 0.400000 191.000000
27.000000 0.250000 0.095541 -1.273195 1.795196 0.400000 191.000000
27.000000 0.277778 0.095541 -1.269678 1.795196 0.400000 191.000000
27.000000 0.305556 0.096154 -1.301471 1.795196 0.400000 191.000000
27.000000 0.333333 0.095745 -1.478167 1.795196 0.400000 191.000000
27.000000 0.361111 0.095745 -1.466256 1.795196 0.400000 191.000000
27.000000 0.388889 0.500000 1.382967 4.487990 0.400000 191.000000
27.000000 0.416667 0.500000 1.705013 4.487990 0.400000 191.000000
27.000000 0.444444 0.500000 1.989332 4.487990 0.400000 191.000000
27.000000 0.472222 0.500000 2.254780 4.487990 0.400000 191.000000
27.000000 0.500000 0.500000 2.511825 4.487990 0.400000 191.000000
27.000000 0.527778 0.500000 2.765369 4.487990 0.400000 191.000000
27.000000 0.555556 0.500000 3.017700 4.487990 0.400000 191.000000
27.000000 0.583333 0.500000 3.268502 4.487990 0.400000 191.000000
27.000000 0.611111 0.504000 3.517647 4.487990 0.400000 191.000000
27.000000 0.638889 0.504310 3.767761 4.487990 0.400000 191.000000
27.000000 0.666667 0.500000 4.020827 4.487990 0.400000 191.000000
27.000000 0.694444 0.503953 4.268088 4.487990 0.400000 191.000000
27.000000 0.722222 0.505263 4.518626 4.487990 0.400000 191.000000
27.000000 0.750000 0.500000 4.769351 4.487990 0.400000 191.000000
27.000000 0.777778 0.504640 5.017264 4.487990 0.400000 191.000000
27.000000 0.805556 0.504988 5.268052 4.487990 0.400000 191.000000
27.000000 0.833333 0.500000 5.517659 4.487990 0.400000 191.000000
27.000000 0.861111 0.506757 5.762296 4.487990 0.400000 191.000000
27.000000 0.888889 0.500000 6.016664 4.487990 0.400000 191.000000
27.000000 0.916667 0.500000 6.268710 4.487990 0.400000 191.000000
27.000000 0.944444 0.500000 6.517824 4.487990 0.400000 191.000000
27.000000 0.972222 0.508065 6.757858 4.487990 0.400000 191.000000
27.000000 1.000000 0.500000 7.005641 4.487990 0.400000 191.000000
27.000000 1.027778 0.508929 7.247329 4.487990 0.400000 191.000000
27.000000 1.055556 0.500000 7.501097 4.487990 0.400000 191.000000
27.000000 1.083333 0.507519 7.746716 4.487990 0.400000 191.000000
27.000000 1.111111 0.510000 7.996271 4.487990 0.400000 191.000000
27.000000 1.138889 0.500000 8.261133 4.487990 0.400000 191.000000
27.000000 1.166667 0.500000 8.500631 4.487990 0.400000 191.000000
27.000000 1.194444 0.500000 8.743311 4.487990 0.400000 191.000000
27.000000 1.222222 0.500000 8.987701 4.487990 0.400000 191.000000
27.000000 1.250000 0.513699 9.217241 4.487990 0.400000 191.000000
27.000000 1.277778 0.512195 9.461257 4.487990 0.400000 191.000000
27.000000 1.305556 0.509709 9.707456 4.487990 0.400000 191.000000
27.000000 1.333333 0.500000 9.962969 4.487990 0.400000 191.000000
27.000000 1.361111 0.500000 10.212319 4.487990 0.400000 191.000000
27.000000 1.388889 0.513158 10.439021 4.487990 0.400000 191.000000
27.000000 1.416667 0.508475 10.701378 4.487990 0.400000 191.000000
27.000000 1.444444 0.500000 10.958184 4.487990 0.400000 191.000000
27.000000 1.472222 0.514286 11.178104 4.487990 0.400000 191.000000
27.000000 1.500000 0.500000 11.449624 4.487990 0.400000 191.000000
