29.500000 0.000000 0.084270 -1.855427 1.795196 0.400000 191.000000
29.500000 0.027778 0.084270 -1.851705 1.795196 0.400000 191.000000
29.500000 0.055556 0.084270 -1.848004 1.795196 0.400000 191.000000
29.500000 0.083333 0.084270 -1.844360 1.795196 0.400000 191.000000
29.500000 0.111111 0.084270 -1.840750 1.795196 0.400000 191.000000
29.500000 0.138889 0.084270 -1.872930 1.795196 0.400000 191.000000
29.500000 0.166667 0.084270 -1.869444 1.795196 0.400000 191.000000
29.500000 0.194444 0.084270 -1.866046 1.795196 0.400000 191.000000
29.500000 0.222222 0.084270 -1.862725 1.795196 0.400000 191.000000
29.500000 0.250000 0.126404 -1.859509 1.795196 0.400000 191.000000
29.500000 0.277778 0.127119 -1.856409 1.795196 0.400000 191.000000
29.500000 0.305556 0.127119 -1.853433 1.795196 0.400000 191.000000
29.500000 0.333333 0.127119 -1.850631 1.795196 0.400000 191.000000
29.500000 0.361111 0.127119 -1.847971 1.795196 0.400000 191.000000
29.500000 0.388889 0.127119 -1.845522 1.795196 0.400000 191.000000
29.500000 0.416667 0.127119 -1.843287 1.795196 0.400000 191.000000
29.500000 0.444444 0.127119 -1.841292 1.795196 0.400000 191.000000
29.500000 0.472222 0.127119 -1.839544 1.795196 0.400000 191.000000
29.500000 0.500000 0.127119 -1.838100 1.795196 0.400000 191.000000
29.500000 0.527778 0.127841 -1.836982 1.795196 0.400000 191.000000
29.500000 0.555556 0.127841 -1.836213 1.795196 0.400000 191.000000
29.500000 0.583333 0.127841 -1.835831 1.795196 0.400000 191.000000
29.500000 0.611111 0.127841 -1.835870 1.795196 0.400000 191.000000
29.500000 0.638889 0.128571 -1.836345 1.795196 0.400000 191.000000
29.500000 0.666667 0.129310 -1.837262 1.795196 0.400000 191.000000
29.500000 0.694444 0.129310 -1.838598 1.795196 0.400000 191.000000
29.500000 0.722222 0.129310 -1.840288 1.795196 0.400000 191.000000
29.500000 0.750000 0.130058 -1.842216 1.795196 0.400000 191.000000
29.500000 0.777778 0.130058 -1.844216 1.795196 0.400000 191.000000
29.500000 0.805556 0.130058 -1.846113 1.795196 0.400000 191.000000
29.500000 0.833333 0.130058 -1.847820 1.795196 0.400000 191.000000
29.500000 0.861111 0.130058 -1.849541 1.795196 0.400000 191.000000
29.500000 0.888889 0.130058 -1.851859 1.795196 0.400000 191.000000
29.500000 0.916667 0.130058 -1.855221 1.795196 0.400000 191.000000
29.500000 0.944444 0.130814 -1.857084 1.795196 0.400000 191.000000
29.500000 0.972222 0.130814 -1.887010 1.795196 0.400000 191.000000
29.500000 1.000000 0.500000 2.346411 4.487990 0.400000 191.000000
29.500000 1.027778 0.500000 2.859502 4.487990 0.400000 191.000000
29.500000 1.055556 0.500000 3.308461 4.487990 0.400000 191.000000
29.500000 1.083333 0.502232 3.726278 4.487990 0.400000 191.000000
29.500000 1.111111 0.500000 4.125951 4.487990 0.400000 191.000000
29.500000 1.138889 0.502717 4.503729 4.487990 0.400000 191.000000
29.500000 1.166667 0.503953 4.872454 4.487990 0.400000 191.000000
29.500000 1.194444 0.504338 5.229817 4.487990 0.400000 191.000000
29.500000 1.222222 0.500000 5.583263 4.487990 0.400000 191.000000
29.500000 1.250000 0.504988 5.916462 4.487990 0.400000 191.000000
29.500000 1.277778 0.506494 6.247449 4.487990 0.400000 191.000000
29.500000 1.305556 0.507042 6.580207 4.487990 0.400000 191.000000
29.500000 1.333333 0.500000 6.900897 4.487990 0.400000 191.000000
29.500000 1.361111 0.506135 7.209255 4.487990 0.400000 191.000000
29.500000 1.388889 0.506431 7.516527 4.487990 0.400000 191.000000
29.500000 1.416667 0.500000 7.829862 4.487990 0.400000 191.000000
29.500000 1.444444 0.510753 8.132548 4.487990 0.400000 191.000000
29.500000 1.472222 0.505618 8.438456 4.487990 0.400000 191.000000
29.500000 1.500000 0.507519 8.724953 4.487990 0.400000 191.000000
