19.500000 0.000000 0.132353 -1.483774 1.795196 0.400000 191.000000
19.500000 0.027778 0.132353 -1.149871 1.795196 0.400000 191.000000
19.500000 0.055556 0.132353 -1.149886 1.795196 0.400000 191.000000
19.500000 0.083333 0.133136 -1.142344 1.795196 0.400000 191.000000
19.500000 0.111111 0.133929 -1.148283 1.795196 0.400000 191.000000
19.500000 0.138889 0.134731 -1.165678 1.795196 0.400000 191.000000
19.500000 0.166667 0.134731 -1.155683 1.795196 0.400000 191.000000
19.500000 0.194444 0.150000 -1.165346 1.795196 0.400000 191.000000
19.500000 0.222222 0.165929 -1.256212 1.795196 0.400000 191.000000
19.500000 0.250000 0.165929 -1.268618 1.795196 0.400000 191.000000
19.500000 0.277778 0.203488 -1.268714 1.795196 0.400000 191.000000
19.500000 0.305556 0.261628 -1.256925 1.795196 0.400000 191.000000
19.500000 0.333333 0.348837 -1.076514 1.795196 0.400000 191.000000
19.500000 0.361111 0.452128 -1.072881 1.795196 0.400000 191.000000
19.500000 0.388889 0.503534 -1.068400 1.795196 0.400000 191.000000
19.500000 0.416667 0.565068 -1.153347 1.795196 0.400000 191.000000
19.500000 0.444444 0.609541 -1.062962 1.795196 0.400000 191.000000
19.500000 0.472222 0.683962 -1.151664 1.795196 0.400000 191.000000
19.500000 0.500000 0.731132 -1.145965 1.795196 0.400000 191.000000
19.500000 0.527778 0.752351 -1.142440 1.795196 0.400000 191.000000
19.500000 0.555556 0.822884 -1.132020 1.795196 0.400000 191.000000
19.500000 0.583333 0.850291 -1.033799 1.795196 0.400000 191.000000
19.500000 0.611111 0.847826 -1.039832 1.795196 0.400000 191.000000
19.500000 0.638889 0.869565 -1.036282 1.795196 0.400000 191.000000
19.500000 0.666667 0.869565 -1.030022 1.795196 0.400000 191.000000
19.500000 0.694444 0.869565 -1.025218 1.795196 0.400000 191.000000
19.500000 0.722222 0.869565 -1.019205 1.795196 0.400000 191.000000
19.500000 0.750000 0.871622 -1.065481 1.795196 0.400000 191.000000
19.500000 0.777778 0.869565 -1.018969 1.795196 0.400000 191.000000
19.500000 0.805556 0.867052 -1.018081 1.795196 0.400000 191.000000
19.500000 0.833333 0.867052 -1.009898 1.795196 0.400000 191.000000
19.500000 0.861111 0.869272 -1.040442 1.795196 0.400000 191.000000
19.500000 0.888889 0.867052 -1.006061 1.795196 0.400000 191.000000
19.500000 0.916667 0.870712 -1.047033 1.795196 0.400000 191.000000
19.500000 0.944444 0.870712 -1.046435 1.795196 0.400000 191.000000
19.500000 0.972222 0.868421 -1.045533 1.795196 0.400000 191.000000
19.500000 1.000000 0.868421 -1.043415 1.795196 0.400000 191.000000
19.500000 1.027778 0.869018 -0.978353 1.795196 0.400000 191.000000
19.500000 1.055556 0.866093 -0.994605 1.795196 0.400000 191.000000
19.500000 1.083333 0.868227 -1.015944 1.795196 0.400000 191.000000
19.500000 1.111111 0.866834 -0.980991 1.795196 0.400000 191.000000
19.500000 1.138889 0.866834 -0.982931 1.795196 0.400000 191.000000
19.500000 1.166667 0.866834 -0.984860 1.795196 0.400000 191.000000
19.500000 1.194444 0.869018 -0.983644 1.795196 0.400000 191.000000
19.500000 1.222222 0.869018 -0.988309 1.795196 0.400000 191.000000
19.500000 1.250000 0.866834 -0.999086 1.795196 0.400000 191.000000
19.500000 1.277778 0.866834 -0.999890 1.795196 0.400000 191.000000
19.500000 1.305556 0.866834 -1.007922 1.795196 0.400000 191.000000
19.500000 1.333333 0.866745 -1.034018 1.795196 0.400000 191.000000
19.500000 1.361111 0.866745 -1.038202 1.795196 0.400000 191.000000
19.500000 1.388889 0.866051 -1.040379 1.795196 0.400000 191.000000
19.500000 1.416667 0.866745 -1.040289 1.795196 0.400000 191.000000
19.500000 1.444444 0.866834 -1.048288 1.795196 0.400000 191.000000
19.500000 1.472222 0.868794 -1.057136 1.795196 0.400000 191.000000
19.500000 1.500000 0.868794 -1.064833 1.795196 0.400000 191.000000
