30.500000 0.000000 0.081522 -1.882652 1.795196 0.400000 191.000000
30.500000 0.027778 0.081522 -1.880634 1.795196 0.400000 191.000000
30.500000 0.055556 0.081522 -1.878443 1.795196 0.400000 191.000000
30.500000 0.083333 0.081522 -1.876091 1.795196 0.400000 191.000000
30.500000 0.111111 0.081522 -1.873580 1.795196 0.400000 191.000000
30.500000 0.138889 0.081522 -1.870885 1.795196 0.400000 191.000000
30.500000 0.166667 0.081522 -1.868026 1.795196 0.400000 191.000000
30.500000 0.194444 0.081522 -1.865001 1.795196 0.400000 191.000000
30.500000 0.222222 0.081522 -1.861803 1.795196 0.400000 191.000000
30.500000 0.250000 0.081522 -1.858477 1.795196 0.400000 191.000000
30.500000 0.277778 0.081522 -1.855009 1.795196 0.400000 191.000000
30.500000 0.305556 0.081522 -1.851392 1.795196 0.400000 191.000000
30.500000 0.333333 0.081522 -1.847667 1.795196 0.400000 191.000000
30.500000 0.361111 0.081522 -1.843846 1.795196 0.400000 191.000000
30.500000 0.388889 0.081522 -1.839945 1.795196 0.400000 191.000000
30.500000 0.416667 0.081967 -1.835970 1.795196 0.400000 191.000000
30.500000 0.444444 0.081967 -1.831972 1.795196 0.400000 191.000000
30.500000 0.472222 0.082418 -1.827974 1.795196 0.400000 191.000000
30.500000 0.500000 0.082418 -1.823958 1.795196 0.400000 191.000000
30.500000 0.527778 0.082418 -1.819995 1.795196 0.400000 191.000000
30.500000 0.555556 0.082418 -1.816064 1.795196 0.400000 191.000000
30.500000 0.583333 0.082873 -1.812218 1.795196 0.400000 191.000000
30.500000 0.611111 0.083333 -1.808479 1.795196 0.400000 191.000000
30.500000 0.638889 0.125000 -1.804806 1.795196 0.400000 191.000000
30.500000 0.666667 0.085227 -1.801330 1.795196 0.400000 191.000000
30.500000 0.694444 0.085714 -1.798053 1.795196 0.400000 191.000000
30.500000 0.722222 0.085714 -1.795111 1.795196 0.400000 191.000000
30.500000 0.750000 0.085714 -1.838672 1.795196 0.400000 191.000000
30.500000 0.777778 0.129310 -1.836469 1.795196 0.400000 191.000000
30.500000 0.805556 0.129310 -1.835236 1.795196 0.400000 191.000000
30.500000 0.833333 0.125698 -1.190670 1.795196 0.400000 191.000000
30.500000 0.861111 0.125698 -1.189852 1.795196 0.400000 191.000000
30.500000 0.888889 0.125000 -1.189289 1.795196 0.400000 191.000000
30.500000 0.916667 0.125000 -1.189816 1.795196 0.400000 191.000000
30.500000 0.944444 0.125000 -1.222638 1.795196 0.400000 191.000000
30.500000 0.972222 0.166667 -1.784069 1.795196 0.400000 191.000000
30.500000 1.000000 0.166667 -1.758519 1.795196 0.400000 191.000000
30.500000 1.027778 0.125000 -1.219775 1.795196 0.400000 191.000000
30.500000 1.055556 0.125698 -1.191191 1.795196 0.400000 191.000000
30.500000 1.083333 0.125698 -1.137798 1.795196 0.400000 191.000000
30.500000 1.111111 0.167598 -1.120663 1.795196 0.400000 191.000000
30.500000 1.138889 0.126404 -1.191057 1.795196 0.400000 191.000000
30.500000 1.166667 0.136364 -1.471499 1.795196 0.400000 191.000000
30.500000 1.194444 0.301095 -1.770933 1.795196 0.400000 191.000000
30.500000 1.222222 0.500000 -0.924849 5.385587 0.400000 191.000000
30.500000 1.250000 0.500000 0.342838 5.385587 0.400000 191.000000
30.500000 1.277778 0.500000 1.193174 5.385587 0.400000 191.000000
30.500000 1.305556 0.500000 1.888549 5.385587 0.400000 191.000000
30.500000 1.333333 0.500000 2.499199 5.385587 0.400000 191.000000
30.500000 1.361111 0.500000 3.048817 5.385587 0.400000 191.000000
30.500000 1.388889 0.500000 3.557941 5.385587 0.400000 191.000000
30.500000 1.416667 0.500000 4.033323 5.385587 0.400000 191.000000
30.500000 1.444444 0.500000 4.485640 5.385587 0.400000 191.000000
30.500000 1.472222 0.500000 4.916414 5.385587 0.400000 191.000000
30.500000 1.500000 0.500000 5.333393 5.385587 0.400000 191.000000
