32.500000 0.000000 0.079365 -1.237104 1.795196 0.400000 191.000000
32.500000 0.027778 0.079365 -1.233949 1.795196 0.400000 191.000000
32.500000 0.055556 0.079365 -1.230618 1.795196 0.400000 191.000000
32.500000 0.083333 0.078947 -1.227158 1.795196 0.400000 191.000000
32.500000 0.111111 0.078947 -1.223642 1.795196 0.400000 191.000000
32.500000 0.138889 0.078947 -1.220159 1.795196 0.400000 191.000000
32.500000 0.166667 0.078947 -1.216854 1.795196 0.400000 191.000000
32.500000 0.194444 0.078947 -1.213919 1.795196 0.400000 191.000000
32.500000 0.222222 0.078947 -1.244788 1.795196 0.400000 191.000000
32.500000 0.250000 0.078947 -1.242850 1.795196 0.400000 191.000000
32.500000 0.277778 0.078947 -1.242528 1.795196 0.400000 191.000000
32.500000 0.305556 0.078947 -1.244594 1.795196 0.400000 191.000000
32.500000 0.333333 0.079365 -1.283842 1.795196 0.400000 191.000000
32.500000 0.361111 0.078947 -1.292872 1.795196 0.400000 191.000000
32.500000 0.388889 0.079365 -1.306227 1.795196 0.400000 191.000000
32.500000 0.416667 0.079505 -1.480992 1.795196 0.400000 191.000000
32.500000 0.444444 0.079505 -1.519619 1.795196 0.400000 191.000000
32.500000 0.472222 0.079787 -1.525204 1.795196 0.400000 191.000000
32.500000 0.500000 0.078671 -1.191927 1.795196 0.400000 191.000000
32.500000 0.527778 0.170455 -1.284942 1.795196 0.400000 191.000000
32.500000 0.555556 0.499276 -0.708884 1.795196 0.400000 191.000000
32.500000 0.583333 0.500000 -0.066589 5.385587 0.400000 191.000000
32.500000 0.611111 0.500000 0.470868 5.385587 0.400000 191.000000
32.500000 0.638889 0.500000 0.918642 5.385587 0.400000 191.000000
32.500000 0.666667 0.500000 1.316428 5.385587 0.400000 191.000000
32.500000 0.694444 0.500000 1.685191 5.385587 0.400000 191.000000
32.500000 0.722222 0.500000 2.035041 5.385587 0.400000 191.000000
32.500000 0.750000 0.500000 2.371184 5.385587 0.400000 191.000000
32.500000 0.777778 0.500000 2.696742 5.385587 0.400000 191.000000
32.500000 0.805556 0.500000 3.015577 5.385587 0.400000 191.000000
32.500000 0.833333 0.500000 3.324504 5.385587 0.400000 191.000000
32.500000 0.861111 0.500000 3.627193 5.385587 0.400000 191.000000
32.500000 0.888889 0.500000 3.923797 5.385587 0.400000 191.000000
32.500000 0.916667 0.500000 4.216168 5.385587 0.400000 191.000000
32.500000 0.944444 0.500000 4.504694 5.385587 0.400000 191.000000
32.500000 0.972222 0.500000 4.792199 5.385587 0.400000 191.000000
32.500000 1.000000 0.500000 5.075008 5.385587 0.400000 191.000000
32.500000 1.027778 0.500000 5.354248 5.385587 0.400000 191.000000
32.500000 1.055556 0.500000 5.625975 5.385587 0.400000 191.000000
32.500000 1.083333 0.507353 5.897816 5.385587 0.400000 191.000000
32.500000 1.111111 0.500000 6.180439 5.385587 0.400000 191.000000
32.500000 1.138889 0.508065 6.440747 5.385587 0.400000 191.000000
32.500000 1.166667 0.500000 6.711962 5.385587 0.400000 191.000000
32.500000 1.194444 0.500000 6.983104 5.385587 0.400000 191.000000
32.500000 1.222222 0.507117 7.248178 5.385587 0.400000 191.000000
32.500000 1.250000 0.500000 7.509713 5.385587 0.400000 191.000000
32.500000 1.277778 0.500000 7.770293 5.385587 0.400000 191.000000
32.500000 1.305556 0.500000 8.031582 5.385587 0.400000 191.000000
32.500000 1.333333 0.506329 8.289743 5.385587 0.400000 191.000000
32.500000 1.361111 0.508475 8.547016 5.385587 0.400000 191.000000
32.500000 1.388889 0.509050 8.801858 5.385587 0.400000 191.000000
32.500000 1.416667 0.500000 9.066231 5.385587 0.400000 191.000000
32.500000 1.444444 0.500000 9.330387 5.385587 0.400000 191.000000
32.500000 1.472222 0.500000 9.584531 5.385587 0.400000 191.000000
32.500000 1.500000 0.500000 9.846944 5.385587 0.400000 191.000000
