20.500000 0.000000 0.125000 -1.296223 1.795196 0.400000 191.000000
20.500000 0.027778 0.125000 -1.287212 1.795196 0.400000 191.000000
20.500000 0.055556 0.125000 -1.279070 1.795196 0.400000 191.000000
20.500000 0.083333 0.125000 -1.269199 1.795196 0.400000 191.000000
20.500000 0.111111 0.125000 -1.263610 1.795196 0.400000 191.000000
20.500000 0.138889 0.125000 -1.248413 1.795196 0.400000 191.000000
20.500000 0.166667 0.125000 -1.244645 1.795196 0.400000 191.000000
20.500000 0.194444 0.125000 -1.233287 1.795196 0.400000 191.000000
20.500000 0.222222 0.125000 -1.225970 1.795196 0.400000 191.000000
20.500000 0.250000 0.125000 -1.219112 1.795196 0.400000 191.000000
20.500000 0.277778 0.125000 -1.210416 1.795196 0.400000 191.000000
20.500000 0.305556 0.126050 -1.249761 1.795196 0.400000 191.000000
20.500000 0.333333 0.126050 -1.243255 1.795196 0.400000 191.000000
20.500000 0.361111 0.126050 -1.236535 1.795196 0.400000 191.000000
20.500000 0.388889 0.126050 -1.231710 1.795196 0.400000 191.000000
20.500000 0.416667 0.126404 -1.358904 1.795196 0.400000 191.000000
20.500000 0.444444 0.127119 -1.369392 1.795196 0.400000 191.000000
20.500000 0.472222 0.126404 -1.368980 1.795196 0.400000 191.000000
20.500000 0.500000 0.127119 -1.360682 1.795196 0.400000 191.000000
20.500000 0.527778 0.127119 -1.353107 1.795196 0.400000 191.000000
20.500000 0.555556 0.127119 -1.346481 1.795196 0.400000 191.000000
20.500000 0.583333 0.127119 -1.344216 1.795196 0.400000 191.000000
20.500000 0.611111 0.127119 -1.338442 1.795196 0.400000 191.000000
20.500000 0.638889 0.126404 -1.337293 1.795196 0.400000 191.000000
20.500000 0.666667 0.127119 -1.340041 1.795196 0.400000 191.000000
20.500000 0.694444 0.126404 -1.328535 1.795196 0.400000 191.000000
20.500000 0.722222 0.126404 -1.321557 1.795196 0.400000 191.000000
20.500000 0.750000 0.126404 -1.334166 1.795196 0.400000 191.000000
20.500000 0.777778 0.126404 -1.330815 1.795196 0.400000 191.000000
20.500000 0.805556 0.126404 -1.329464 1.795196 0.400000 191.000000
20.500000 0.833333 0.125698 -1.327411 1.795196 0.400000 191.000000
20.500000 0.861111 0.125698 -1.324387 1.795196 0.400000 191.000000
20.500000 0.888889 0.125698 -1.328686 1.795196 0.400000 191.000000
20.500000 0.916667 0.125698 -1.331237 1.795196 0.400000 191.000000
20.500000 0.944444 0.125698 -1.331249 1.795196 0.400000 191.000000
20.500000 0.972222 0.125698 -1.322908 1.795196 0.400000 191.000000
20.500000 1.000000 0.168539 -1.343316 1.795196 0.400000 191.000000
20.500000 1.027778 0.167598 -1.348230 1.795196 0.400000 191.000000
20.500000 1.055556 0.168539 -1.339108 1.795196 0.400000 191.000000
20.500000 1.083333 0.167598 -1.347060 1.795196 0.400000 191.000000
20.500000 1.111111 0.166667 -1.361019 1.795196 0.400000 191.000000
20.500000 1.138889 0.208333 -1.375462 1.795196 0.400000 191.000000
20.500000 1.166667 0.208333 -1.387557 1.795196 0.400000 191.000000
20.500000 1.194444 0.208333 -1.406233 1.795196 0.400000 191.000000
20.500000 1.222222 0.231959 -1.213853 1.795196 0.400000 191.000000
20.500000 1.250000 0.270619 -1.228179 1.795196 0.400000 191.000000
20.500000 1.277778 0.270619 -1.270265 1.795196 0.400000 191.000000
20.500000 1.305556 0.347938 -1.275859 1.795196 0.400000 191.000000
20.500000 1.333333 0.386598 -1.294082 1.795196 0.400000 191.000000
20.500000 1.361111 0.425258 -1.314424 1.795196 0.400000 191.000000
20.500000 1.388889 0.413386 -1.401392 1.795196 0.400000 191.000000
20.500000 1.416667 0.470588 -1.369508 1.795196 0.400000 191.000000
20.500000 1.444444 0.525830 -1.328413 1.795196 0.400000 191.000000
20.500000 1.472222 0.575000 -1.124606 1.795196 0.400000 191.000000
20.500000 1.500000 0.775000 -1.056001 1.795196 0.400000 191.000000
