21.500000 0.000000 0.120000 -1.281581 1.795196 0.400000 191.000000
21.500000 0.027778 0.119048 -1.276743 1.795196 0.400000 191.000000
21.500000 0.055556 0.119048 -1.279763 1.795196 0.400000 191.000000
21.500000 0.083333 0.119048 -1.276511 1.795196 0.400000 191.000000
21.500000 0.111111 0.119048 -1.272010 1.795196 0.400000 191.000000
21.500000 0.138889 0.119048 -1.271077 1.795196 0.400000 191.000000
21.500000 0.166667 0.118110 -1.267722 1.795196 0.400000 191.000000
21.500000 0.194444 0.118110 -1.266130 1.795196 0.400000 191.000000
21.500000 0.222222 0.118110 -1.266857 1.795196 0.400000 191.000000
21.500000 0.250000 0.117188 -1.261579 1.795196 0.400000 191.000000
21.500000 0.277778 0.117188 -1.257602 1.795196 0.400000 191.000000
21.500000 0.305556 0.117188 -1.256081 1.795196 0.400000 191.000000
21.500000 0.333333 0.117188 -1.257301 1.795196 0.400000 191.000000
21.500000 0.361111 0.117188 -1.257243 1.795196 0.400000 191.000000
21.500000 0.388889 0.117188 -1.254140 1.795196 0.400000 191.000000
21.500000 0.416667 0.116279 -1.255885 1.795196 0.400000 191.000000
21.500000 0.444444 0.116279 -1.248965 1.795196 0.400000 191.000000
21.500000 0.472222 0.116279 -1.289080 1.795196 0.400000 191.000000
21.500000 0.500000 0.116279 -1.250352 1.795196 0.400000 191.000000
21.500000 0.527778 0.116279 -1.247019 1.795196 0.400000 191.000000
21.500000 0.555556 0.116279 -1.289581 1.795196 0.400000 191.000000
21.500000 0.583333 0.116279 -1.283403 1.795196 0.400000 191.000000
21.500000 0.611111 0.116279 -1.288246 1.795196 0.400000 191.000000
21.500000 0.638889 0.117188 -1.279184 1.795196 0.400000 191.000000
21.500000 0.666667 0.117801 -1.380650 1.795196 0.400000 191.000000
21.500000 0.694444 0.117801 -1.377005 1.795196 0.400000 191.000000
21.500000 0.722222 0.117801 -1.378587 1.795196 0.400000 191.000000
21.500000 0.750000 0.117801 -1.374480 1.795196 0.400000 191.000000
21.500000 0.777778 0.117801 -1.369550 1.795196 0.400000 191.000000
21.500000 0.805556 0.117188 -1.372258 1.795196 0.400000 191.000000
21.500000 0.833333 0.117188 -1.370289 1.795196 0.400000 191.000000
21.500000 0.861111 0.117188 -1.362201 1.795196 0.400000 191.000000
21.500000 0.888889 0.117188 -1.382592 1.795196 0.400000 191.000000
21.500000 0.916667 0.116580 -1.383282 1.795196 0.400000 191.000000
21.500000 0.944444 0.155440 -1.379898 1.795196 0.400000 191.000000
21.500000 0.972222 0.155440 -1.380866 1.795196 0.400000 191.000000
21.500000 1.000000 0.155440 -1.362666 1.795196 0.400000 191.000000
21.500000 1.027778 0.155440 -1.363779 1.795196 0.400000 191.000000
21.500000 1.055556 0.155440 -1.357341 1.795196 0.400000 191.000000
21.500000 1.083333 0.116580 -1.364285 1.795196 0.400000 191.000000
21.500000 1.111111 0.116580 -1.366212 1.795196 0.400000 191.000000
21.500000 1.138889 0.116580 -1.369605 1.795196 0.400000 191.000000
21.500000 1.166667 0.116580 -1.371412 1.795196 0.400000 191.000000
21.500000 1.194444 0.155440 -1.377533 1.795196 0.400000 191.000000
21.500000 1.222222 0.155440 -1.381792 1.795196 0.400000 191.000000
21.500000 1.250000 0.155440 -1.384656 1.795196 0.400000 191.000000
21.500000 1.277778 0.155440 -1.389639 1.795196 0.400000 191.000000
21.500000 1.305556 0.155440 -1.401588 1.795196 0.400000 191.000000
21.500000 1.333333 0.186335 -1.297954 1.795196 0.400000 191.000000
21.500000 1.361111 0.155440 -1.407659 1.795196 0.400000 191.000000
21.500000 1.388889 0.155440 -1.411011 1.795196 0.400000 191.000000
21.500000 1.416667 0.155440 -1.414152 1.795196 0.400000 191.000000
21.500000 1.444444 0.155440 -1.418071 1.795196 0.400000 191.000000
21.500000 1.472222 0.154639 -1.429022 1.795196 0.400000 191.000000
21.500000 1.500000 0.153061 -1.111130 1.795196 0.400000 191.000000
