10.000000 0.000000 0.849057 -0.280271 1.570796 0.400000 574.000000
10.000000 0.038735 0.914634 -0.179910 1.570796 0.400000 574.000000
10.000000 0.077469 0.798817 0.060592 1.570796 0.400000 574.000000
10.000000 0.116204 0.992647 -0.609763 1.570796 0.400000 574.000000
10.000000 0.154939 0.962838 -0.454571 1.570796 0.400000 574.000000
10.000000 0.193673 0.986842 -0.133164 1.570796 0.400000 574.000000
10.000000 0.232408 0.944056 -0.487655 1.570796 0.400000 574.000000
10.000000 0.271143 1.190476 -0.578258 1.570796 0.400000 574.000000
10.000000 0.309877 1.071429 -0.060052 1.570796 0.400000 574.000000
10.000000 0.348612 1.181102 -0.282817 1.570796 0.400000 574.000000
10.000000 0.387346 0.896739 0.132739 1.570796 0.400000 574.000000
10.000000 0.426081 0.974026 -0.490793 1.570796 0.400000 574.000000
10.000000 0.464816 1.000000 -0.502779 1.570796 0.400000 574.000000
10.000000 0.503550 0.964286 -0.021493 1.570796 0.400000 574.000000
10.000000 0.542285 1.009615 -0.125411 1.570796 0.400000 574.000000
10.000000 0.581020 1.000000 -0.622408 1.570796 0.400000 574.000000
10.000000 0.619754 0.922131 -1.012980 1.570796 0.400000 574.000000
10.000000 0.658489 0.797872 -0.458204 1.570796 0.400000 574.000000
10.000000 0.697224 1.003937 -0.640056 1.570796 0.400000 574.000000
10.000000 0.735958 0.851064 -0.528976 1.570796 0.400000 574.000000
10.000000 0.774693 0.885827 -0.219765 1.570796 0.400000 574.000000
10.000000 0.813428 0.914634 -0.819181 1.570796 0.400000 574.000000
10.000000 0.852162 0.768072 -0.273519 1.570796 0.400000 574.000000
10.000000 0.890897 0.755396 -0.279404 1.570796 0.400000 574.000000
10.000000 0.929631 0.602190 -0.692446 1.570796 0.400000 574.000000
10.000000 0.968366 0.652174 -0.039545 1.570796 0.400000 574.000000
10.000000 1.007101 0.576923 -0.446095 1.570796 0.400000 574.000000
10.000000 1.045835 0.558511 -0.357945 1.570796 0.400000 574.000000
10.000000 1.084570 1.128049 0.112644 1.570796 0.400000 574.000000
10.000000 1.123305 0.566038 -0.557043 1.570796 0.400000 574.000000
10.000000 1.162039 0.506135 -0.405345 1.570796 0.400000 574.000000
10.000000 1.200774 0.508475 -0.102222 1.570796 0.400000 574.000000
10.000000 1.239509 0.579897 -0.083154 1.570796 0.400000 574.000000
10.000000 1.278243 0.509259 -1.305616 1.570796 0.400000 574.000000
10.000000 1.316978 0.500000 -0.256277 1.570796 0.400000 574.000000
10.000000 1.355713 0.500000 0.588866 1.570796 0.400000 574.000000
10.000000 1.394447 0.500000 1.184984 1.570796 0.400000 574.000000
10.000000 1.433182 0.505319 1.663957 1.570796 0.400000 574.000000
10.000000 1.471917 0.508475 2.078839 1.570796 0.400000 574.000000
10.000000 1.510651 0.507812 2.459005 1.570796 0.400000 574.000000
10.000000 1.549386 0.511364 2.798567 1.570796 0.400000 574.000000
10.000000 1.588120 0.500000 3.151669 1.570796 0.400000 574.000000
10.000000 1.626855 0.500000 3.465493 1.570796 0.400000 574.000000
10.000000 1.665590 0.515267 3.716730 1.570796 0.400000 574.000000
10.000000 1.704324 0.521739 4.006862 1.570796 0.400000 574.000000
10.000000 1.743059 0.521739 4.255547 1.570796 0.400000 574.000000
10.000000 1.781794 0.525000 4.535157 1.570796 0.400000 574.000000
10.000000 1.820528 0.519802 4.766834 1.570796 0.400000 574.000000
10.000000 1.859263 0.517241 5.048396 1.570796 0.400000 574.000000
10.000000 1.897998 0.535714 5.259799 1.570796 0.400000 574.000000
10.000000 1.936732 0.523256 5.464035 1.570796 0.400000 574.000000
10.000000 1.975467 0.535714 5.687607 1.570796 0.400000 574.000000
10.000000 2.014202 0.528169 5.920236 1.570796 0.400000 574.000000
