17.750000 0.000000 0.516393 -0.239217 1.570796 0.400000 574.000000
17.750000 0.122038 0.615142 -0.291399 1.570796 0.400000 574.000000
17.750000 0.244077 0.670530 -0.660346 1.570796 0.400000 574.000000
17.750000 0.366115 0.600000 -0.361049 1.570796 0.400000 574.000000
17.750000 0.488153 0.583039 -0.463590 1.570796 0.400000 574.000000
17.750000 0.610192 0.500000 0.416288 3.141593 0.400000 574.000000
17.750000 0.732230 0.500000 2.654051 3.141593 0.400000 574.000000
17.750000 0.854268 0.500000 4.247097 3.141593 0.400000 574.000000
17.750000 0.976307 0.513158 5.640446 3.141593 0.400000 574.000000
17.750000 1.098345 0.500000 6.929463 3.141593 0.400000 574.000000
17.750000 1.220383 0.520833 8.139608 3.141593 0.400000 574.000000
17.750000 1.342422 0.500000 9.338922 3.141593 0.400000 574.000000
17.750000 1.464460 0.535714 10.453423 3.141593 0.400000 574.000000
17.750000 1.586498 0.529412 11.566040 3.141593 0.400000 574.000000
17.750000 1.708537 0.500000 12.642864 3.141593 0.400000 574.000000
17.750000 1.830575 0.500000 13.771524 3.141593 0.400000 574.000000
17.750000 1.952613 0.500000 14.707801 3.141593 0.400000 574.000000
17.750000 2.074652 0.566038 15.685980 3.141593 0.400000 574.000000
17.750000 2.196690 0.548780 16.685002 3.141593 0.400000 574.000000
17.750000 2.318729 0.500000 17.771790 3.141593 0.400000 574.000000
17.750000 2.440767 0.562500 18.453594 3.141593 0.400000 574.000000
17.750000 2.562805 0.608108 19.441225 3.141593 0.400000 574.000000
17.750000 2.684844 0.535714 20.837736 3.141593 0.400000 574.000000
17.750000 2.806882 0.600000 21.276831 3.141593 0.400000 574.000000
17.750000 2.928920 0.608108 22.266575 3.141593 0.400000 574.000000
17.750000 3.050959 0.500000 23.213769 3.141593 0.400000 574.000000
17.750000 3.172997 0.555556 23.709316 3.141593 0.400000 574.000000
17.750000 3.295035 0.600000 24.068385 3.141593 0.400000 574.000000
17.750000 3.417074 0.625000 24.650728 3.141593 0.400000 574.000000
17.750000 3.539112 0.681818 25.932059 3.141593 0.400000 574.000000
17.750000 3.661150 1.000000 28.585035 3.141593 0.400000 574.000000
17.750000 3.783189 1.000000 29.113310 3.141593 0.400000 574.000000
17.750000 3.905227 1.000000 29.416984 3.141593 0.400000 574.000000
17.750000 4.027265 1.000000 29.337229 3.141593 0.400000 574.000000
17.750000 4.149304 1.000000 29.384871 3.141593 0.400000 574.000000
17.750000 4.271342 1.000000 29.790022 3.141593 0.400000 574.000000
17.750000 4.393380 1.000000 30.408036 3.141593 0.400000 574.000000
17.750000 4.515419 1.000000 31.020307 3.141593 0.400000 574.000000
17.750000 4.637457 0.681818 31.643625 3.141593 0.400000 574.000000
17.750000 4.759495 1.000000 32.959403 3.141593 0.400000 574.000000
17.750000 4.881534 1.000000 33.422036 3.141593 0.400000 574.000000
17.750000 5.003572 1.000000 33.003011 3.141593 0.400000 574.000000
17.750000 5.125610 1.000000 33.099365 3.141593 0.400000 574.000000
17.750000 5.247649 1.000000 32.938095 3.141593 0.400000 574.000000
17.750000 5.369687 1.000000 33.396584 3.141593 0.400000 574.000000
17.750000 5.491725 1.000000 33.829034 3.141593 0.400000 574.000000
17.750000 5.613764 1.000000 31.928545 3.141593 0.400000 574.000000
17.750000 5.735802 1.000000 32.263076 3.141593 0.400000 574.000000
17.750000 5.857840 1.000000 32.563223 3.141593 0.400000 574.000000
17.750000 5.979879 1.000000 32.831602 3.141593 0.400000 574.000000
17.750000 6.101917 1.000000 33.228731 3.141593 0.400000 574.000000
17.750000 6.223956 1.000000 33.457131 3.141593 0.400000 574.000000
17.750000 6.345994 1.000000 33.654023 3.141593 0.400000 574.000000
