13.000000 0.000000 0.773196 -0.185063 1.570796 0.400000 574.000000
13.000000 0.065462 0.882353 -0.352568 1.570796 0.400000 574.000000
13.000000 0.130923 0.980392 -0.690231 1.570796 0.400000 574.000000
13.000000 0.196385 0.824607 -0.389417 1.570796 0.400000 574.000000
13.000000 0.261846 0.816062 -0.667337 1.570796 0.400000 574.000000
13.000000 0.327308 0.696721 -0.465760 1.570796 0.400000 574.000000
13.000000 0.392769 0.734536 -0.314545 1.570796 0.400000 574.000000
13.000000 0.458231 0.868902 -0.292542 1.570796 0.400000 574.000000
13.000000 0.523692 0.824176 -0.416946 1.570796 0.400000 574.000000
13.000000 0.589154 0.779703 -0.404916 1.570796 0.400000 574.000000
13.000000 0.654616 0.781250 -0.498905 1.570796 0.400000 574.000000
13.000000 0.720077 0.818966 -0.752042 1.570796 0.400000 574.000000
13.000000 0.785539 0.838235 -0.333379 1.570796 0.400000 574.000000
13.000000 0.851000 0.728571 -0.286512 1.570796 0.400000 574.000000
13.000000 0.916462 0.689189 -0.339655 1.570796 0.400000 574.000000
13.000000 0.981923 0.754190 -0.424030 1.570796 0.400000 574.000000
13.000000 1.047385 0.542986 -0.390044 1.570796 0.400000 574.000000
13.000000 1.112846 0.652174 -0.447558 1.570796 0.400000 574.000000
13.000000 1.178308 0.678392 -0.384217 1.570796 0.400000 574.000000
13.000000 1.243769 0.653846 -0.171441 1.570796 0.400000 574.000000
13.000000 1.309231 0.633333 -0.153030 1.570796 0.400000 574.000000
13.000000 1.374693 0.606383 -0.348060 1.570796 0.400000 574.000000
13.000000 1.440154 0.718391 -0.193957 1.570796 0.400000 574.000000
13.000000 1.505616 0.650943 -0.162876 1.570796 0.400000 574.000000
13.000000 1.571077 0.679245 -0.249026 1.570796 0.400000 574.000000
13.000000 1.636539 0.761719 -0.201511 3.141593 0.400000 574.000000
13.000000 1.702000 0.677711 -0.136474 3.141593 0.400000 574.000000
13.000000 1.767462 0.706371 -0.041689 3.141593 0.400000 574.000000
13.000000 1.832923 0.684211 -0.248490 3.141593 0.400000 574.000000
13.000000 1.898385 0.702341 -0.304175 3.141593 0.400000 574.000000
13.000000 1.963847 0.786026 -0.491868 3.141593 0.400000 574.000000
13.000000 2.029308 0.766667 -0.370980 3.141593 0.400000 574.000000
13.000000 2.094770 0.675000 -0.528891 3.141593 0.400000 574.000000
13.000000 2.160231 0.724432 -0.633999 1.570796 0.400000 574.000000
13.000000 2.225693 0.518433 -0.224020 1.570796 0.400000 574.000000
13.000000 2.291154 0.842697 -0.568188 1.570796 0.400000 574.000000
13.000000 2.356616 0.614754 -0.453611 1.570796 0.400000 574.000000
13.000000 2.422077 0.644531 -0.307640 1.570796 0.400000 574.000000
13.000000 2.487539 1.000000 0.342633 4.712389 0.400000 574.000000
13.000000 2.553000 1.000000 2.678637 4.712389 0.400000 574.000000
13.000000 2.618462 0.500000 4.160070 3.141593 0.400000 574.000000
13.000000 2.683924 0.557851 4.818764 3.141593 0.400000 574.000000
13.000000 2.749385 0.741758 5.460965 3.141593 0.400000 574.000000
13.000000 2.814847 1.000000 6.317159 4.712389 0.400000 574.000000
13.000000 2.880308 1.000000 7.401096 4.712389 0.400000 574.000000
13.000000 2.945770 1.000000 8.242015 4.712389 0.400000 574.000000
13.000000 3.011231 1.000000 9.402450 4.712389 0.400000 574.000000
13.000000 3.076693 1.000000 10.157258 4.712389 0.400000 574.000000
13.000000 3.142154 1.000000 10.832494 4.712389 0.400000 574.000000
13.000000 3.207616 1.000000 11.484123 4.712389 0.400000 574.000000
13.000000 3.273078 1.071429 12.516391 4.712389 0.400000 574.000000
13.000000 3.338539 1.000000 13.635652 4.712389 0.400000 574.000000
13.000000 3.404001 1.000000 14.062978 4.712389 0.400000 574.000000
