18.500000 0.000000 0.590551 -0.812973 1.570796 0.400000 574.000000
18.500000 0.132569 0.659722 -0.803030 1.570796 0.400000 574.000000
18.500000 0.265139 0.507968 -0.779611 3.141593 0.400000 574.000000
18.500000 0.397708 0.500000 0.611217 3.141593 0.400000 574.000000
18.500000 0.530277 0.500000 2.352725 3.141593 0.400000 574.000000
18.500000 0.662847 0.500000 3.770016 3.141593 0.400000 574.000000
18.500000 0.795416 0.500000 5.084180 3.141593 0.400000 574.000000
18.500000 0.927985 0.500000 6.344307 3.141593 0.400000 574.000000
18.500000 1.060555 0.518868 7.560530 3.141593 0.400000 574.000000
18.500000 1.193124 0.500000 8.783675 3.141593 0.400000 574.000000
18.500000 1.325693 0.500000 9.974432 3.141593 0.400000 574.000000
18.500000 1.458263 0.500000 11.142140 3.141593 0.400000 574.000000
18.500000 1.590832 0.529412 12.191800 3.141593 0.400000 574.000000
18.500000 1.723401 0.500000 13.419212 3.141593 0.400000 574.000000
18.500000 1.855971 0.500000 14.556577 3.141593 0.400000 574.000000
18.500000 1.988540 0.559701 15.555646 3.141593 0.400000 574.000000
18.500000 2.121109 0.545455 16.491956 3.141593 0.400000 574.000000
18.500000 2.253679 0.500000 17.799203 3.141593 0.400000 574.000000
18.500000 2.386248 0.592105 18.647725 3.141593 0.400000 574.000000
18.500000 2.518817 0.500000 19.598231 3.141593 0.400000 574.000000
18.500000 2.651386 0.576923 20.313106 3.141593 0.400000 574.000000
18.500000 2.783956 0.500000 22.080659 3.141593 0.400000 574.000000
18.500000 2.916525 0.555556 22.886731 3.141593 0.400000 574.000000
18.500000 3.049094 0.600000 23.434535 3.141593 0.400000 574.000000
18.500000 3.181664 0.608108 24.448790 3.141593 0.400000 574.000000
18.500000 3.314233 0.500000 25.452517 3.141593 0.400000 574.000000
18.500000 3.446802 0.555556 25.879109 3.141593 0.400000 574.000000
18.500000 3.579372 0.600000 26.213447 3.141593 0.400000 574.000000
18.500000 3.711941 0.625000 26.783041 3.141593 0.400000 574.000000
18.500000 3.844510 0.652174 27.946916 3.141593 0.400000 574.000000
18.500000 3.977080 1.000000 30.942742 3.141593 0.400000 574.000000
18.500000 4.109649 1.000000 31.893234 3.141593 0.400000 574.000000
18.500000 4.242218 1.000000 31.886541 3.141593 0.400000 574.000000
18.500000 4.374788 1.000000 31.684509 3.141593 0.400000 574.000000
18.500000 4.507357 1.000000 32.435785 3.141593 0.400000 574.000000
18.500000 4.639926 1.000000 32.442843 3.141593 0.400000 574.000000
18.500000 4.772496 1.000000 32.598237 3.141593 0.400000 574.000000
18.500000 4.905065 1.000000 33.298458 3.141593 0.400000 574.000000
18.500000 5.037634 1.000000 33.975130 3.141593 0.400000 574.000000
18.500000 5.170204 0.681818 34.629230 3.141593 0.400000 574.000000
18.500000 5.302773 1.000000 36.238894 3.141593 0.400000 574.000000
18.500000 5.435342 1.000000 36.838133 3.141593 0.400000 574.000000
18.500000 5.567912 1.000000 37.526558 3.141593 0.400000 574.000000
18.500000 5.700481 1.000000 36.508062 3.141593 0.400000 574.000000
18.500000 5.833050 1.000000 36.318414 3.141593 0.400000 574.000000
18.500000 5.965620 1.000000 36.854351 3.141593 0.400000 574.000000
18.500000 6.098189 1.000000 37.358399 3.141593 0.400000 574.000000
18.500000 6.230758 1.000000 35.296351 3.141593 0.400000 574.000000
18.500000 6.363328 1.000000 35.680823 3.141593 0.400000 574.000000
18.500000 6.495897 1.000000 36.024464 3.141593 0.400000 574.000000
18.500000 6.628466 1.000000 36.319788 3.141593 0.400000 574.000000
18.500000 6.761036 1.000000 36.800748 3.141593 0.400000 574.000000
18.500000 6.893605 1.000000 37.062064 3.141593 0.400000 574.000000
