14.750000 0.000000 0.653670 -0.758033 1.570796 0.400000 574.000000
14.750000 0.084272 0.721154 -0.485359 1.570796 0.400000 574.000000
14.750000 0.168544 0.709877 -0.037434 1.570796 0.400000 574.000000
14.750000 0.252816 0.617284 -0.290975 1.570796 0.400000 574.000000
14.750000 0.337088 0.735981 -1.003877 1.570796 0.400000 574.000000
14.750000 0.421360 0.678733 -0.384981 1.570796 0.400000 574.000000
14.750000 0.505632 0.627490 -0.241820 1.570796 0.400000 574.000000
14.750000 0.589904 0.804878 -0.540935 1.570796 0.400000 574.000000
14.750000 0.674177 0.793651 -1.031263 1.570796 0.400000 574.000000
14.750000 0.758449 0.793651 -0.967269 1.570796 0.400000 574.000000
14.750000 0.842721 0.652174 -0.389018 1.570796 0.400000 574.000000
14.750000 0.926993 0.625000 -0.204900 1.570796 0.400000 574.000000
14.750000 1.011265 0.765306 -0.241623 1.570796 0.400000 574.000000
14.750000 1.095537 0.614224 -0.382088 1.570796 0.400000 574.000000
14.750000 1.179809 0.864055 -0.459715 1.570796 0.400000 574.000000
14.750000 1.264081 0.726872 -0.858717 1.570796 0.400000 574.000000
14.750000 1.348353 0.846154 -0.858045 1.570796 0.400000 574.000000
14.750000 1.432625 0.998377 -0.361620 4.712389 0.400000 574.000000
14.750000 1.516897 1.000000 0.473573 4.712389 0.400000 574.000000
14.750000 1.601169 1.000000 1.524607 4.712389 0.400000 574.000000
14.750000 1.685441 0.500000 2.329976 3.141593 0.400000 574.000000
14.750000 1.769713 0.535714 3.957034 3.141593 0.400000 574.000000
14.750000 1.853985 0.677711 4.733165 3.141593 0.400000 574.000000
14.750000 1.938257 0.772059 5.486542 3.141593 0.400000 574.000000
14.750000 2.022530 0.636792 6.980205 3.141593 0.400000 574.000000
14.750000 2.106802 0.576923 8.336545 3.141593 0.400000 574.000000
14.750000 2.191074 0.493421 9.379526 3.141593 0.400000 574.000000
14.750000 2.275346 0.491803 10.467686 3.141593 0.400000 574.000000
14.750000 2.359618 0.491803 11.363155 3.141593 0.400000 574.000000
14.750000 2.443890 0.545455 12.383403 3.141593 0.400000 574.000000
14.750000 2.528162 0.523256 13.205143 3.141593 0.400000 574.000000
14.750000 2.612434 0.500000 14.029697 3.141593 0.400000 574.000000
14.750000 2.696706 0.523256 14.754637 3.141593 0.400000 574.000000
14.750000 2.780978 0.548780 15.532723 3.141593 0.400000 574.000000
14.750000 2.865250 0.500000 16.719550 3.141593 0.400000 574.000000
14.750000 2.949522 0.535714 17.079092 3.141593 0.400000 574.000000
14.750000 3.033794 0.576923 17.333816 3.141593 0.400000 574.000000
14.750000 3.118066 0.600000 17.985458 3.141593 0.400000 574.000000
14.750000 3.202338 0.500000 18.753712 3.141593 0.400000 574.000000
14.750000 3.286610 0.500000 19.401365 3.141593 0.400000 574.000000
14.750000 3.370883 0.555556 19.525280 3.141593 0.400000 574.000000
14.750000 3.455155 0.576923 20.066378 3.141593 0.400000 574.000000
14.750000 3.539427 0.600000 20.735169 3.141593 0.400000 574.000000
14.750000 3.623699 0.625000 21.105855 3.141593 0.400000 574.000000
14.750000 3.707971 1.000000 24.134630 3.141593 0.400000 574.000000
14.750000 3.792243 1.000000 24.376872 3.141593 0.400000 574.000000
14.750000 3.876515 1.000000 24.909305 3.141593 0.400000 574.000000
14.750000 3.960787 1.000000 23.684203 3.141593 0.400000 574.000000
14.750000 4.045059 1.000000 24.121790 3.141593 0.400000 574.000000
14.750000 4.129331 1.000000 23.284917 3.141593 0.400000 574.000000
14.750000 4.213603 1.000000 23.052311 3.141593 0.400000 574.000000
14.750000 4.297875 1.000000 23.472774 3.141593 0.400000 574.000000
14.750000 4.382147 1.000000 23.920787 3.141593 0.400000 574.000000
