15.750000 0.000000 0.812808 -0.848620 1.570796 0.400000 574.000000
15.750000 0.096086 0.820312 -0.805303 1.570796 0.400000 574.000000
15.750000 0.192172 0.780543 -0.191939 1.570796 0.400000 574.000000
15.750000 0.288258 0.866834 -0.499488 1.570796 0.400000 574.000000
15.750000 0.384345 0.916290 -0.673442 1.570796 0.400000 574.000000
15.750000 0.480431 0.878661 -0.592445 1.570796 0.400000 574.000000
15.750000 0.576517 0.972222 -1.074947 4.712389 0.400000 574.000000
15.750000 0.672603 1.001805 -0.494215 4.712389 0.400000 574.000000
15.750000 0.768689 0.998201 -0.916728 4.712389 0.400000 574.000000
15.750000 0.864775 1.000000 -0.335569 4.712389 0.400000 574.000000
15.750000 0.960861 1.000000 -0.299291 4.712389 0.400000 574.000000
15.750000 1.056947 1.000000 -0.083989 4.712389 0.400000 574.000000
15.750000 1.153034 1.000000 0.275808 4.712389 0.400000 574.000000
15.750000 1.249120 1.000000 0.671234 4.712389 0.400000 574.000000
15.750000 1.345206 0.500000 2.750394 3.141593 0.400000 574.000000
15.750000 1.441292 0.500000 4.714653 3.141593 0.400000 574.000000
15.750000 1.537378 0.500000 6.219018 3.141593 0.400000 574.000000
15.750000 1.633464 0.507519 7.490819 3.141593 0.400000 574.000000
15.750000 1.729550 0.500000 8.630240 3.141593 0.400000 574.000000
15.750000 1.825636 0.514706 9.868122 3.141593 0.400000 574.000000
15.750000 1.921723 0.523256 10.958861 3.141593 0.400000 574.000000
15.750000 2.017809 0.500000 11.917642 3.141593 0.400000 574.000000
15.750000 2.113895 0.500000 12.939881 3.141593 0.400000 574.000000
15.750000 2.209981 0.500000 13.856970 3.141593 0.400000 574.000000
15.750000 2.306067 0.535714 14.704247 3.141593 0.400000 574.000000
15.750000 2.402153 0.500000 15.669846 3.141593 0.400000 574.000000
15.750000 2.498239 0.562500 16.275045 3.141593 0.400000 574.000000
15.750000 2.594326 0.500000 17.097938 3.141593 0.400000 574.000000
15.750000 2.690412 0.548780 17.839330 3.141593 0.400000 574.000000
15.750000 2.786498 0.500000 19.118566 3.141593 0.400000 574.000000
15.750000 2.882584 0.500000 19.765278 3.141593 0.400000 574.000000
15.750000 2.978670 0.555556 19.977737 3.141593 0.400000 574.000000
15.750000 3.074756 0.625000 20.575387 3.141593 0.400000 574.000000
15.750000 3.170842 0.500000 21.562441 3.141593 0.400000 574.000000
15.750000 3.266928 0.500000 21.849500 3.141593 0.400000 574.000000
15.750000 3.363015 0.555556 22.431275 3.141593 0.400000 574.000000
15.750000 3.459101 0.576923 22.640577 3.141593 0.400000 574.000000
15.750000 3.555187 0.600000 23.262636 3.141593 0.400000 574.000000
15.750000 3.651273 0.625000 23.646370 3.141593 0.400000 574.000000
15.750000 3.747359 0.652174 24.717831 3.141593 0.400000 574.000000
15.750000 3.843445 1.000000 27.185520 3.141593 0.400000 574.000000
15.750000 3.939531 1.000000 27.529160 3.141593 0.400000 574.000000
15.750000 4.035617 1.000000 26.756886 3.141593 0.400000 574.000000
15.750000 4.131704 1.000000 26.062461 3.141593 0.400000 574.000000
15.750000 4.227790 1.000000 26.447682 3.141593 0.400000 574.000000
15.750000 4.323876 1.000000 26.116781 3.141593 0.400000 574.000000
15.750000 4.419962 1.000000 26.448314 3.141593 0.400000 574.000000
15.750000 4.516048 1.000000 26.762948 3.141593 0.400000 574.000000
15.750000 4.612134 1.000000 26.649679 3.141593 0.400000 574.000000
15.750000 4.708220 1.000000 26.915026 3.141593 0.400000 574.000000
15.750000 4.804307 1.000000 29.209617 3.141593 0.400000 574.000000
15.750000 4.900393 1.000000 28.425996 3.141593 0.400000 574.000000
15.750000 4.996479 1.000000 28.847166 3.141593 0.400000 574.000000
