17.500000 0.000000 0.642857 -1.092469 1.570796 0.400000 574.000000
17.500000 0.118625 0.579268 -0.813146 1.570796 0.400000 574.000000
17.500000 0.237250 0.616147 -0.166772 1.570796 0.400000 574.000000
17.500000 0.355875 0.568182 -0.690306 1.570796 0.400000 574.000000
17.500000 0.474499 0.501969 -0.867645 1.570796 0.400000 574.000000
17.500000 0.593124 0.574818 -0.667701 1.570796 0.400000 574.000000
17.500000 0.711749 0.500000 0.973881 3.141593 0.400000 574.000000
17.500000 0.830374 0.500000 3.115119 3.141593 0.400000 574.000000
17.500000 0.948999 0.500000 4.701086 3.141593 0.400000 574.000000
17.500000 1.067624 0.514286 6.085256 3.141593 0.400000 574.000000
17.500000 1.186249 0.500000 7.367816 3.141593 0.400000 574.000000
17.500000 1.304873 0.500000 8.569365 3.141593 0.400000 574.000000
17.500000 1.423498 0.500000 9.748525 3.141593 0.400000 574.000000
17.500000 1.542123 0.517241 10.866796 3.141593 0.400000 574.000000
17.500000 1.660748 0.500000 11.980371 3.141593 0.400000 574.000000
17.500000 1.779373 0.528169 12.997819 3.141593 0.400000 574.000000
17.500000 1.897998 0.535714 14.017266 3.141593 0.400000 574.000000
17.500000 2.016622 0.517241 15.064940 3.141593 0.400000 574.000000
17.500000 2.135247 0.500000 16.183906 3.141593 0.400000 574.000000
17.500000 2.253872 0.562500 16.944301 3.141593 0.400000 574.000000
17.500000 2.372497 0.500000 17.849360 3.141593 0.400000 574.000000
17.500000 2.491122 0.562500 18.659731 3.141593 0.400000 574.000000
17.500000 2.609747 0.625000 19.781830 3.141593 0.400000 574.000000
17.500000 2.728372 0.555556 20.869339 3.141593 0.400000 574.000000
17.500000 2.846996 0.625000 21.408712 3.141593 0.400000 574.000000
17.500000 2.965621 0.625000 22.509438 3.141593 0.400000 574.000000
17.500000 3.084246 0.500000 22.946325 3.141593 0.400000 574.000000
17.500000 3.202871 0.576923 23.370087 3.141593 0.400000 574.000000
17.500000 3.321496 0.600000 24.076770 3.141593 0.400000 574.000000
17.500000 3.440121 0.652174 24.960189 3.141593 0.400000 574.000000
17.500000 3.558746 1.000000 27.597978 3.141593 0.400000 574.000000
17.500000 3.677370 1.000000 28.491220 3.141593 0.400000 574.000000
17.500000 3.795995 1.000000 28.460923 3.141593 0.400000 574.000000
17.500000 3.914620 1.000000 28.408189 3.141593 0.400000 574.000000
17.500000 4.033245 1.000000 28.474409 3.141593 0.400000 574.000000
17.500000 4.151870 1.000000 29.135364 3.141593 0.400000 574.000000
17.500000 4.270495 1.000000 29.593382 3.141593 0.400000 574.000000
17.500000 4.389120 1.000000 30.209741 3.141593 0.400000 574.000000
17.500000 4.507744 0.681818 30.864871 3.141593 0.400000 574.000000
17.500000 4.626369 1.000000 32.099022 3.141593 0.400000 574.000000
17.500000 4.744994 1.000000 32.520157 3.141593 0.400000 574.000000
17.500000 4.863619 1.000000 32.046749 3.141593 0.400000 574.000000
17.500000 4.982244 1.000000 32.167344 3.141593 0.400000 574.000000
17.500000 5.100869 1.000000 32.000528 3.141593 0.400000 574.000000
17.500000 5.219494 1.000000 32.419511 3.141593 0.400000 574.000000
17.500000 5.338118 1.000000 30.604826 3.141593 0.400000 574.000000
17.500000 5.456743 1.000000 30.925546 3.141593 0.400000 574.000000
17.500000 5.575368 1.000000 31.204990 3.141593 0.400000 574.000000
17.500000 5.693993 1.000000 31.452908 3.141593 0.400000 574.000000
17.500000 5.812618 1.000000 31.693696 3.141593 0.400000 574.000000
17.500000 5.931243 1.000000 32.112083 3.141593 0.400000 574.000000
17.500000 6.049867 1.000000 32.313106 3.141593 0.400000 574.000000
17.500000 6.168492 1.000000 32.483246 3.141593 0.400000 574.000000
