13.500000 0.000000 0.901899 -0.986884 1.570796 0.400000 574.000000
13.500000 0.070594 0.704225 -0.380625 1.570796 0.400000 574.000000
13.500000 0.141188 0.894886 -0.895060 1.570796 0.400000 574.000000
13.500000 0.211782 0.797872 -0.687665 1.570796 0.400000 574.000000
13.500000 0.282376 0.896739 -0.314313 1.570796 0.400000 574.000000
13.500000 0.352969 0.921053 -1.247408 1.570796 0.400000 574.000000
13.500000 0.423563 0.816832 -0.479421 1.570796 0.400000 574.000000
13.500000 0.494157 0.820896 -0.116772 1.570796 0.400000 574.000000
13.500000 0.564751 0.855978 -0.955727 1.570796 0.400000 574.000000
13.500000 0.635345 0.716080 -0.353299 1.570796 0.400000 574.000000
13.500000 0.705939 0.714286 -0.503768 1.570796 0.400000 574.000000
13.500000 0.776533 0.837989 -0.949285 1.570796 0.400000 574.000000
13.500000 0.847127 0.750000 -0.357511 1.570796 0.400000 574.000000
13.500000 0.917721 0.810811 -0.737610 1.570796 0.400000 574.000000
13.500000 0.988314 0.704225 -0.562465 1.570796 0.400000 574.000000
13.500000 1.058908 0.678879 -0.435567 1.570796 0.400000 574.000000
13.500000 1.129502 0.693833 -0.112197 1.570796 0.400000 574.000000
13.500000 1.200096 0.652174 -0.381663 1.570796 0.400000 574.000000
13.500000 1.270690 0.681818 -0.450184 1.570796 0.400000 574.000000
13.500000 1.341284 0.631188 -0.750593 1.570796 0.400000 574.000000
13.500000 1.411878 0.664062 -0.320441 1.570796 0.400000 574.000000
13.500000 1.482472 0.618557 -0.609861 1.570796 0.400000 574.000000
13.500000 1.553066 0.665025 -0.454642 1.570796 0.400000 574.000000
13.500000 1.623660 0.729730 -1.308880 1.570796 0.400000 574.000000
13.500000 1.694253 0.681818 -0.475419 1.570796 0.400000 574.000000
13.500000 1.764847 0.870166 -0.562714 1.570796 0.400000 574.000000
13.500000 1.835441 0.710900 -0.657139 1.570796 0.400000 574.000000
13.500000 1.906035 0.692935 -0.804502 1.570796 0.400000 574.000000
13.500000 1.976629 0.605381 -0.364185 1.570796 0.400000 574.000000
13.500000 2.047223 0.678571 -0.808479 1.570796 0.400000 574.000000
13.500000 2.117817 0.593023 -0.356141 1.570796 0.400000 574.000000
13.500000 2.188411 1.004274 0.182849 3.141593 0.400000 574.000000
13.500000 2.259005 0.498339 2.872834 3.141593 0.400000 574.000000
13.500000 2.329598 0.500000 4.542060 3.141593 0.400000 574.000000
13.500000 2.400192 0.500000 5.477706 3.141593 0.400000 574.000000
13.500000 2.470786 0.560748 6.125773 3.141593 0.400000 574.000000
13.500000 2.541380 0.570652 6.854845 3.141593 0.400000 574.000000
13.500000 2.611974 0.700000 7.588847 3.141593 0.400000 574.000000
13.500000 2.682568 0.750000 8.485674 3.141593 0.400000 574.000000
13.500000 2.753162 0.750000 9.196634 3.141593 0.400000 574.000000
13.500000 2.823756 0.833333 10.246772 3.141593 0.400000 574.000000
13.500000 2.894350 0.833333 10.894744 3.141593 0.400000 574.000000
13.500000 2.964943 0.833333 11.555662 3.141593 0.400000 574.000000
13.500000 3.035537 0.666667 12.196834 3.141593 0.400000 574.000000
13.500000 3.106131 0.535714 13.119260 3.141593 0.400000 574.000000
13.500000 3.176725 0.483871 14.182907 3.141593 0.400000 574.000000
13.500000 3.247319 0.500000 14.640639 3.141593 0.400000 574.000000
13.500000 3.317913 0.555556 14.690138 3.141593 0.400000 574.000000
13.500000 3.388507 0.576923 15.156100 3.141593 0.400000 574.000000
13.500000 3.459101 0.500000 15.981633 3.141593 0.400000 574.000000
13.500000 3.529695 0.500000 16.412965 3.141593 0.400000 574.000000
13.500000 3.600288 0.500000 16.371119 3.141593 0.400000 574.000000
13.500000 3.670882 0.500000 16.638195 3.141593 0.400000 574.000000
