16.000000 0.000000 0.802139 -0.975066 1.570796 0.400000 574.000000
16.000000 0.099161 0.842246 -1.022929 1.570796 0.400000 574.000000
16.000000 0.198321 0.628079 -0.539373 1.570796 0.400000 574.000000
16.000000 0.297482 0.828947 -0.696364 1.570796 0.400000 574.000000
16.000000 0.396643 0.877660 -0.505117 1.570796 0.400000 574.000000
16.000000 0.495803 0.807692 -0.803516 1.570796 0.400000 574.000000
16.000000 0.594964 0.893782 -0.636797 1.570796 0.400000 574.000000
16.000000 0.694125 0.891089 -1.170567 1.570796 0.400000 574.000000
16.000000 0.793286 0.950226 -1.124075 1.570796 0.400000 574.000000
16.000000 0.892446 0.997854 -0.450344 1.570796 0.400000 574.000000
16.000000 0.991607 1.000000 -0.601849 4.712389 0.400000 574.000000
16.000000 1.090768 0.996835 -0.606418 4.712389 0.400000 574.000000
16.000000 1.189928 0.500000 0.473477 3.141593 0.400000 574.000000
16.000000 1.289089 0.500000 3.359546 3.141593 0.400000 574.000000
16.000000 1.388250 0.500000 5.160566 3.141593 0.400000 574.000000
16.000000 1.487410 0.500000 6.630187 3.141593 0.400000 574.000000
16.000000 1.586571 0.507519 7.925304 3.141593 0.400000 574.000000
16.000000 1.685732 0.500000 9.110256 3.141593 0.400000 574.000000
16.000000 1.784892 0.519802 10.270394 3.141593 0.400000 574.000000
16.000000 1.884053 0.523256 11.328392 3.141593 0.400000 574.000000
16.000000 1.983214 0.500000 12.332559 3.141593 0.400000 574.000000
16.000000 2.082375 0.500000 13.287217 3.141593 0.400000 574.000000
16.000000 2.181535 0.500000 14.215322 3.141593 0.400000 574.000000
16.000000 2.280696 0.535714 15.048902 3.141593 0.400000 574.000000
16.000000 2.379857 0.500000 16.028007 3.141593 0.400000 574.000000
16.000000 2.479017 0.562500 16.665497 3.141593 0.400000 574.000000
16.000000 2.578178 0.500000 17.479697 3.141593 0.400000 574.000000
16.000000 2.677339 0.548780 18.219630 3.141593 0.400000 574.000000
16.000000 2.776499 0.608108 19.359312 3.141593 0.400000 574.000000
16.000000 2.875660 0.500000 20.183542 3.141593 0.400000 574.000000
16.000000 2.974821 0.576923 20.438172 3.141593 0.400000 574.000000
16.000000 3.073981 0.625000 21.062282 3.141593 0.400000 574.000000
16.000000 3.173142 0.642857 22.188841 3.141593 0.400000 574.000000
16.000000 3.272303 0.500000 22.338632 3.141593 0.400000 574.000000
16.000000 3.371464 0.555556 22.943475 3.141593 0.400000 574.000000
16.000000 3.470624 0.576923 23.172349 3.141593 0.400000 574.000000
16.000000 3.569785 0.600000 23.794309 3.141593 0.400000 574.000000
16.000000 3.668946 0.625000 24.194843 3.141593 0.400000 574.000000
16.000000 3.768106 0.681818 25.594144 3.141593 0.400000 574.000000
16.000000 3.867267 1.000000 27.768549 3.141593 0.400000 574.000000
16.000000 3.966428 1.000000 28.155410 3.141593 0.400000 574.000000
16.000000 4.065588 1.000000 27.487440 3.141593 0.400000 574.000000
16.000000 4.164749 1.000000 26.842988 3.141593 0.400000 574.000000
16.000000 4.263910 1.000000 27.264228 3.141593 0.400000 574.000000
16.000000 4.363070 1.000000 26.947502 3.141593 0.400000 574.000000
16.000000 4.462231 1.000000 27.297409 3.141593 0.400000 574.000000
16.000000 4.561392 1.000000 27.283726 3.141593 0.400000 574.000000
16.000000 4.660553 1.000000 27.552165 3.141593 0.400000 574.000000
16.000000 4.759713 1.000000 27.918599 3.141593 0.400000 574.000000
16.000000 4.858874 1.000000 29.803905 3.141593 0.400000 574.000000
16.000000 4.958035 1.000000 30.188011 3.141593 0.400000 574.000000
16.000000 5.057195 1.000000 29.365402 3.141593 0.400000 574.000000
16.000000 5.156356 1.000000 29.751797 3.141593 0.400000 574.000000
