8.500000 0.000000 1.500000 -0.991809 1.570796 0.400000 574.000000
8.500000 0.027986 0.930233 -0.298647 1.570796 0.400000 574.000000
8.500000 0.055972 1.052632 -0.747548 1.570796 0.400000 574.000000
8.500000 0.083957 0.914634 -0.222749 1.570796 0.400000 574.000000
8.500000 0.111943 0.761719 -0.340872 1.570796 0.400000 574.000000
8.500000 0.139929 0.639535 -0.703024 1.570796 0.400000 574.000000
8.500000 0.167915 0.548780 -0.316360 1.570796 0.400000 574.000000
8.500000 0.195900 0.636792 -0.321288 1.570796 0.400000 574.000000
8.500000 0.223886 0.608108 -0.335169 1.570796 0.400000 574.000000
8.500000 0.251872 0.495868 -0.271889 1.570796 0.400000 574.000000
8.500000 0.279858 0.503356 -0.427760 1.570796 0.400000 574.000000
8.500000 0.307844 0.497449 -0.286320 1.570796 0.400000 574.000000
8.500000 0.335829 0.500000 -0.198761 1.570796 0.400000 574.000000
8.500000 0.363815 0.500000 -0.081076 1.570796 0.400000 574.000000
8.500000 0.391801 0.500000 0.055219 1.570796 0.400000 574.000000
8.500000 0.419787 0.500000 0.215385 1.570796 0.400000 574.000000
8.500000 0.447773 0.500000 0.448430 1.570796 0.400000 574.000000
8.500000 0.475758 0.500000 0.666854 1.570796 0.400000 574.000000
8.500000 0.503744 0.500000 0.872046 1.570796 0.400000 574.000000
8.500000 0.531730 0.500000 1.059171 1.570796 0.400000 574.000000
8.500000 0.559716 0.500000 1.235857 1.570796 0.400000 574.000000
8.500000 0.587701 0.500000 1.408588 1.570796 0.400000 574.000000
8.500000 0.615687 0.506135 1.571567 1.570796 0.400000 574.000000
8.500000 0.643673 0.500000 1.740561 1.570796 0.400000 574.000000
8.500000 0.671659 0.500000 1.897117 1.570796 0.400000 574.000000
8.500000 0.699645 0.500000 2.062273 1.570796 0.400000 574.000000
8.500000 0.727630 0.509050 2.213922 1.570796 0.400000 574.000000
8.500000 0.755616 0.509709 2.369424 1.570796 0.400000 574.000000
8.500000 0.783602 0.507812 2.523951 1.570796 0.400000 574.000000
8.500000 0.811588 0.500000 2.684655 1.570796 0.400000 574.000000
8.500000 0.839573 0.508475 2.826014 1.570796 0.400000 574.000000
8.500000 0.867559 0.515625 2.973599 1.570796 0.400000 574.000000
8.500000 0.895545 0.515625 3.119458 1.570796 0.400000 574.000000
8.500000 0.923531 0.520833 3.271651 1.570796 0.400000 574.000000
8.500000 0.951517 0.517241 3.410316 1.570796 0.400000 574.000000
8.500000 0.979502 0.519231 3.561480 1.570796 0.400000 574.000000
8.500000 1.007488 0.515267 3.701864 1.570796 0.400000 574.000000
8.500000 1.035474 0.500000 3.864621 1.570796 0.400000 574.000000
8.500000 1.063460 0.526316 3.999586 1.570796 0.400000 574.000000
8.500000 1.091445 0.517241 4.126782 1.570796 0.400000 574.000000
8.500000 1.119431 0.500000 4.298993 1.570796 0.400000 574.000000
8.500000 1.147417 0.525000 4.416401 1.570796 0.400000 574.000000
8.500000 1.175403 0.500000 4.563590 1.570796 0.400000 574.000000
8.500000 1.203389 0.525000 4.680912 1.570796 0.400000 574.000000
8.500000 1.231374 0.500000 4.864616 1.570796 0.400000 574.000000
8.500000 1.259360 0.523256 4.981531 1.570796 0.400000 574.000000
8.500000 1.287346 0.535714 5.113789 1.570796 0.400000 574.000000
8.500000 1.315332 0.517241 5.238760 1.570796 0.400000 574.000000
8.500000 1.343318 0.529412 5.352666 1.570796 0.400000 574.000000
8.500000 1.371303 0.500000 5.568954 1.570796 0.400000 574.000000
8.500000 1.399289 0.520833 5.663171 1.570796 0.400000 574.000000
8.500000 1.427275 0.535714 5.764755 1.570796 0.400000 574.000000
8.500000 1.455261 0.543478 5.893617 1.570796 0.400000 574.000000
