14.500000 0.000000 0.789474 -0.425877 1.570796 0.400000 574.000000
14.500000 0.081440 0.691244 -0.593769 1.570796 0.400000 574.000000
14.500000 0.162879 0.697674 -0.347692 1.570796 0.400000 574.000000
14.500000 0.244319 0.698529 -0.775362 1.570796 0.400000 574.000000
14.500000 0.325758 0.855978 -0.904023 1.570796 0.400000 574.000000
14.500000 0.407198 0.794931 -0.245250 1.570796 0.400000 574.000000
14.500000 0.488638 0.757576 -0.913818 1.570796 0.400000 574.000000
14.500000 0.570077 0.889831 -0.671196 1.570796 0.400000 574.000000
14.500000 0.651517 0.735981 -0.361170 1.570796 0.400000 574.000000
14.500000 0.732956 0.810811 -0.882762 1.570796 0.400000 574.000000
14.500000 0.814396 0.845070 -0.310007 1.570796 0.400000 574.000000
14.500000 0.895836 0.800971 -0.747378 1.570796 0.400000 574.000000
14.500000 0.977275 0.707547 -0.558846 1.570796 0.400000 574.000000
14.500000 1.058715 0.858209 -0.411261 1.570796 0.400000 574.000000
14.500000 1.140154 0.746269 -0.896847 1.570796 0.400000 574.000000
14.500000 1.221594 0.721154 -0.784887 1.570796 0.400000 574.000000
14.500000 1.303033 0.797101 -1.131101 1.570796 0.400000 574.000000
14.500000 1.384473 0.833333 -1.062166 1.570796 0.400000 574.000000
14.500000 1.465913 0.697674 -0.834024 1.570796 0.400000 574.000000
14.500000 1.547352 0.984848 -1.176691 4.712389 0.400000 574.000000
14.500000 1.628792 1.000000 -0.046701 4.712389 0.400000 574.000000
14.500000 1.710231 1.000000 1.297312 4.712389 0.400000 574.000000
14.500000 1.791671 0.500000 2.632823 3.141593 0.400000 574.000000
14.500000 1.873111 0.513158 4.122162 3.141593 0.400000 574.000000
14.500000 1.954550 0.763473 4.332982 3.141593 0.400000 574.000000
14.500000 2.035990 0.681818 5.870909 3.141593 0.400000 574.000000
14.500000 2.117429 0.659341 7.108858 3.141593 0.400000 574.000000
14.500000 2.198869 0.600000 8.280043 3.141593 0.400000 574.000000
14.500000 2.280309 0.493421 9.277310 3.141593 0.400000 574.000000
14.500000 2.361748 0.491803 10.347608 3.141593 0.400000 574.000000
14.500000 2.443188 0.491803 11.093697 3.141593 0.400000 574.000000
14.500000 2.524627 0.489130 12.242156 3.141593 0.400000 574.000000
14.500000 2.606067 0.523256 12.902252 3.141593 0.400000 574.000000
14.500000 2.687507 0.500000 13.570587 3.141593 0.400000 574.000000
14.500000 2.768946 0.523256 14.369751 3.141593 0.400000 574.000000
14.500000 2.850386 0.548780 15.133495 3.141593 0.400000 574.000000
14.500000 2.931825 0.500000 16.353183 3.141593 0.400000 574.000000
14.500000 3.013265 0.535714 16.626223 3.141593 0.400000 574.000000
14.500000 3.094705 0.555556 16.988002 3.141593 0.400000 574.000000
14.500000 3.176144 0.600000 17.445214 3.141593 0.400000 574.000000
14.500000 3.257584 0.500000 18.622713 3.141593 0.400000 574.000000
14.500000 3.339023 0.500000 18.875549 3.141593 0.400000 574.000000
14.500000 3.420463 0.535714 19.287211 3.141593 0.400000 574.000000
14.500000 3.501902 0.555556 19.446460 3.141593 0.400000 574.000000
14.500000 3.583342 0.600000 20.102618 3.141593 0.400000 574.000000
14.500000 3.664782 0.600000 20.567392 3.141593 0.400000 574.000000
14.500000 3.746221 0.625000 20.891832 3.141593 0.400000 574.000000
14.500000 3.827661 1.000000 24.139184 3.141593 0.400000 574.000000
14.500000 3.909100 1.000000 24.363302 3.141593 0.400000 574.000000
14.500000 3.990540 1.000000 23.495073 3.141593 0.400000 574.000000
14.500000 4.071980 1.000000 23.451304 3.141593 0.400000 574.000000
14.500000 4.153419 1.000000 22.644475 3.141593 0.400000 574.000000
14.500000 4.234859 1.000000 23.137560 3.141593 0.400000 574.000000
