12.750000 0.000000 0.956376 -0.747095 1.570796 0.400000 574.000000
12.750000 0.062968 0.879630 -0.753109 1.570796 0.400000 574.000000
12.750000 0.125936 0.956376 -0.967941 1.570796 0.400000 574.000000
12.750000 0.188904 0.857143 -0.619864 1.570796 0.400000 574.000000
12.750000 0.251872 0.925926 -0.762884 1.570796 0.400000 574.000000
12.750000 0.314840 0.791667 -0.609211 1.570796 0.400000 574.000000
12.750000 0.377808 0.837989 -0.610923 1.570796 0.400000 574.000000
12.750000 0.440776 0.978261 -0.707195 1.570796 0.400000 574.000000
12.750000 0.503744 0.948795 -0.793356 1.570796 0.400000 574.000000
12.750000 0.566712 0.896226 -0.381227 1.570796 0.400000 574.000000
12.750000 0.629680 0.857143 -0.586004 1.570796 0.400000 574.000000
12.750000 0.692648 0.814286 -0.683098 1.570796 0.400000 574.000000
12.750000 0.755616 0.850000 -0.794058 1.570796 0.400000 574.000000
12.750000 0.818584 0.814286 -0.535447 1.570796 0.400000 574.000000
12.750000 0.881552 0.868902 -0.754426 1.570796 0.400000 574.000000
12.750000 0.944520 0.750000 -0.627208 1.570796 0.400000 574.000000
12.750000 1.007488 0.982759 -0.751874 1.570796 0.400000 574.000000
12.750000 1.070456 0.801887 -0.747274 1.570796 0.400000 574.000000
12.750000 1.133424 0.745614 -0.851078 1.570796 0.400000 574.000000
12.750000 1.196392 0.859873 -0.909838 1.570796 0.400000 574.000000
12.750000 1.259360 0.756579 -0.219028 1.570796 0.400000 574.000000
12.750000 1.322328 0.618132 -0.171737 1.570796 0.400000 574.000000
12.750000 1.385296 0.771429 -0.245410 1.570796 0.400000 574.000000
12.750000 1.448264 0.728571 -0.967477 1.570796 0.400000 574.000000
12.750000 1.511232 0.591133 -0.636002 1.570796 0.400000 574.000000
12.750000 1.574200 0.727848 0.081488 1.570796 0.400000 574.000000
12.750000 1.637168 0.568720 -0.679207 1.570796 0.400000 574.000000
12.750000 1.700136 0.633333 -0.524396 1.570796 0.400000 574.000000
12.750000 1.763104 0.700000 -0.484425 1.570796 0.400000 574.000000
12.750000 1.826072 0.722222 -0.239789 1.570796 0.400000 574.000000
12.750000 1.889040 0.720199 -0.289422 3.141593 0.400000 574.000000
12.750000 1.952008 0.720339 -0.145737 3.141593 0.400000 574.000000
12.750000 2.014976 0.705128 -0.060109 3.141593 0.400000 574.000000
12.750000 2.077944 0.727147 -0.104625 3.141593 0.400000 574.000000
12.750000 2.140912 0.747863 -0.228871 3.141593 0.400000 574.000000
12.750000 2.203880 0.782209 -0.248081 3.141593 0.400000 574.000000
12.750000 2.266848 0.769231 -0.376704 3.141593 0.400000 574.000000
12.750000 2.329816 0.836331 -0.431454 3.141593 0.400000 574.000000
12.750000 2.392784 0.864055 -0.512493 3.141593 0.400000 574.000000
12.750000 2.455752 0.797101 -0.466323 3.141593 0.400000 574.000000
12.750000 2.518720 0.659722 -0.349801 1.570796 0.400000 574.000000
12.750000 2.581688 0.695122 -0.478470 1.570796 0.400000 574.000000
12.750000 2.644656 1.000000 1.363042 4.712389 0.400000 574.000000
12.750000 2.707624 1.000000 3.411575 4.712389 0.400000 574.000000
12.750000 2.770592 1.000000 4.650042 4.712389 0.400000 574.000000
12.750000 2.833560 1.000000 5.012974 4.712389 0.400000 574.000000
12.750000 2.896528 1.000000 5.421705 4.712389 0.400000 574.000000
12.750000 2.959496 1.000000 6.284194 4.712389 0.400000 574.000000
12.750000 3.022464 1.000000 7.414255 4.712389 0.400000 574.000000
12.750000 3.085432 1.000000 8.293806 4.712389 0.400000 574.000000
12.750000 3.148400 1.000000 9.576661 4.712389 0.400000 574.000000
12.750000 3.211368 0.990566 10.127108 4.712389 0.400000 574.000000
12.750000 3.274336 1.000000 10.809225 4.712389 0.400000 574.000000
