11.750000 0.000000 0.787037 -0.852381 1.570796 0.000000 191.000000
11.750000 0.053478 0.931034 -1.337587 1.570796 0.000000 191.000000
11.750000 0.106956 0.879310 -1.206233 1.570796 0.000000 191.000000
11.750000 0.160434 0.808383 -0.884782 1.570796 0.000000 191.000000
11.750000 0.213912 0.572917 -1.265457 1.570796 0.000000 191.000000
11.750000 0.267390 0.485294 -0.991690 1.570796 0.000000 191.000000
11.750000 0.320868 0.497788 -0.631955 1.570796 0.000000 191.000000
11.750000 0.374346 0.500000 -0.083840 1.570796 0.000000 191.000000
11.750000 0.427824 0.500000 0.661680 1.570796 0.000000 191.000000
11.750000 0.481302 0.500000 1.262593 1.570796 0.000000 191.000000
11.750000 0.534780 0.500000 1.782470 1.570796 0.000000 191.000000
11.750000 0.588258 0.500000 2.264921 1.570796 0.000000 191.000000
11.750000 0.641736 0.506329 2.715145 1.570796 0.000000 191.000000
11.750000 0.695214 0.500000 3.154239 1.570796 0.000000 191.000000
11.750000 0.748692 0.508475 3.580737 1.570796 0.000000 191.000000
11.750000 0.802170 0.500000 3.998546 1.570796 0.000000 191.000000
11.750000 0.855648 0.500000 4.402183 1.570796 0.000000 191.000000
11.750000 0.909126 0.500000 4.809175 1.570796 0.000000 191.000000
11.750000 0.962604 0.517241 5.197644 1.570796 0.000000 191.000000
11.750000 1.016082 0.526316 5.558161 1.570796 0.000000 191.000000
11.750000 1.069560 0.530303 5.969512 1.570796 0.000000 191.000000
11.750000 1.123038 0.530303 6.311923 1.570796 0.000000 191.000000
11.750000 1.176516 0.529412 6.716178 1.570796 0.000000 191.000000
11.750000 1.229994 0.523256 7.059010 1.570796 0.000000 191.000000
11.750000 1.283472 0.500000 7.510646 1.570796 0.000000 191.000000
11.750000 1.336951 0.543478 7.830074 1.570796 0.000000 191.000000
11.750000 1.390429 0.520833 8.165394 1.570796 0.000000 191.000000
11.750000 1.443907 0.543478 8.462254 1.570796 0.000000 191.000000
11.750000 1.497385 0.526316 8.946488 1.570796 0.000000 191.000000
11.750000 1.550863 0.545455 9.241286 1.570796 0.000000 191.000000
11.750000 1.604341 0.500000 9.636887 1.570796 0.000000 191.000000
11.750000 1.657819 0.535714 9.850027 1.570796 0.000000 191.000000
11.750000 1.711297 0.555556 10.141018 1.570796 0.000000 191.000000
11.750000 1.764775 0.500000 10.801791 1.570796 0.000000 191.000000
11.750000 1.818253 0.535714 11.049279 1.570796 0.000000 191.000000
11.750000 1.871731 0.562500 11.276350 1.570796 0.000000 191.000000
11.750000 1.925209 0.592105 11.628143 1.570796 0.000000 191.000000
11.750000 1.978687 0.500000 11.965914 1.570796 0.000000 191.000000
11.750000 2.032165 0.535714 12.177452 1.570796 0.000000 191.000000
11.750000 2.085643 0.548780 12.390170 1.570796 0.000000 191.000000
11.750000 2.139121 0.576923 12.608813 1.570796 0.000000 191.000000
11.750000 2.192599 0.592105 12.998962 1.570796 0.000000 191.000000
11.750000 2.246077 0.500000 13.894380 1.570796 0.000000 191.000000
11.750000 2.299555 0.535714 14.163607 1.570796 0.000000 191.000000
11.750000 2.353033 0.555556 14.353068 1.570796 0.000000 191.000000
11.750000 2.406511 0.576923 14.543864 1.570796 0.000000 191.000000
11.750000 2.459989 0.600000 14.715365 1.570796 0.000000 191.000000
11.750000 2.513467 0.625000 15.028126 1.570796 0.000000 191.000000
11.750000 2.566945 0.652174 15.318062 1.570796 0.000000 191.000000
11.750000 2.620423 0.500000 15.692170 1.570796 0.000000 191.000000
11.750000 2.673901 0.500000 15.926927 1.570796 0.000000 191.000000
11.750000 2.727379 0.535714 16.093642 1.570796 0.000000 191.000000
11.750000 2.780857 0.555556 16.189460 1.570796 0.000000 191.000000
