15.750000 0.000000 0.642857 -0.946629 1.570796 0.000000 191.000000
15.750000 0.096086 0.515021 -0.866416 1.570796 0.000000 191.000000
15.750000 0.192172 0.557851 -0.863068 1.570796 0.000000 191.000000
15.750000 0.288258 0.644796 -0.947080 1.570796 0.000000 191.000000
15.750000 0.384345 0.672646 -1.003313 1.570796 0.000000 191.000000
15.750000 0.480431 0.610860 -0.937635 1.570796 0.000000 191.000000
15.750000 0.576517 0.519481 -0.869448 1.570796 0.000000 191.000000
15.750000 0.672603 0.528634 -0.916434 1.570796 0.000000 191.000000
15.750000 0.768689 0.641026 -0.703373 1.570796 0.000000 191.000000
15.750000 0.864775 0.555556 -1.030433 1.570796 0.000000 191.000000
15.750000 0.960861 0.584016 -0.779823 1.570796 0.000000 191.000000
15.750000 1.056947 0.579399 -0.814088 1.570796 0.000000 191.000000
15.750000 1.153034 0.560166 -0.734793 1.570796 0.000000 191.000000
15.750000 1.249120 0.633803 -1.003309 1.570796 0.000000 191.000000
15.750000 1.345206 0.545455 -1.007584 1.570796 0.000000 191.000000
15.750000 1.441292 0.656250 -0.896671 1.570796 0.000000 191.000000
15.750000 1.537378 0.822368 -1.107022 1.570796 0.000000 191.000000
15.750000 1.633464 1.000000 -0.880170 4.712389 0.000000 191.000000
15.750000 1.729550 1.000000 1.360808 4.712389 0.000000 191.000000
15.750000 1.825636 1.000000 2.785453 4.712389 0.000000 191.000000
15.750000 1.921723 1.000000 3.965467 4.712389 0.000000 191.000000
15.750000 2.017809 1.000000 5.012559 4.712389 0.000000 191.000000
15.750000 2.113895 1.000000 6.052352 4.712389 0.000000 191.000000
15.750000 2.209981 1.000000 7.033782 4.712389 0.000000 191.000000
15.750000 2.306067 1.000000 7.871751 4.712389 0.000000 191.000000
15.750000 2.402153 1.000000 8.814069 4.712389 0.000000 191.000000
15.750000 2.498239 1.000000 9.960333 4.712389 0.000000 191.000000
15.750000 2.594326 1.007463 10.751881 4.712389 0.000000 191.000000
15.750000 2.690412 1.000000 11.668317 4.712389 0.000000 191.000000
15.750000 2.786498 0.833333 12.991994 3.141593 0.000000 191.000000
15.750000 2.882584 0.721154 13.718905 3.141593 0.000000 191.000000
15.750000 2.978670 0.666667 14.795506 3.141593 0.000000 191.000000
15.750000 3.074756 0.523256 15.683032 3.141593 0.000000 191.000000
15.750000 3.170842 0.548780 16.634731 3.141593 0.000000 191.000000
15.750000 3.266928 0.500000 18.165922 3.141593 0.000000 191.000000
15.750000 3.363015 0.535714 18.175146 3.141593 0.000000 191.000000
15.750000 3.459101 0.576923 18.521641 3.141593 0.000000 191.000000
15.750000 3.555187 0.600000 19.042774 3.141593 0.000000 191.000000
15.750000 3.651273 0.517241 19.846240 3.141593 0.000000 191.000000
15.750000 3.747359 0.517241 20.601940 3.141593 0.000000 191.000000
15.750000 3.843445 0.555556 20.990731 3.141593 0.000000 191.000000
15.750000 3.939531 0.555556 21.354174 3.141593 0.000000 191.000000
15.750000 4.035617 0.576923 22.415535 3.141593 0.000000 191.000000
15.750000 4.131704 1.000000 26.441872 3.141593 0.000000 191.000000
15.750000 4.227790 0.900000 26.493479 4.712389 0.000000 191.000000
15.750000 4.323876 1.022727 24.487028 4.712389 0.000000 191.000000
15.750000 4.419962 1.022727 25.511529 4.712389 0.000000 191.000000
15.750000 4.516048 1.071429 25.717421 4.712389 0.000000 191.000000
15.750000 4.612134 1.125000 25.674622 4.712389 0.000000 191.000000
15.750000 4.708220 1.000000 28.846592 4.712389 0.000000 191.000000
15.750000 4.804307 1.000000 28.117294 4.712389 0.000000 191.000000
15.750000 4.900393 1.000000 29.046030 4.712389 0.000000 191.000000
15.750000 4.996479 1.153846 29.319853 4.712389 0.000000 191.000000
