18.500000 0.000000 0.500000 -0.794350 1.570796 0.000000 191.000000
18.500000 0.132569 0.463636 -0.740325 1.570796 0.000000 191.000000
18.500000 0.265139 0.463636 -0.789893 1.570796 0.000000 191.000000
18.500000 0.397708 0.453822 -0.568627 1.570796 0.000000 191.000000
18.500000 0.530277 0.453822 -0.617929 1.570796 0.000000 191.000000
18.500000 0.662847 0.439453 -0.917295 1.570796 0.000000 191.000000
18.500000 0.795416 0.327181 -0.575057 1.570796 0.000000 191.000000
18.500000 0.927985 0.501761 -0.721344 1.570796 0.000000 191.000000
18.500000 1.060555 0.433526 -0.529840 3.141593 0.000000 191.000000
18.500000 1.193124 0.500000 3.711850 3.141593 0.000000 191.000000
18.500000 1.325693 0.496988 6.251584 3.141593 0.000000 191.000000
18.500000 1.458263 0.500000 8.261135 3.141593 0.000000 191.000000
18.500000 1.590832 0.500000 10.026594 3.141593 0.000000 191.000000
18.500000 1.723401 0.500000 11.623366 3.141593 0.000000 191.000000
18.500000 1.855971 0.500000 13.173632 3.141593 0.000000 191.000000
18.500000 1.988540 0.500000 14.590128 3.141593 0.000000 191.000000
18.500000 2.121109 0.526316 15.971865 3.141593 0.000000 191.000000
18.500000 2.253679 0.526316 17.295274 3.141593 0.000000 191.000000
18.500000 2.386248 0.500000 18.674130 3.141593 0.000000 191.000000
18.500000 2.518817 0.588235 19.911341 3.141593 0.000000 191.000000
18.500000 2.651386 0.535714 20.815582 3.141593 0.000000 191.000000
18.500000 2.783956 0.608108 22.294587 3.141593 0.000000 191.000000
18.500000 2.916525 0.555556 23.330574 3.141593 0.000000 191.000000
18.500000 3.049094 0.600000 23.953650 3.141593 0.000000 191.000000
18.500000 3.181664 0.642857 25.477174 3.141593 0.000000 191.000000
18.500000 3.314233 0.500000 25.918960 3.141593 0.000000 191.000000
18.500000 3.446802 0.576923 26.488343 3.141593 0.000000 191.000000
18.500000 3.579372 0.600000 27.399037 3.141593 0.000000 191.000000
18.500000 3.711941 0.625000 28.090637 3.141593 0.000000 191.000000
18.500000 3.844510 1.000000 31.377182 3.141593 0.000000 191.000000
18.500000 3.977080 1.000000 32.068346 3.141593 0.000000 191.000000
18.500000 4.109649 1.000000 31.891516 3.141593 0.000000 191.000000
18.500000 4.242218 1.000000 31.523508 3.141593 0.000000 191.000000
18.500000 4.374788 1.000000 32.272167 3.141593 0.000000 191.000000
18.500000 4.507357 1.000000 32.143570 3.141593 0.000000 191.000000
18.500000 4.639926 1.000000 32.555298 3.141593 0.000000 191.000000
18.500000 4.772496 1.000000 33.136879 3.141593 0.000000 191.000000
18.500000 4.905065 1.000000 33.735578 3.141593 0.000000 191.000000
18.500000 5.037634 1.000000 34.235710 3.141593 0.000000 191.000000
18.500000 5.170204 1.000000 35.405081 3.141593 0.000000 191.000000
18.500000 5.302773 1.000000 35.879615 3.141593 0.000000 191.000000
18.500000 5.435342 1.000000 34.808928 3.141593 0.000000 191.000000
18.500000 5.567912 1.000000 34.520620 3.141593 0.000000 191.000000
18.500000 5.700481 1.000000 34.013746 3.141593 0.000000 191.000000
18.500000 5.833050 1.000000 34.135004 3.141593 0.000000 191.000000
18.500000 5.965620 1.000000 34.208588 3.141593 0.000000 191.000000
18.500000 6.098189 1.000000 31.440243 3.141593 0.000000 191.000000
18.500000 6.230758 1.000000 31.428287 3.141593 0.000000 191.000000
18.500000 6.363328 1.000000 31.430603 3.141593 0.000000 191.000000
18.500000 6.495897 1.000000 31.469919 3.141593 0.000000 191.000000
18.500000 6.628466 1.000000 32.457023 3.141593 0.000000 191.000000
18.500000 6.761036 1.363636 32.741638 3.141593 0.000000 191.000000
18.500000 6.893605 1.363636 33.100040 3.141593 0.000000 191.000000
