15.500000 0.000000 0.508475 -0.809485 1.570796 0.000000 191.000000
15.500000 0.093060 0.508475 -0.530500 1.570796 0.000000 191.000000
15.500000 0.186120 0.598592 -0.751323 1.570796 0.000000 191.000000
15.500000 0.279180 0.540000 -0.727071 1.570796 0.000000 191.000000
15.500000 0.372240 0.597345 -0.815673 1.570796 0.000000 191.000000
15.500000 0.465300 0.506329 -0.748595 1.570796 0.000000 191.000000
15.500000 0.558360 0.436047 -0.415517 1.570796 0.000000 191.000000
15.500000 0.651420 0.410156 -0.617473 1.570796 0.000000 191.000000
15.500000 0.744480 0.572289 -0.729740 1.570796 0.000000 191.000000
15.500000 0.837540 0.459184 -0.799015 1.570796 0.000000 191.000000
15.500000 0.930600 0.591286 -0.362049 1.570796 0.000000 191.000000
15.500000 1.023660 0.476695 -0.975705 1.570796 0.000000 191.000000
15.500000 1.116720 0.498047 -0.726416 1.570796 0.000000 191.000000
15.500000 1.209780 0.521739 -0.842147 1.570796 0.000000 191.000000
15.500000 1.302840 0.479323 -0.812802 1.570796 0.000000 191.000000
15.500000 1.395900 0.601415 -0.991794 1.570796 0.000000 191.000000
15.500000 1.488960 0.473978 -0.764966 1.570796 0.000000 191.000000
15.500000 1.582020 0.546559 -0.843638 1.570796 0.000000 191.000000
15.500000 1.675080 0.643657 -1.042859 1.570796 0.000000 191.000000
15.500000 1.768140 1.002907 -1.309527 4.712389 0.000000 191.000000
15.500000 1.861200 1.000000 1.443941 4.712389 0.000000 191.000000
15.500000 1.954260 0.997340 3.085934 4.712389 0.000000 191.000000
15.500000 2.047320 1.000000 4.422878 4.712389 0.000000 191.000000
15.500000 2.140380 1.000000 5.591796 4.712389 0.000000 191.000000
15.500000 2.233440 1.000000 6.657607 4.712389 0.000000 191.000000
15.500000 2.326500 1.000000 7.713822 4.712389 0.000000 191.000000
15.500000 2.419560 1.013514 8.450282 4.712389 0.000000 191.000000
15.500000 2.512620 1.000000 9.522368 4.712389 0.000000 191.000000
15.500000 2.605680 1.000000 10.271848 4.712389 0.000000 191.000000
15.500000 2.698740 1.052632 11.212978 4.712389 0.000000 191.000000
15.500000 2.791800 1.000000 12.386573 4.712389 0.000000 191.000000
15.500000 2.884860 1.009615 12.913738 4.712389 0.000000 191.000000
15.500000 2.977920 1.022727 13.717958 4.712389 0.000000 191.000000
15.500000 3.070980 1.071429 14.548396 3.141593 0.000000 191.000000
15.500000 3.164040 0.914634 15.497399 3.141593 0.000000 191.000000
15.500000 3.257100 0.500000 16.999590 3.141593 0.000000 191.000000
15.500000 3.350160 0.500000 17.329601 3.141593 0.000000 191.000000
15.500000 3.443219 0.576923 17.084443 3.141593 0.000000 191.000000
15.500000 3.536279 0.600000 17.488039 3.141593 0.000000 191.000000
15.500000 3.629339 0.500000 18.601739 3.141593 0.000000 191.000000
15.500000 3.722399 0.500000 18.913664 3.141593 0.000000 191.000000
15.500000 3.815459 0.555556 19.471251 3.141593 0.000000 191.000000
15.500000 3.908519 0.555556 20.135350 3.141593 0.000000 191.000000
15.500000 4.001579 0.576923 21.466245 3.141593 0.000000 191.000000
15.500000 4.094639 1.000000 25.585694 4.712389 0.000000 191.000000
15.500000 4.187699 0.900000 25.847590 4.712389 0.000000 191.000000
15.500000 4.280759 1.022727 23.999614 4.712389 0.000000 191.000000
15.500000 4.373819 1.071429 24.367559 4.712389 0.000000 191.000000
15.500000 4.466879 1.071429 25.436099 4.712389 0.000000 191.000000
15.500000 4.559939 1.125000 25.380111 4.712389 0.000000 191.000000
15.500000 4.652999 1.000000 28.596890 4.712389 0.000000 191.000000
15.500000 4.746059 1.000000 27.920090 4.712389 0.000000 191.000000
15.500000 4.839119 1.153846 28.182126 4.712389 0.000000 191.000000
