14.500000 0.000000 0.810811 -1.158050 1.570796 0.000000 191.000000
14.500000 0.081440 0.657216 -0.783014 1.570796 0.000000 191.000000
14.500000 0.162879 0.657216 -0.479004 1.570796 0.000000 191.000000
14.500000 0.244319 0.770270 -0.979262 1.570796 0.000000 191.000000
14.500000 0.325758 0.793651 -0.741186 1.570796 0.000000 191.000000
14.500000 0.407198 0.794118 -1.117241 1.570796 0.000000 191.000000
14.500000 0.488638 0.562500 -0.880907 1.570796 0.000000 191.000000
14.500000 0.570077 0.561497 -0.921386 1.570796 0.000000 191.000000
14.500000 0.651517 0.757979 -0.928046 1.570796 0.000000 191.000000
14.500000 0.732956 0.585938 -0.621688 1.570796 0.000000 191.000000
14.500000 0.814396 0.544041 -0.648410 1.570796 0.000000 191.000000
14.500000 0.895836 0.625000 -0.907456 1.570796 0.000000 191.000000
14.500000 0.977275 0.500000 -0.739808 1.570796 0.000000 191.000000
14.500000 1.058715 0.520833 -0.679868 1.570796 0.000000 191.000000
14.500000 1.140154 0.535714 -0.845418 1.570796 0.000000 191.000000
14.500000 1.221594 0.535714 -0.845105 1.570796 0.000000 191.000000
14.500000 1.303033 0.583333 -1.176460 1.570796 0.000000 191.000000
14.500000 1.384473 0.452261 -0.754328 1.570796 0.000000 191.000000
14.500000 1.465913 0.509050 -0.693345 1.570796 0.000000 191.000000
14.500000 1.547352 0.482833 -0.700342 1.570796 0.000000 191.000000
14.500000 1.628792 0.526316 -0.581052 1.570796 0.000000 191.000000
14.500000 1.710231 0.500000 0.676930 1.570796 0.000000 191.000000
14.500000 1.791671 0.508475 2.725663 1.570796 0.000000 191.000000
14.500000 1.873111 0.512422 4.046969 1.570796 0.000000 191.000000
14.500000 1.954550 0.515267 5.125462 1.570796 0.000000 191.000000
14.500000 2.035990 0.519802 6.085592 1.570796 0.000000 191.000000
14.500000 2.117429 0.517241 6.973312 1.570796 0.000000 191.000000
14.500000 2.198869 0.529412 7.667267 1.570796 0.000000 191.000000
14.500000 2.280309 0.535714 8.449082 1.570796 0.000000 191.000000
14.500000 2.361748 0.535714 8.944612 1.570796 0.000000 191.000000
14.500000 2.443188 0.535714 9.610531 1.570796 0.000000 191.000000
14.500000 2.524627 0.500000 10.073410 1.570796 0.000000 191.000000
14.500000 2.606067 0.545455 10.363907 1.570796 0.000000 191.000000
14.500000 2.687507 0.500000 11.383903 1.570796 0.000000 191.000000
14.500000 2.768946 0.548780 11.706192 1.570796 0.000000 191.000000
14.500000 2.850386 0.566038 12.104176 1.570796 0.000000 191.000000
14.500000 2.931825 0.833333 12.694886 1.570796 0.000000 191.000000
14.500000 3.013265 1.071429 13.233034 1.570796 0.000000 191.000000
14.500000 3.094705 1.000000 15.086000 1.570796 0.000000 191.000000
14.500000 3.176144 1.000000 15.673221 1.570796 0.000000 191.000000
14.500000 3.257584 1.071429 15.848665 1.570796 0.000000 191.000000
14.500000 3.339023 1.111111 16.111728 1.570796 0.000000 191.000000
14.500000 3.420463 0.865385 16.629352 1.570796 0.000000 191.000000
14.500000 3.501902 0.517241 17.495675 1.570796 0.000000 191.000000
14.500000 3.583342 0.500000 17.571245 1.570796 0.000000 191.000000
14.500000 3.664782 0.517241 17.945479 1.570796 0.000000 191.000000
14.500000 3.746221 0.555556 17.748124 1.570796 0.000000 191.000000
14.500000 3.827661 0.576923 17.797589 1.570796 0.000000 191.000000
14.500000 3.909100 0.576923 18.096063 1.570796 0.000000 191.000000
14.500000 3.990540 0.625000 18.622029 1.570796 0.000000 191.000000
14.500000 4.071980 0.625000 19.806796 1.570796 0.000000 191.000000
14.500000 4.153419 1.000000 23.507090 1.570796 0.000000 191.000000
14.500000 4.234859 1.153846 23.646080 4.712389 0.000000 191.000000
