10.500000 0.000000 0.855705 -0.572683 1.570796 0.000000 191.000000
10.500000 0.042705 0.777778 -1.016033 1.570796 0.000000 191.000000
10.500000 0.085410 0.667808 -0.670410 1.570796 0.000000 191.000000
10.500000 0.128115 0.588235 -0.550175 1.570796 0.000000 191.000000
10.500000 0.170820 0.507812 -0.582702 1.570796 0.000000 191.000000
10.500000 0.213525 0.500000 -0.223215 1.570796 0.000000 191.000000
10.500000 0.256230 0.501453 0.027085 1.570796 0.000000 191.000000
10.500000 0.298935 0.500000 0.490381 1.570796 0.000000 191.000000
10.500000 0.341640 0.500000 0.908755 1.570796 0.000000 191.000000
10.500000 0.384345 0.500000 1.289969 1.570796 0.000000 191.000000
10.500000 0.427049 0.500000 1.651405 1.570796 0.000000 191.000000
10.500000 0.469754 0.500000 2.000478 1.570796 0.000000 191.000000
10.500000 0.512459 0.500000 2.339163 1.570796 0.000000 191.000000
10.500000 0.555164 0.500000 2.670450 1.570796 0.000000 191.000000
10.500000 0.597869 0.500000 3.000188 1.570796 0.000000 191.000000
10.500000 0.640574 0.506431 3.301126 1.570796 0.000000 191.000000
10.500000 0.683279 0.500000 3.643461 1.570796 0.000000 191.000000
10.500000 0.725984 0.500000 3.956520 1.570796 0.000000 191.000000
10.500000 0.768689 0.500000 4.275094 1.570796 0.000000 191.000000
10.500000 0.811394 0.510204 4.584359 1.570796 0.000000 191.000000
10.500000 0.854099 0.500000 4.892569 1.570796 0.000000 191.000000
10.500000 0.896804 0.523256 5.184094 1.570796 0.000000 191.000000
10.500000 0.939509 0.500000 5.492126 1.570796 0.000000 191.000000
10.500000 0.982214 0.500000 5.806610 1.570796 0.000000 191.000000
10.500000 1.024919 0.500000 6.091237 1.570796 0.000000 191.000000
10.500000 1.067624 0.500000 6.416939 1.570796 0.000000 191.000000
10.500000 1.110329 0.535714 6.678191 1.570796 0.000000 191.000000
10.500000 1.153034 0.523256 6.961813 1.570796 0.000000 191.000000
10.500000 1.195739 0.500000 7.291864 1.570796 0.000000 191.000000
10.500000 1.238443 0.535714 7.550583 1.570796 0.000000 191.000000
10.500000 1.281148 0.500000 7.829702 1.570796 0.000000 191.000000
10.500000 1.323853 0.535714 8.079164 1.570796 0.000000 191.000000
10.500000 1.366558 0.491803 8.446146 1.570796 0.000000 191.000000
10.500000 1.409263 0.545455 8.669910 1.570796 0.000000 191.000000
10.500000 1.451968 0.559701 8.972602 1.570796 0.000000 191.000000
10.500000 1.494673 0.500000 9.212395 1.570796 0.000000 191.000000
10.500000 1.537378 0.545455 9.446334 1.570796 0.000000 191.000000
10.500000 1.580083 0.576923 9.714399 1.570796 0.000000 191.000000
10.500000 1.622788 0.500000 10.157833 1.570796 0.000000 191.000000
10.500000 1.665493 0.548780 10.330081 1.570796 0.000000 191.000000
10.500000 1.708198 0.576923 10.571018 1.570796 0.000000 191.000000
10.500000 1.750903 0.576923 10.858700 1.570796 0.000000 191.000000
10.500000 1.793608 0.500000 11.127614 1.570796 0.000000 191.000000
10.500000 1.836313 0.535714 11.318485 1.570796 0.000000 191.000000
10.500000 1.879018 0.548780 11.491728 1.570796 0.000000 191.000000
10.500000 1.921723 0.576923 11.655611 1.570796 0.000000 191.000000
10.500000 1.964428 0.592105 11.951194 1.570796 0.000000 191.000000
10.500000 2.007133 0.500000 12.582864 1.570796 0.000000 191.000000
10.500000 2.049837 0.500000 12.821251 1.570796 0.000000 191.000000
10.500000 2.092542 0.555556 12.964595 1.570796 0.000000 191.000000
10.500000 2.135247 0.576923 13.089251 1.570796 0.000000 191.000000
10.500000 2.177952 0.600000 13.216322 1.570796 0.000000 191.000000
10.500000 2.220657 0.625000 13.415170 1.570796 0.000000 191.000000
