7.500000 0.000000 0.773810 -0.162938 1.570796 0.000000 191.000000
7.500000 0.021788 0.733083 -0.147940 1.570796 0.000000 191.000000
7.500000 0.043576 0.953390 -0.038321 1.570796 0.000000 191.000000
7.500000 0.065365 0.733083 -0.200594 1.570796 0.000000 191.000000
7.500000 0.087153 1.304348 -1.257356 1.570796 0.000000 191.000000
7.500000 0.108941 0.826271 -0.534447 1.570796 0.000000 191.000000
7.500000 0.130729 0.937500 -0.478737 1.570796 0.000000 191.000000
7.500000 0.152518 1.944444 -0.427004 1.570796 0.000000 191.000000
7.500000 0.174306 1.051402 -2.453948 1.570796 0.000000 191.000000
7.500000 0.196094 2.116935 -0.159335 0.000000 0.000000 191.000000
7.500000 0.217882 2.390830 0.048028 0.785398 0.000000 191.000000
7.500000 0.239671 0.945946 -0.846450 1.570796 0.000000 191.000000
7.500000 0.261459 2.160665 0.006733 0.000000 0.000000 191.000000
7.500000 0.283247 2.445652 -0.285617 1.570796 0.000000 191.000000
7.500000 0.305035 0.870536 -0.583713 1.570796 0.000000 191.000000
7.500000 0.326824 0.919355 -0.087477 1.570796 0.000000 191.000000
7.500000 0.348612 0.840000 -0.242098 1.570796 0.000000 191.000000
7.500000 0.370400 0.889831 -0.746605 1.570796 0.000000 191.000000
7.500000 0.392188 1.019417 -0.583180 1.570796 0.000000 191.000000
7.500000 0.413977 1.102941 -0.514244 1.570796 0.000000 191.000000
7.500000 0.435765 2.604167 -0.071002 0.785398 0.000000 191.000000
7.500000 0.457553 0.953390 -0.007414 1.570796 0.000000 191.000000
7.500000 0.479341 2.589779 0.021070 0.000000 0.000000 191.000000
7.500000 0.501129 1.730769 -3.790029 1.570796 0.000000 191.000000
7.500000 0.522918 2.219388 -0.391559 1.570796 0.000000 191.000000
7.500000 0.544706 0.969828 -0.709187 1.570796 0.000000 191.000000
7.500000 0.566494 0.827206 -0.205615 1.570796 0.000000 191.000000
7.500000 0.588282 0.913043 -0.507753 1.570796 0.000000 191.000000
7.500000 0.610071 0.819328 -0.236771 1.570796 0.000000 191.000000
7.500000 0.631859 0.873288 -0.089821 1.570796 0.000000 191.000000
7.500000 0.653647 0.878906 -0.385758 1.570796 0.000000 191.000000
7.500000 0.675435 0.916031 -0.197602 1.570796 0.000000 191.000000
7.500000 0.697224 0.799180 -0.175855 1.570796 0.000000 191.000000
7.500000 0.719012 1.180556 -0.763787 1.570796 0.000000 191.000000
7.500000 0.740800 1.055556 -0.286502 1.570796 0.000000 191.000000
7.500000 0.762588 0.875000 -0.221809 1.570796 0.000000 191.000000
7.500000 0.784377 1.071429 -0.639204 1.570796 0.000000 191.000000
7.500000 0.806165 1.013514 -0.376591 1.570796 0.000000 191.000000
7.500000 0.827953 2.732877 -0.062896 0.000000 0.000000 191.000000
7.500000 0.849741 2.913223 -0.082284 0.000000 0.000000 191.000000
7.500000 0.871530 2.463663 0.061225 0.000000 0.000000 191.000000
7.500000 0.893318 1.661392 0.009339 1.570796 0.000000 191.000000
7.500000 0.915106 1.932515 -0.199347 1.570796 0.000000 191.000000
7.500000 0.936894 1.611570 -0.504800 1.570796 0.000000 191.000000
7.500000 0.958682 1.978528 -0.235285 1.570796 0.000000 191.000000
7.500000 0.980471 2.473822 -0.223510 1.570796 0.000000 191.000000
7.500000 1.002259 1.958599 -0.104851 1.570796 0.000000 191.000000
7.500000 1.024047 2.037037 0.064531 1.570796 0.000000 191.000000
7.500000 1.045835 1.916058 -0.046465 1.570796 0.000000 191.000000
7.500000 1.067624 2.430168 -0.049392 1.570796 0.000000 191.000000
7.500000 1.089412 1.165049 -0.826242 1.570796 0.000000 191.000000
7.500000 1.111200 1.061947 -0.709005 1.570796 0.000000 191.000000
7.500000 1.132988 1.406250 -0.823641 1.570796 0.000000 191.000000
