0.5625076690485313
-0.5117407469296889
0.3766900874548202
-0.6888858238079366
0.3064568417520785
-0.49872455605785976
0.5753210031669894
-0.4381998916042044
0.482388503587302
-0.49215745960917073
0.2410885490310394
-0.6822591866028658
0.552113650450842
-0.699508729154988
0.5637544636770344
-0.3575868841971575
0.2910959144352848
-0.5434478691278501
0.3836931681260352
-0.4529964607317403
0.5698268473546153
-0.636375023205586
0.30939182809480953
-0.6662942332165225
0.29025737058326045
-0.27375098470538317
0.4684730305336706
-0.636087182261638
0.6203518846479361
-0.4722384404439354
0.2906603560104092
-0.47308145386098094