0.3016439988619292
-0.6882424747260131
0.3015562077915294
-0.4767696448600126
0.5876591950290068
-0.6819811357426973
0.3323246294040807
-0.2598521779593002
0.6185076100368315
-0.5742287930797326
0.4648600073467632
-0.6181175376585593
0.3623075857242778
-0.6316380127188522
0.26240510421900975
-0.367297689005222
0.3500387318518382
-0.5451961517273021
0.3040667056075532
-0.6344034476753216
0.6522541464244367
-0.35872834357485706
0.3066420996378632
-0.7300575667092699
0.32382105330936445
-0.5723258986440324
0.4794733810047067
-0.5407013435744028
0.2606001960848455
-0.7462455761494012
0.4350212817250509
-0.4687197097650071