10.250000 0.000000 1.000000 -0.866894 1.570796 0.000000 574.000000
10.250000 0.040696 0.858779 -0.690776 1.570796 0.000000 574.000000
10.250000 0.081391 0.858779 -1.328080 1.570796 0.000000 574.000000
10.250000 0.122087 0.885827 -1.003309 1.570796 0.000000 574.000000
10.250000 0.162782 0.692308 -1.296501 1.570796 0.000000 574.000000
10.250000 0.203478 0.568966 -0.941093 1.570796 0.000000 574.000000
10.250000 0.244174 0.509259 -0.514733 1.570796 0.000000 574.000000
10.250000 0.284869 0.502392 -0.456539 1.570796 0.000000 574.000000
10.250000 0.325565 0.500000 -0.117392 1.570796 0.000000 574.000000
10.250000 0.366260 0.500000 0.363368 1.570796 0.000000 574.000000
10.250000 0.406956 0.500000 0.869353 1.570796 0.000000 574.000000
10.250000 0.447651 0.500000 1.300841 1.570796 0.000000 574.000000
10.250000 0.488347 0.500000 1.695119 1.570796 0.000000 574.000000
10.250000 0.529043 0.500000 2.064757 1.570796 0.000000 574.000000
10.250000 0.569738 0.500000 2.420284 1.570796 0.000000 574.000000
10.250000 0.610434 0.510000 2.760513 1.570796 0.000000 574.000000
10.250000 0.651129 0.500000 3.095468 1.570796 0.000000 574.000000
10.250000 0.691825 0.500000 3.424626 1.570796 0.000000 574.000000
10.250000 0.732521 0.512195 3.739315 1.570796 0.000000 574.000000
10.250000 0.773216 0.500000 4.013469 1.570796 0.000000 574.000000
10.250000 0.813912 0.517241 4.368209 1.570796 0.000000 574.000000
10.250000 0.854607 0.500000 4.687233 1.570796 0.000000 574.000000
10.250000 0.895303 0.500000 4.989057 1.570796 0.000000 574.000000
10.250000 0.935999 0.523256 5.280363 1.570796 0.000000 574.000000
10.250000 0.976694 0.500000 5.580033 1.570796 0.000000 574.000000
10.250000 1.017390 0.500000 5.879164 1.570796 0.000000 574.000000
10.250000 1.058085 0.500000 6.160310 1.570796 0.000000 574.000000
10.250000 1.098781 0.500000 6.461568 1.570796 0.000000 574.000000
10.250000 1.139476 0.500000 6.748226 1.570796 0.000000 574.000000
10.250000 1.180172 0.529412 6.998637 1.570796 0.000000 574.000000
10.250000 1.220868 0.500000 7.316606 1.570796 0.000000 574.000000
10.250000 1.261563 0.543478 7.561116 1.570796 0.000000 574.000000
10.250000 1.302259 0.513699 7.853971 1.570796 0.000000 574.000000
10.250000 1.342954 0.543478 8.088976 1.570796 0.000000 574.000000
10.250000 1.383650 0.500000 8.426019 1.570796 0.000000 574.000000
10.250000 1.424346 0.535714 8.639908 1.570796 0.000000 574.000000
10.250000 1.465041 0.500000 8.941118 1.570796 0.000000 574.000000
10.250000 1.505737 0.517241 9.181050 1.570796 0.000000 574.000000
10.250000 1.546432 0.545455 9.391242 1.570796 0.000000 574.000000
10.250000 1.587128 0.576923 9.653490 1.570796 0.000000 574.000000
10.250000 1.627823 0.500000 10.036777 1.570796 0.000000 574.000000
10.250000 1.668519 0.548780 10.224295 1.570796 0.000000 574.000000
10.250000 1.709215 0.576923 10.447317 1.570796 0.000000 574.000000
10.250000 1.749910 0.576923 10.735793 1.570796 0.000000 574.000000
10.250000 1.790606 0.500000 11.003239 1.570796 0.000000 574.000000
10.250000 1.831301 0.535714 11.188387 1.570796 0.000000 574.000000
10.250000 1.871997 0.548780 11.357396 1.570796 0.000000 574.000000
10.250000 1.912693 0.576923 11.526725 1.570796 0.000000 574.000000
10.250000 1.953388 0.592105 11.819139 1.570796 0.000000 574.000000
10.250000 1.994084 0.500000 12.421683 1.570796 0.000000 574.000000
10.250000 2.034779 0.500000 12.661406 1.570796 0.000000 574.000000
10.250000 2.075475 0.555556 12.789917 1.570796 0.000000 574.000000
10.250000 2.116171 0.576923 12.893571 1.570796 0.000000 574.000000
