9.500000 0.000000 1.080000 -0.931284 1.570796 0.000000 574.000000
9.500000 0.034958 0.983607 -0.551637 1.570796 0.000000 574.000000
9.500000 0.069916 0.922131 -0.682724 1.570796 0.000000 574.000000
9.500000 0.104874 0.914634 -0.848592 1.570796 0.000000 574.000000
9.500000 0.139832 0.900000 -0.636985 1.570796 0.000000 574.000000
9.500000 0.174790 0.755396 -0.674037 1.570796 0.000000 574.000000
9.500000 0.209748 0.706522 -0.160205 1.570796 0.000000 574.000000
9.500000 0.244706 0.821168 -0.125645 1.570796 0.000000 574.000000
9.500000 0.279664 0.686620 -0.578476 1.570796 0.000000 574.000000
9.500000 0.314622 0.929204 -1.041798 1.570796 0.000000 574.000000
9.500000 0.349580 0.913043 -0.353227 1.570796 0.000000 574.000000
9.500000 0.384538 0.810811 -1.210964 1.570796 0.000000 574.000000
9.500000 0.419496 0.967742 -0.651672 1.570796 0.000000 574.000000
9.500000 0.454454 0.865385 -0.553209 1.570796 0.000000 574.000000
9.500000 0.489412 0.664557 -0.399849 1.570796 0.000000 574.000000
9.500000 0.524370 0.838816 -0.345743 1.570796 0.000000 574.000000
9.500000 0.559328 0.548780 -0.809305 1.570796 0.000000 574.000000
9.500000 0.594286 0.506757 -1.229126 1.570796 0.000000 574.000000
9.500000 0.629244 0.500000 -0.139656 1.570796 0.000000 574.000000
9.500000 0.664202 0.500000 0.708090 1.570796 0.000000 574.000000
9.500000 0.699160 0.500000 1.310490 1.570796 0.000000 574.000000
9.500000 0.734118 0.500000 1.808720 1.570796 0.000000 574.000000
9.500000 0.769076 0.500000 2.253384 1.570796 0.000000 574.000000
9.500000 0.804034 0.500000 2.656623 1.570796 0.000000 574.000000
9.500000 0.838992 0.500000 3.036951 1.570796 0.000000 574.000000
9.500000 0.873950 0.500000 3.394640 1.570796 0.000000 574.000000
9.500000 0.908908 0.500000 3.739094 1.570796 0.000000 574.000000
9.500000 0.943866 0.500000 4.063576 1.570796 0.000000 574.000000
9.500000 0.978824 0.500000 4.386531 1.570796 0.000000 574.000000
9.500000 1.013783 0.517241 4.706147 1.570796 0.000000 574.000000
9.500000 1.048741 0.500000 4.997766 1.570796 0.000000 574.000000
9.500000 1.083699 0.496689 5.273403 1.570796 0.000000 574.000000
9.500000 1.118657 0.500000 5.590518 1.570796 0.000000 574.000000
9.500000 1.153615 0.500000 5.871079 1.570796 0.000000 574.000000
9.500000 1.188573 0.500000 6.134572 1.570796 0.000000 574.000000
9.500000 1.223531 0.500000 6.411408 1.570796 0.000000 574.000000
9.500000 1.258489 0.500000 6.678348 1.570796 0.000000 574.000000
9.500000 1.293447 0.500000 6.976059 1.570796 0.000000 574.000000
9.500000 1.328405 0.528169 7.192667 1.570796 0.000000 574.000000
9.500000 1.363363 0.500000 7.453934 1.570796 0.000000 574.000000
9.500000 1.398321 0.528169 7.708991 1.570796 0.000000 574.000000
9.500000 1.433279 0.500000 7.986227 1.570796 0.000000 574.000000
9.500000 1.468237 0.526316 8.194888 1.570796 0.000000 574.000000
9.500000 1.503195 0.566038 8.451820 1.570796 0.000000 574.000000
9.500000 1.538153 0.500000 8.648429 1.570796 0.000000 574.000000
9.500000 1.573111 0.526316 8.886373 1.570796 0.000000 574.000000
9.500000 1.608069 0.555556 9.110719 1.570796 0.000000 574.000000
9.500000 1.643027 0.500000 9.450574 1.570796 0.000000 574.000000
9.500000 1.677985 0.523256 9.619587 1.570796 0.000000 574.000000
9.500000 1.712943 0.548780 9.739261 1.570796 0.000000 574.000000
9.500000 1.747901 0.562500 9.954697 1.570796 0.000000 574.000000
9.500000 1.782859 0.500000 10.239910 1.570796 0.000000 574.000000
9.500000 1.817817 0.500000 10.373728 1.570796 0.000000 574.000000
