7.000000 0.000000 1.262376 -0.315756 1.570796 0.000000 574.000000
7.000000 0.018980 1.406250 -0.705712 1.570796 0.000000 574.000000
7.000000 0.037960 2.173913 -0.139619 1.570796 0.000000 574.000000
7.000000 0.056940 1.403226 0.094544 1.570796 0.000000 574.000000
7.000000 0.075920 0.891089 -0.560141 1.570796 0.000000 574.000000
7.000000 0.094900 0.886364 -0.269170 1.570796 0.000000 574.000000
7.000000 0.113880 1.179775 -1.163472 1.570796 0.000000 574.000000
7.000000 0.132860 0.872093 -0.181752 1.570796 0.000000 574.000000
7.000000 0.151840 2.071429 -0.174164 1.570796 0.000000 574.000000
7.000000 0.170820 1.206897 -1.302486 1.570796 0.000000 574.000000
7.000000 0.189800 0.937500 -0.422497 1.570796 0.000000 574.000000
7.000000 0.208780 0.937500 -0.708504 1.570796 0.000000 574.000000
7.000000 0.227760 0.944882 -0.275789 1.570796 0.000000 574.000000
7.000000 0.246740 0.945946 -0.247934 1.570796 0.000000 574.000000
7.000000 0.265720 2.355372 -0.013276 0.000000 0.000000 574.000000
7.000000 0.284700 0.870536 -0.280291 1.570796 0.000000 574.000000
7.000000 0.303680 1.220930 -1.909331 1.570796 0.000000 574.000000
7.000000 0.322660 0.867769 -0.201033 1.570796 0.000000 574.000000
7.000000 0.341640 0.947368 -0.975436 1.570796 0.000000 574.000000
7.000000 0.360620 0.889831 -0.638929 1.570796 0.000000 574.000000
7.000000 0.379600 0.900000 -0.221432 1.570796 0.000000 574.000000
7.000000 0.398580 0.937500 -0.704059 1.570796 0.000000 574.000000
7.000000 0.417559 2.108108 -0.059370 1.570796 0.000000 574.000000
7.000000 0.436539 0.918367 -0.761880 1.570796 0.000000 574.000000
7.000000 0.455519 1.039604 -0.672546 1.570796 0.000000 574.000000
7.000000 0.474499 1.005155 -0.570997 1.570796 0.000000 574.000000
7.000000 0.493479 1.165049 -0.446462 1.570796 0.000000 574.000000
7.000000 0.512459 1.093750 -0.383426 1.570796 0.000000 574.000000
7.000000 0.531439 1.051402 -0.399777 1.570796 0.000000 574.000000
7.000000 0.550419 2.299528 -0.806225 0.785398 0.000000 574.000000
7.000000 0.569399 1.588983 -0.168646 1.570796 0.000000 574.000000
7.000000 0.588379 2.455036 -0.084833 0.000000 0.000000 574.000000
7.000000 0.607359 1.385870 -3.693189 1.570796 0.000000 574.000000
7.000000 0.626339 1.082474 -1.391639 1.570796 0.000000 574.000000
7.000000 0.645319 1.102941 -0.677520 1.570796 0.000000 574.000000
7.000000 0.664299 2.610497 0.023425 0.000000 0.000000 574.000000
7.000000 0.683279 1.275000 -0.513214 1.570796 0.000000 574.000000
7.000000 0.702259 1.009615 -0.408611 1.570796 0.000000 574.000000
7.000000 0.721239 1.071429 -0.941975 1.570796 0.000000 574.000000
7.000000 0.740219 1.147959 -0.830849 1.570796 0.000000 574.000000
7.000000 0.759199 1.034483 -0.319474 1.570796 0.000000 574.000000
7.000000 0.778179 1.136364 -0.427418 1.570796 0.000000 574.000000
7.000000 0.797159 1.148649 -0.333861 1.570796 0.000000 574.000000
7.000000 0.816139 1.013514 -0.521452 1.570796 0.000000 574.000000
7.000000 0.835119 1.379310 -0.335172 1.570796 0.000000 574.000000
7.000000 0.854099 2.142857 -0.002482 1.570796 0.000000 574.000000
7.000000 0.873079 1.782787 -0.359720 1.570796 0.000000 574.000000
7.000000 0.892059 2.195122 -2.035362 1.570796 0.000000 574.000000
7.000000 0.911039 1.214286 -0.521492 1.570796 0.000000 574.000000
7.000000 0.930019 2.711864 -0.629843 1.570796 0.000000 574.000000
7.000000 0.948999 2.352941 -0.284469 1.570796 0.000000 574.000000
7.000000 0.967979 1.484375 0.111099 1.570796 0.000000 574.000000
7.000000 0.986959 1.437500 -0.152948 1.570796 0.000000 574.000000
