19.000000 0.000000 0.570000 -0.789628 1.570796 0.000000 574.000000
19.000000 0.139832 0.550193 -0.919568 1.570796 0.000000 574.000000
19.000000 0.279664 0.554475 -1.005268 1.570796 0.000000 574.000000
19.000000 0.419496 0.617284 -0.918460 1.570796 0.000000 574.000000
19.000000 0.559328 0.595238 -0.892702 1.570796 0.000000 574.000000
19.000000 0.699160 0.396226 -0.733626 1.570796 0.000000 574.000000
19.000000 0.838992 0.488506 -0.917697 1.570796 0.000000 574.000000
19.000000 0.978824 0.500000 1.822443 3.141593 0.000000 574.000000
19.000000 1.118657 0.500000 4.884356 3.141593 0.000000 574.000000
19.000000 1.258489 0.500000 7.080736 3.141593 0.000000 574.000000
19.000000 1.398321 0.500000 8.971769 3.141593 0.000000 574.000000
19.000000 1.538153 0.500000 10.668629 3.141593 0.000000 574.000000
19.000000 1.677985 0.525000 12.268117 3.141593 0.000000 574.000000
19.000000 1.817817 0.511364 13.823205 3.141593 0.000000 574.000000
19.000000 1.957649 0.500000 15.209818 3.141593 0.000000 574.000000
19.000000 2.097481 0.526316 16.629600 3.141593 0.000000 574.000000
19.000000 2.237313 0.517241 18.013965 3.141593 0.000000 574.000000
19.000000 2.377145 0.500000 19.394089 3.141593 0.000000 574.000000
19.000000 2.516977 0.576923 20.488734 3.141593 0.000000 574.000000
19.000000 2.656809 0.523256 21.710353 3.141593 0.000000 574.000000
19.000000 2.796641 0.576923 22.659333 3.141593 0.000000 574.000000
19.000000 2.936473 0.500000 24.423275 3.141593 0.000000 574.000000
19.000000 3.076306 0.600000 24.921985 3.141593 0.000000 574.000000
19.000000 3.216138 0.652174 26.152332 3.141593 0.000000 574.000000
19.000000 3.355970 0.500000 27.385538 3.141593 0.000000 574.000000
19.000000 3.495802 0.555556 28.000341 3.141593 0.000000 574.000000
19.000000 3.635634 0.600000 28.491906 3.141593 0.000000 574.000000
19.000000 3.775466 0.625000 29.185498 3.141593 0.000000 574.000000
19.000000 3.915298 0.652174 30.569766 3.141593 0.000000 574.000000
19.000000 4.055130 1.000000 33.514342 3.141593 0.000000 574.000000
19.000000 4.194962 1.000000 33.973399 3.141593 0.000000 574.000000
19.000000 4.334794 1.000000 34.215817 3.141593 0.000000 574.000000
19.000000 4.474626 1.000000 33.854698 3.141593 0.000000 574.000000
19.000000 4.614458 1.000000 33.809368 3.141593 0.000000 574.000000
19.000000 4.754290 1.000000 34.556609 3.141593 0.000000 574.000000
19.000000 4.894122 1.000000 34.915113 3.141593 0.000000 574.000000
19.000000 5.033955 1.000000 35.615350 3.141593 0.000000 574.000000
19.000000 5.173787 1.000000 36.345977 3.141593 0.000000 574.000000
19.000000 5.313619 1.000000 37.901808 3.141593 0.000000 574.000000
19.000000 5.453451 1.000000 38.266958 3.141593 0.000000 574.000000
19.000000 5.593283 1.000000 38.851465 3.141593 0.000000 574.000000
19.000000 5.733115 1.000000 37.553993 3.141593 0.000000 574.000000
19.000000 5.872947 1.000000 37.905373 3.141593 0.000000 574.000000
19.000000 6.012779 1.000000 37.318230 3.141593 0.000000 574.000000
19.000000 6.152611 1.000000 37.492953 3.141593 0.000000 574.000000
19.000000 6.292443 1.000000 37.566305 3.141593 0.000000 574.000000
19.000000 6.432275 1.000000 34.581997 3.141593 0.000000 574.000000
19.000000 6.572107 1.000000 34.468652 3.141593 0.000000 574.000000
19.000000 6.711939 1.000000 34.306154 3.141593 0.000000 574.000000
19.000000 6.851771 1.000000 34.142027 3.141593 0.000000 574.000000
19.000000 6.991604 1.000000 34.827991 3.141593 0.000000 574.000000
19.000000 7.131436 1.000000 34.908350 3.141593 0.000000 574.000000
19.000000 7.271268 1.000000 35.069038 3.141593 0.000000 574.000000
