11.000000 0.000000 0.865385 -0.737523 1.570796 0.000000 574.000000
11.000000 0.046869 1.459732 -0.737847 1.570796 0.000000 574.000000
11.000000 0.093738 1.555556 -1.096054 4.712389 0.000000 574.000000
11.000000 0.140607 1.569767 -1.077199 4.712389 0.000000 574.000000
11.000000 0.187476 1.444444 -1.198064 4.712389 0.000000 574.000000
11.000000 0.234345 0.500000 0.424623 1.570796 0.000000 574.000000
11.000000 0.281214 0.500000 0.737070 1.570796 0.000000 574.000000
11.000000 0.328082 0.500000 1.219596 1.570796 0.000000 574.000000
11.000000 0.374951 0.500000 1.587976 1.570796 0.000000 574.000000
11.000000 0.421820 0.500000 1.936140 1.570796 0.000000 574.000000
11.000000 0.468689 0.500000 2.274460 1.570796 0.000000 574.000000
11.000000 0.515558 0.507117 2.609579 1.570796 0.000000 574.000000
11.000000 0.562427 0.500000 2.948089 1.570796 0.000000 574.000000
11.000000 0.609296 0.500000 3.285519 1.570796 0.000000 574.000000
11.000000 0.656165 0.500000 3.618509 1.570796 0.000000 574.000000
11.000000 0.703034 0.514286 3.938703 1.570796 0.000000 574.000000
11.000000 0.749903 0.518868 4.268290 1.570796 0.000000 574.000000
11.000000 0.796772 0.513699 4.599234 1.570796 0.000000 574.000000
11.000000 0.843641 0.500000 4.941036 1.570796 0.000000 574.000000
11.000000 0.890510 0.517241 5.254505 1.570796 0.000000 574.000000
11.000000 0.937378 0.521739 5.564395 1.570796 0.000000 574.000000
11.000000 0.984247 0.530303 5.903765 1.570796 0.000000 574.000000
11.000000 1.031116 0.525000 6.208325 1.570796 0.000000 574.000000
11.000000 1.077985 0.523256 6.549660 1.570796 0.000000 574.000000
11.000000 1.124854 0.500000 6.876503 1.570796 0.000000 574.000000
11.000000 1.171723 0.542169 7.141722 1.570796 0.000000 574.000000
11.000000 1.218592 0.528169 7.496568 1.570796 0.000000 574.000000
11.000000 1.265461 0.500000 7.829724 1.570796 0.000000 574.000000
11.000000 1.312330 0.528169 8.077090 1.570796 0.000000 574.000000
11.000000 1.359199 0.551471 8.358121 1.570796 0.000000 574.000000
11.000000 1.406068 0.526316 8.758431 1.570796 0.000000 574.000000
11.000000 1.452937 0.555556 9.020452 1.570796 0.000000 574.000000
11.000000 1.499805 0.500000 9.332949 1.570796 0.000000 574.000000
11.000000 1.546674 0.535714 9.544391 1.570796 0.000000 574.000000
11.000000 1.593543 0.555556 9.784542 1.570796 0.000000 574.000000
11.000000 1.640412 0.500000 10.304048 1.570796 0.000000 574.000000
11.000000 1.687281 0.535714 10.559250 1.570796 0.000000 574.000000
11.000000 1.734150 0.562500 10.740934 1.570796 0.000000 574.000000
11.000000 1.781019 0.592105 11.031571 1.570796 0.000000 574.000000
11.000000 1.827888 0.500000 11.369019 1.570796 0.000000 574.000000
11.000000 1.874757 0.500000 11.524104 1.570796 0.000000 574.000000
11.000000 1.921626 0.548780 11.727870 1.570796 0.000000 574.000000
11.000000 1.968495 0.562500 11.964195 1.570796 0.000000 574.000000
11.000000 2.015364 0.576923 12.183483 1.570796 0.000000 574.000000
11.000000 2.062233 0.608108 12.533545 1.570796 0.000000 574.000000
11.000000 2.109101 0.500000 13.221099 1.570796 0.000000 574.000000
11.000000 2.155970 0.555556 13.415264 1.570796 0.000000 574.000000
11.000000 2.202839 0.576923 13.557171 1.570796 0.000000 574.000000
11.000000 2.249708 0.600000 13.704608 1.570796 0.000000 574.000000
11.000000 2.296577 0.625000 13.938436 1.570796 0.000000 574.000000
11.000000 2.343446 0.652174 14.195698 1.570796 0.000000 574.000000
11.000000 2.390315 0.608108 14.443206 1.570796 0.000000 574.000000
11.000000 2.437184 0.500000 14.782695 1.570796 0.000000 574.000000
