6.000000 0.000000 1.122047 -0.101780 1.570796 0.000000 574.000000
6.000000 0.013944 0.981308 0.053344 1.570796 0.000000 574.000000
6.000000 0.027889 0.913043 -0.165158 1.570796 0.000000 574.000000
6.000000 0.041833 0.981308 -0.087903 1.570796 0.000000 574.000000
6.000000 0.055778 1.034483 -0.289448 1.570796 0.000000 574.000000
6.000000 0.069722 0.905172 -0.161515 1.570796 0.000000 574.000000
6.000000 0.083667 0.928571 -0.524556 1.570796 0.000000 574.000000
6.000000 0.097611 0.919811 -0.095834 1.570796 0.000000 574.000000
6.000000 0.111556 0.965909 0.023785 1.570796 0.000000 574.000000
6.000000 0.125500 0.994898 -0.261665 1.570796 0.000000 574.000000
6.000000 0.139445 1.104651 -0.052162 1.570796 0.000000 574.000000
6.000000 0.153389 0.947368 -0.372783 1.570796 0.000000 574.000000
6.000000 0.167334 0.919811 -0.516078 1.570796 0.000000 574.000000
6.000000 0.181278 0.927835 -0.664624 1.570796 0.000000 574.000000
6.000000 0.195223 0.916667 -0.457605 1.570796 0.000000 574.000000
6.000000 0.209167 0.926966 -0.895606 1.570796 0.000000 574.000000
6.000000 0.223112 0.937500 -0.568928 1.570796 0.000000 574.000000
6.000000 0.237056 0.988372 -0.108304 1.570796 0.000000 574.000000
6.000000 0.251001 0.981308 -0.220501 1.570796 0.000000 574.000000
6.000000 0.264945 0.975000 -0.277654 1.570796 0.000000 574.000000
6.000000 0.278889 0.918367 -0.135691 1.570796 0.000000 574.000000
6.000000 0.292834 0.902778 -0.101630 1.570796 0.000000 574.000000
6.000000 0.306778 0.918367 -0.700069 1.570796 0.000000 574.000000
6.000000 0.320723 0.948276 -0.641399 1.570796 0.000000 574.000000
6.000000 0.334667 0.972222 -0.039876 1.570796 0.000000 574.000000
6.000000 0.348612 1.079545 0.171818 1.570796 0.000000 574.000000
6.000000 0.362556 0.894495 -0.297953 1.570796 0.000000 574.000000
6.000000 0.376501 0.928571 0.087971 1.570796 0.000000 574.000000
6.000000 0.390445 0.973282 -0.214235 1.570796 0.000000 574.000000
6.000000 0.404390 0.967742 -0.231384 1.570796 0.000000 574.000000
6.000000 0.418334 0.900000 -0.385725 1.570796 0.000000 574.000000
6.000000 0.432279 1.189024 -0.532602 1.570796 0.000000 574.000000
6.000000 0.446223 0.969828 -0.454266 1.570796 0.000000 574.000000
6.000000 0.460168 1.080000 0.048560 1.570796 0.000000 574.000000
6.000000 0.474112 1.278409 -0.031778 1.570796 0.000000 574.000000
6.000000 0.488057 1.028226 -0.129404 1.570796 0.000000 574.000000
6.000000 0.502001 1.113861 -0.258477 1.570796 0.000000 574.000000
6.000000 0.515945 1.005155 0.028415 1.570796 0.000000 574.000000
6.000000 0.529890 1.250000 -0.813776 1.570796 0.000000 574.000000
6.000000 0.543834 0.981308 -0.200875 1.570796 0.000000 574.000000
6.000000 0.557779 0.913043 -0.159766 1.570796 0.000000 574.000000
6.000000 0.571723 0.984848 -0.327233 1.570796 0.000000 574.000000
6.000000 0.585668 0.994898 -0.146201 1.570796 0.000000 574.000000
6.000000 0.599612 1.099138 -0.161103 1.570796 0.000000 574.000000
6.000000 0.613557 1.406250 -0.070058 1.570796 0.000000 574.000000
6.000000 0.627501 1.406250 -0.078664 1.570796 0.000000 574.000000
6.000000 0.641446 1.149194 0.183433 1.570796 0.000000 574.000000
6.000000 0.655390 1.071429 -0.028675 1.570796 0.000000 574.000000
6.000000 0.669335 1.238532 0.072857 1.570796 0.000000 574.000000
6.000000 0.683279 1.188119 0.161928 1.570796 0.000000 574.000000
6.000000 0.697224 1.355422 -0.834290 1.570796 0.000000 574.000000
6.000000 0.711168 1.129032 -0.940580 1.570796 0.000000 574.000000
6.000000 0.725113 1.200000 -0.531398 1.570796 0.000000 574.000000
