16.000000 0.000000 0.678571 -0.887271 1.570796 0.000000 574.000000
16.000000 0.099161 0.698529 -1.040249 1.570796 0.000000 574.000000
16.000000 0.198321 0.678571 -1.147400 1.570796 0.000000 574.000000
16.000000 0.297482 0.595794 -0.807721 1.570796 0.000000 574.000000
16.000000 0.396643 0.666667 -1.003609 1.570796 0.000000 574.000000
16.000000 0.495803 0.716080 -0.948209 1.570796 0.000000 574.000000
16.000000 0.594964 0.601415 -1.196417 1.570796 0.000000 574.000000
16.000000 0.694125 0.639810 -0.930964 1.570796 0.000000 574.000000
16.000000 0.793286 0.750000 -0.515641 1.570796 0.000000 574.000000
16.000000 0.892446 0.582524 -1.132287 1.570796 0.000000 574.000000
16.000000 0.991607 0.820312 -1.135897 1.570796 0.000000 574.000000
16.000000 1.090768 0.571749 -0.958630 1.570796 0.000000 574.000000
16.000000 1.189928 0.708955 -1.424438 1.570796 0.000000 574.000000
16.000000 1.289089 0.853081 -1.229575 1.570796 0.000000 574.000000
16.000000 1.388250 0.807692 -0.713332 1.570796 0.000000 574.000000
16.000000 1.487410 1.000000 -0.566766 4.712389 0.000000 574.000000
16.000000 1.586571 1.000000 1.147284 4.712389 0.000000 574.000000
16.000000 1.685732 1.000000 2.369732 4.712389 0.000000 574.000000
16.000000 1.784892 1.000000 3.401309 4.712389 0.000000 574.000000
16.000000 1.884053 1.000000 4.353854 4.712389 0.000000 574.000000
16.000000 1.983214 1.000000 5.277316 4.712389 0.000000 574.000000
16.000000 2.082375 1.000000 6.133046 4.712389 0.000000 574.000000
16.000000 2.181535 1.000000 6.998079 4.712389 0.000000 574.000000
16.000000 2.280696 1.000000 7.919435 4.712389 0.000000 574.000000
16.000000 2.379857 0.982143 9.109675 4.712389 0.000000 574.000000
16.000000 2.479017 1.000000 10.229778 3.141593 0.000000 574.000000
16.000000 2.578178 0.652174 11.765491 3.141593 0.000000 574.000000
16.000000 2.677339 0.614754 12.813224 3.141593 0.000000 574.000000
16.000000 2.776499 0.500000 14.296265 3.141593 0.000000 574.000000
16.000000 2.875660 0.535714 14.999208 3.141593 0.000000 574.000000
16.000000 2.974821 0.500000 16.111770 3.141593 0.000000 574.000000
16.000000 3.073981 0.535714 16.993979 3.141593 0.000000 574.000000
16.000000 3.173142 0.548780 18.074528 3.141593 0.000000 574.000000
16.000000 3.272303 0.500000 19.620562 3.141593 0.000000 574.000000
16.000000 3.371464 0.535714 19.696028 3.141593 0.000000 574.000000
16.000000 3.470624 0.576923 19.837247 3.141593 0.000000 574.000000
16.000000 3.569785 0.517241 21.115345 3.141593 0.000000 574.000000
16.000000 3.668946 0.517241 21.314341 3.141593 0.000000 574.000000
16.000000 3.768106 0.555556 21.636028 3.141593 0.000000 574.000000
16.000000 3.867267 0.555556 21.780276 3.141593 0.000000 574.000000
16.000000 3.966428 0.576923 22.609611 3.141593 0.000000 574.000000
16.000000 4.065588 0.600000 23.166984 3.141593 0.000000 574.000000
16.000000 4.164749 1.000000 27.143464 3.141593 0.000000 574.000000
16.000000 4.263910 1.000000 27.026128 3.141593 0.000000 574.000000
16.000000 4.363070 0.978261 26.564993 4.712389 0.000000 574.000000
16.000000 4.462231 1.022727 25.746884 4.712389 0.000000 574.000000
16.000000 4.561392 1.071429 25.870613 4.712389 0.000000 574.000000
16.000000 4.660553 1.125000 25.850738 4.712389 0.000000 574.000000
16.000000 4.759713 1.000000 28.907357 4.712389 0.000000 574.000000
16.000000 4.858874 1.000000 29.855700 4.712389 0.000000 574.000000
16.000000 4.958035 1.000000 29.052071 4.712389 0.000000 574.000000
16.000000 5.057195 1.153846 29.375143 4.712389 0.000000 574.000000
16.000000 5.156356 1.250000 27.706293 4.712389 0.000000 574.000000
