17.500000 0.000000 0.579399 -0.949502 1.570796 0.000000 574.000000
17.500000 0.118625 0.608974 -0.943069 1.570796 0.000000 574.000000
17.500000 0.237250 0.619565 -1.127162 1.570796 0.000000 574.000000
17.500000 0.355875 0.667373 -0.890586 1.570796 0.000000 574.000000
17.500000 0.474499 0.750000 -1.234893 1.570796 0.000000 574.000000
17.500000 0.593124 0.554187 -1.175180 1.570796 0.000000 574.000000
17.500000 0.711749 0.486111 -1.355903 1.570796 0.000000 574.000000
17.500000 0.830374 0.454545 -0.887576 1.570796 0.000000 574.000000
17.500000 0.948999 0.529046 -1.046558 1.570796 0.000000 574.000000
17.500000 1.067624 0.383858 -0.737110 1.570796 0.000000 574.000000
17.500000 1.186249 0.366667 -0.871175 1.570796 0.000000 574.000000
17.500000 1.304873 0.394737 -0.913216 1.570796 0.000000 574.000000
17.500000 1.423498 0.500000 1.632820 3.141593 0.000000 574.000000
17.500000 1.542123 0.500000 5.076397 3.141593 0.000000 574.000000
17.500000 1.660748 0.500000 7.351833 3.141593 0.000000 574.000000
17.500000 1.779373 0.500000 9.219623 3.141593 0.000000 574.000000
17.500000 1.897998 0.503731 10.797781 3.141593 0.000000 574.000000
17.500000 2.016622 0.511364 12.376954 3.141593 0.000000 574.000000
17.500000 2.135247 0.528169 13.732338 3.141593 0.000000 574.000000
17.500000 2.253872 0.500000 15.114879 3.141593 0.000000 574.000000
17.500000 2.372497 0.500000 16.248181 3.141593 0.000000 574.000000
17.500000 2.491122 0.500000 17.597087 3.141593 0.000000 574.000000
17.500000 2.609747 0.548780 18.459084 3.141593 0.000000 574.000000
17.500000 2.728372 0.500000 19.583451 3.141593 0.000000 574.000000
17.500000 2.846996 0.548780 20.591266 3.141593 0.000000 574.000000
17.500000 2.965621 0.500000 22.046029 3.141593 0.000000 574.000000
17.500000 3.084246 0.555556 22.384180 3.141593 0.000000 574.000000
17.500000 3.202871 0.625000 23.196385 3.141593 0.000000 574.000000
17.500000 3.321496 0.500000 24.458134 3.141593 0.000000 574.000000
17.500000 3.440121 0.555556 24.837424 3.141593 0.000000 574.000000
17.500000 3.558746 0.576923 25.204452 3.141593 0.000000 574.000000
17.500000 3.677370 0.600000 26.029749 3.141593 0.000000 574.000000
17.500000 3.795995 0.625000 26.573734 3.141593 0.000000 574.000000
17.500000 3.914620 1.000000 29.865359 3.141593 0.000000 574.000000
17.500000 4.033245 1.000000 30.328749 3.141593 0.000000 574.000000
17.500000 4.151870 1.000000 29.319552 3.141593 0.000000 574.000000
17.500000 4.270495 1.000000 28.455241 3.141593 0.000000 574.000000
17.500000 4.389120 1.000000 28.958563 3.141593 0.000000 574.000000
17.500000 4.507744 1.000000 28.548842 3.141593 0.000000 574.000000
17.500000 4.626369 1.000000 28.933292 3.141593 0.000000 574.000000
17.500000 4.744994 1.000000 28.843379 3.141593 0.000000 574.000000
17.500000 4.863619 1.000000 29.239936 3.141593 0.000000 574.000000
17.500000 4.982244 1.000000 31.333356 3.141593 0.000000 574.000000
17.500000 5.100869 1.000000 30.284644 3.141593 0.000000 574.000000
17.500000 5.219494 1.000000 29.078858 3.141593 0.000000 574.000000
17.500000 5.338118 1.000000 29.225137 3.141593 0.000000 574.000000
17.500000 5.456743 1.000000 29.606585 3.141593 0.000000 574.000000
17.500000 5.575368 1.250000 27.515423 3.141593 0.000000 574.000000
17.500000 5.693993 1.250000 27.953254 3.141593 0.000000 574.000000
17.500000 5.812618 1.363636 29.231681 4.712389 0.000000 574.000000
17.500000 5.931243 1.363636 29.787941 4.712389 0.000000 574.000000
17.500000 6.049867 1.363636 30.390133 4.712389 0.000000 574.000000
17.500000 6.168492 1.500000 29.565241 4.712389 0.000000 574.000000
