8.500000 0.000000 1.100917 -0.784895 1.570796 0.000000 574.000000
8.500000 0.027986 0.878906 -0.811374 1.570796 0.000000 574.000000
8.500000 0.055972 0.706522 -0.455520 1.570796 0.000000 574.000000
8.500000 0.083957 0.706522 -0.468266 1.570796 0.000000 574.000000
8.500000 0.111943 0.913043 -0.867210 1.570796 0.000000 574.000000
8.500000 0.139929 0.833333 -0.691680 1.570796 0.000000 574.000000
8.500000 0.167915 0.860656 -0.791141 1.570796 0.000000 574.000000
8.500000 0.195900 0.860656 -0.675486 1.570796 0.000000 574.000000
8.500000 0.223886 0.905172 -0.723187 1.570796 0.000000 574.000000
8.500000 0.251872 0.703125 -0.393073 1.570796 0.000000 574.000000
8.500000 0.279858 0.717391 -0.774391 1.570796 0.000000 574.000000
8.500000 0.307844 0.840517 -0.608873 1.570796 0.000000 574.000000
8.500000 0.335829 0.762712 -0.520861 1.570796 0.000000 574.000000
8.500000 0.363815 0.756303 -0.602802 1.570796 0.000000 574.000000
8.500000 0.391801 0.973282 -0.697042 1.570796 0.000000 574.000000
8.500000 0.419787 0.875000 -0.703611 1.570796 0.000000 574.000000
8.500000 0.447773 0.945378 -0.932910 1.570796 0.000000 574.000000
8.500000 0.475758 0.813953 -0.389884 1.570796 0.000000 574.000000
8.500000 0.503744 0.733083 -0.434968 1.570796 0.000000 574.000000
8.500000 0.531730 0.799180 -0.484252 1.570796 0.000000 574.000000
8.500000 0.559716 1.071429 -0.715678 1.570796 0.000000 574.000000
8.500000 0.587701 0.914634 -0.785920 1.570796 0.000000 574.000000
8.500000 0.615687 0.853659 -0.645874 1.570796 0.000000 574.000000
8.500000 0.643673 0.892857 -0.822433 1.570796 0.000000 574.000000
8.500000 0.671659 0.807692 -0.509851 1.570796 0.000000 574.000000
8.500000 0.699645 0.923077 -0.604487 1.570796 0.000000 574.000000
8.500000 0.727630 0.691489 -0.407874 1.570796 0.000000 574.000000
8.500000 0.755616 1.138393 -0.983730 1.570796 0.000000 574.000000
8.500000 0.783602 0.875912 -0.437271 1.570796 0.000000 574.000000
8.500000 0.811588 0.840517 -0.902498 1.570796 0.000000 574.000000
8.500000 0.839573 0.761719 -0.329745 1.570796 0.000000 574.000000
8.500000 0.867559 0.878906 -0.499633 1.570796 0.000000 574.000000
8.500000 0.895545 0.801527 -0.856788 1.570796 0.000000 574.000000
8.500000 0.923531 0.870536 -1.261212 1.570796 0.000000 574.000000
8.500000 0.951517 0.812500 -0.632311 1.570796 0.000000 574.000000
8.500000 0.979502 0.760870 -0.207427 1.570796 0.000000 574.000000
8.500000 1.007488 0.696721 -0.054307 1.570796 0.000000 574.000000
8.500000 1.035474 0.506757 -1.062310 1.570796 0.000000 574.000000
8.500000 1.063460 0.500000 0.186773 1.570796 0.000000 574.000000
8.500000 1.091445 0.500000 1.048110 1.570796 0.000000 574.000000
8.500000 1.119431 0.500000 1.655976 1.570796 0.000000 574.000000
8.500000 1.147417 0.500000 2.165152 1.570796 0.000000 574.000000
8.500000 1.175403 0.500000 2.602578 1.570796 0.000000 574.000000
8.500000 1.203389 0.500000 3.001230 1.570796 0.000000 574.000000
8.500000 1.231374 0.500000 3.377699 1.570796 0.000000 574.000000
8.500000 1.259360 0.500000 3.716379 1.570796 0.000000 574.000000
8.500000 1.287346 0.500000 4.038665 1.570796 0.000000 574.000000
8.500000 1.315332 0.500000 4.366184 1.570796 0.000000 574.000000
8.500000 1.343318 0.500000 4.662616 1.570796 0.000000 574.000000
8.500000 1.371303 0.500000 4.931557 1.570796 0.000000 574.000000
8.500000 1.399289 0.500000 5.209047 1.570796 0.000000 574.000000
8.500000 1.427275 0.500000 5.489853 1.570796 0.000000 574.000000
8.500000 1.455261 0.500000 5.751542 1.570796 0.000000 574.000000
