18.250000 0.000000 0.470480 -0.757067 1.570796 0.000000 574.000000
18.250000 0.129011 0.470480 -0.715975 1.570796 0.000000 574.000000
18.250000 0.258021 0.429293 -0.726319 1.570796 0.000000 574.000000
18.250000 0.387032 0.477032 -0.904908 1.570796 0.000000 574.000000
18.250000 0.516042 0.533808 -0.795372 1.570796 0.000000 574.000000
18.250000 0.645053 0.426136 -0.924119 1.570796 0.000000 574.000000
18.250000 0.774063 0.352349 -0.803437 1.570796 0.000000 574.000000
18.250000 0.903074 0.438144 -0.748994 1.570796 0.000000 574.000000
18.250000 1.032085 0.325000 -0.905906 1.570796 0.000000 574.000000
18.250000 1.161095 0.500000 -0.004139 3.141593 0.000000 574.000000
18.250000 1.290106 0.500000 4.301301 3.141593 0.000000 574.000000
18.250000 1.419116 0.500000 6.716864 3.141593 0.000000 574.000000
18.250000 1.548127 0.515267 8.728276 3.141593 0.000000 574.000000
18.250000 1.677138 0.517241 10.388691 3.141593 0.000000 574.000000
18.250000 1.806148 0.500000 11.990615 3.141593 0.000000 574.000000
18.250000 1.935159 0.500000 13.491457 3.141593 0.000000 574.000000
18.250000 2.064169 0.543478 14.913124 3.141593 0.000000 574.000000
18.250000 2.193180 0.500000 16.237934 3.141593 0.000000 574.000000
18.250000 2.322190 0.500000 17.616513 3.141593 0.000000 574.000000
18.250000 2.451201 0.548780 18.582877 3.141593 0.000000 574.000000
18.250000 2.580212 0.500000 19.763827 3.141593 0.000000 574.000000
18.250000 2.709222 0.562500 20.835434 3.141593 0.000000 574.000000
18.250000 2.838233 0.500000 22.415710 3.141593 0.000000 574.000000
18.250000 2.967243 0.600000 22.841251 3.141593 0.000000 574.000000
18.250000 3.096254 0.652174 24.016290 3.141593 0.000000 574.000000
18.250000 3.225264 0.500000 24.806511 3.141593 0.000000 574.000000
18.250000 3.354275 0.576923 25.403974 3.141593 0.000000 574.000000
18.250000 3.483286 0.600000 26.312120 3.141593 0.000000 574.000000
18.250000 3.612296 0.625000 27.016714 3.141593 0.000000 574.000000
18.250000 3.741307 1.000000 30.180198 3.141593 0.000000 574.000000
18.250000 3.870317 1.000000 30.865624 3.141593 0.000000 574.000000
18.250000 3.999328 1.000000 30.611648 3.141593 0.000000 574.000000
18.250000 4.128339 1.000000 30.237641 3.141593 0.000000 574.000000
18.250000 4.257349 1.000000 30.973300 3.141593 0.000000 574.000000
18.250000 4.386360 1.000000 30.839670 3.141593 0.000000 574.000000
18.250000 4.515370 1.000000 31.290406 3.141593 0.000000 574.000000
18.250000 4.644381 1.000000 31.826689 3.141593 0.000000 574.000000
18.250000 4.773391 1.000000 32.381216 3.141593 0.000000 574.000000
18.250000 4.902402 1.000000 33.543365 3.141593 0.000000 574.000000
18.250000 5.031413 1.000000 34.015264 3.141593 0.000000 574.000000
18.250000 5.160423 1.000000 32.999665 3.141593 0.000000 574.000000
18.250000 5.289434 1.000000 32.708080 3.141593 0.000000 574.000000
18.250000 5.418444 1.000000 32.883069 3.141593 0.000000 574.000000
18.250000 5.547455 1.000000 32.463182 3.141593 0.000000 574.000000
18.250000 5.676465 1.000000 32.585373 3.141593 0.000000 574.000000
18.250000 5.805476 1.000000 30.009150 3.141593 0.000000 574.000000
18.250000 5.934487 1.000000 30.066585 3.141593 0.000000 574.000000
18.250000 6.063497 1.000000 30.143132 3.141593 0.000000 574.000000
18.250000 6.192508 1.000000 30.256079 3.141593 0.000000 574.000000
18.250000 6.321518 1.000000 31.253941 3.141593 0.000000 574.000000
18.250000 6.450529 1.363636 31.572529 3.141593 0.000000 574.000000
18.250000 6.579540 1.363636 31.959257 3.141593 0.000000 574.000000
18.250000 6.708550 1.363636 32.432905 4.712389 0.000000 574.000000
