13.250000 0.000000 0.767045 -1.160947 1.570796 0.000000 574.000000
13.250000 0.068004 0.843195 -0.972196 1.570796 0.000000 574.000000
13.250000 0.136007 0.843195 -0.641307 1.570796 0.000000 574.000000
13.250000 0.204011 0.767045 -0.627316 1.570796 0.000000 574.000000
13.250000 0.272014 0.750000 -0.898464 1.570796 0.000000 574.000000
13.250000 0.340018 0.659341 -0.851534 1.570796 0.000000 574.000000
13.250000 0.408021 0.614754 -0.761006 1.570796 0.000000 574.000000
13.250000 0.476025 0.532544 -0.849233 1.570796 0.000000 574.000000
13.250000 0.544028 0.641711 -0.452456 1.570796 0.000000 574.000000
13.250000 0.612032 0.789474 -1.179373 1.570796 0.000000 574.000000
13.250000 0.680035 0.705882 -0.980682 1.570796 0.000000 574.000000
13.250000 0.748039 0.576923 -1.024908 1.570796 0.000000 574.000000
13.250000 0.816042 0.535714 -0.930693 1.570796 0.000000 574.000000
13.250000 0.884046 0.533175 -0.753163 1.570796 0.000000 574.000000
13.250000 0.952049 0.604839 -0.631455 1.570796 0.000000 574.000000
13.250000 1.020053 0.491071 -2.311870 1.570796 0.000000 574.000000
13.250000 1.088056 0.500000 0.821183 1.570796 0.000000 574.000000
13.250000 1.156060 0.505051 2.143324 1.570796 0.000000 574.000000
13.250000 1.224063 0.507246 3.107628 1.570796 0.000000 574.000000
13.250000 1.292067 0.500000 3.938457 1.570796 0.000000 574.000000
13.250000 1.360070 0.515267 4.663890 1.570796 0.000000 574.000000
13.250000 1.428074 0.521739 5.342346 1.570796 0.000000 574.000000
13.250000 1.496077 0.525000 5.978180 1.570796 0.000000 574.000000
13.250000 1.564081 0.500000 6.651600 1.570796 0.000000 574.000000
13.250000 1.632084 0.500000 7.153033 1.570796 0.000000 574.000000
13.250000 1.700088 0.500000 7.805107 1.570796 0.000000 574.000000
13.250000 1.768091 0.543478 8.239725 1.570796 0.000000 574.000000
13.250000 1.836095 0.535714 8.671154 1.570796 0.000000 574.000000
13.250000 1.904098 0.500000 9.426861 1.570796 0.000000 574.000000
13.250000 1.972102 0.555556 9.766379 1.570796 0.000000 574.000000
13.250000 2.040105 0.500000 10.273441 1.570796 0.000000 574.000000
13.250000 2.108109 0.545455 10.575846 1.570796 0.000000 574.000000
13.250000 2.176112 0.566038 11.026097 1.570796 0.000000 574.000000
13.250000 2.244116 0.535714 11.829337 1.570796 0.000000 574.000000
13.250000 2.312119 0.562500 12.171379 1.570796 0.000000 574.000000
13.250000 2.380123 0.566038 12.525401 1.570796 0.000000 574.000000
13.250000 2.448126 0.500000 13.019258 1.570796 0.000000 574.000000
13.250000 2.516130 0.548780 13.234254 1.570796 0.000000 574.000000
13.250000 2.584133 0.576923 13.512773 1.570796 0.000000 574.000000
13.250000 2.652137 0.592105 13.871051 1.570796 0.000000 574.000000
13.250000 2.720140 0.500000 15.171888 1.570796 0.000000 574.000000
13.250000 2.788144 0.555556 15.454084 1.570796 0.000000 574.000000
13.250000 2.856148 0.576923 15.682370 1.570796 0.000000 574.000000
13.250000 2.924151 0.600000 15.922663 1.570796 0.000000 574.000000
13.250000 2.992155 0.625000 16.125588 1.570796 0.000000 574.000000
13.250000 3.060158 0.592105 16.322428 1.570796 0.000000 574.000000
13.250000 3.128162 0.608108 16.646788 1.570796 0.000000 574.000000
13.250000 3.196165 0.500000 16.995519 1.570796 0.000000 574.000000
13.250000 3.264169 0.555556 17.143913 1.570796 0.000000 574.000000
13.250000 3.332172 0.576923 17.305173 1.570796 0.000000 574.000000
13.250000 3.400176 0.600000 17.293877 1.570796 0.000000 574.000000
13.250000 3.468179 0.625000 17.648177 1.570796 0.000000 574.000000
13.250000 3.536183 0.625000 18.008230 1.570796 0.000000 574.000000
