14.250000 0.000000 0.710526 -0.561323 1.570796 0.000000 574.000000
14.250000 0.078656 0.724432 -1.028524 1.570796 0.000000 574.000000
14.250000 0.157311 0.643939 -0.963981 1.570796 0.000000 574.000000
14.250000 0.235967 0.594059 -0.668118 1.570796 0.000000 574.000000
14.250000 0.314622 0.762032 -0.870522 1.570796 0.000000 574.000000
14.250000 0.393278 0.833333 -1.061246 1.570796 0.000000 574.000000
14.250000 0.471933 0.611413 -0.868860 1.570796 0.000000 574.000000
14.250000 0.550589 0.544041 -0.601876 1.570796 0.000000 574.000000
14.250000 0.629244 0.628272 -0.671619 1.570796 0.000000 574.000000
14.250000 0.707900 0.597015 -0.776052 1.570796 0.000000 574.000000
14.250000 0.786555 0.692935 -1.128766 1.570796 0.000000 574.000000
14.250000 0.865211 0.562500 -0.904606 1.570796 0.000000 574.000000
14.250000 0.943866 0.576923 -0.980308 1.570796 0.000000 574.000000
14.250000 1.022522 0.544041 -0.862311 1.570796 0.000000 574.000000
14.250000 1.101178 0.509709 -0.917071 1.570796 0.000000 574.000000
14.250000 1.179833 0.464602 -0.442190 1.570796 0.000000 574.000000
14.250000 1.258489 0.462085 -0.686372 1.570796 0.000000 574.000000
14.250000 1.337144 0.532544 -0.959860 1.570796 0.000000 574.000000
14.250000 1.415800 0.462085 -0.648330 1.570796 0.000000 574.000000
14.250000 1.494455 0.495595 -0.728027 1.570796 0.000000 574.000000
14.250000 1.573111 0.500000 0.399667 1.570796 0.000000 574.000000
14.250000 1.651766 0.500000 2.475232 1.570796 0.000000 574.000000
14.250000 1.730422 0.511364 3.753156 1.570796 0.000000 574.000000
14.250000 1.809077 0.515267 4.804740 1.570796 0.000000 574.000000
14.250000 1.887733 0.517241 5.700433 1.570796 0.000000 574.000000
14.250000 1.966388 0.519802 6.522809 1.570796 0.000000 574.000000
14.250000 2.045044 0.500000 7.351286 1.570796 0.000000 574.000000
14.250000 2.123700 0.520833 8.088964 1.570796 0.000000 574.000000
14.250000 2.202355 0.500000 8.718012 1.570796 0.000000 574.000000
14.250000 2.281011 0.543478 9.301414 1.570796 0.000000 574.000000
14.250000 2.359666 0.545455 9.987780 1.570796 0.000000 574.000000
14.250000 2.438322 0.500000 10.502493 1.570796 0.000000 574.000000
14.250000 2.516977 0.545455 10.834514 1.570796 0.000000 574.000000
14.250000 2.595633 0.500000 11.758020 1.570796 0.000000 574.000000
14.250000 2.674288 0.548780 11.977776 1.570796 0.000000 574.000000
14.250000 2.752944 0.576923 12.202624 1.570796 0.000000 574.000000
14.250000 2.831599 0.500000 12.716868 1.570796 0.000000 574.000000
14.250000 2.910255 0.548780 12.965774 1.570796 0.000000 574.000000
14.250000 2.988911 0.576923 13.455293 1.570796 0.000000 574.000000
14.250000 3.067566 0.500000 15.000655 1.570796 0.000000 574.000000
14.250000 3.146222 0.517241 15.394548 1.570796 0.000000 574.000000
14.250000 3.224877 0.576923 15.274058 1.570796 0.000000 574.000000
14.250000 3.303533 0.600000 15.798819 1.570796 0.000000 574.000000
14.250000 3.382188 0.625000 16.155135 1.570796 0.000000 574.000000
14.250000 3.460844 0.500000 17.013242 1.570796 0.000000 574.000000
14.250000 3.539499 0.500000 17.571924 1.570796 0.000000 574.000000
14.250000 3.618155 0.517241 17.816469 1.570796 0.000000 574.000000
14.250000 3.696810 0.576923 18.009626 1.570796 0.000000 574.000000
14.250000 3.775466 0.600000 17.980452 1.570796 0.000000 574.000000
14.250000 3.854121 0.600000 18.220042 1.570796 0.000000 574.000000
14.250000 3.932777 0.625000 18.414726 1.570796 0.000000 574.000000
14.250000 4.011433 0.625000 18.938749 1.570796 0.000000 574.000000
14.250000 4.090088 0.681818 20.133389 1.570796 0.000000 574.000000
