7.750000 0.000000 0.860656 -0.427274 1.570796 0.000000 574.000000
7.750000 0.023265 1.191589 -1.606817 1.570796 0.000000 574.000000
7.750000 0.046530 1.025641 -0.885032 1.570796 0.000000 574.000000
7.750000 0.069795 1.467391 -1.189547 1.570796 0.000000 574.000000
7.750000 0.093060 1.132075 -0.704468 1.570796 0.000000 574.000000
7.750000 0.116325 0.945946 -0.941462 1.570796 0.000000 574.000000
7.750000 0.139590 0.799180 -0.512034 1.570796 0.000000 574.000000
7.750000 0.162855 0.945946 -0.719118 1.570796 0.000000 574.000000
7.750000 0.186120 0.711679 -0.307147 1.570796 0.000000 574.000000
7.750000 0.209385 1.304348 -0.480811 1.570796 0.000000 574.000000
7.750000 0.232650 0.840517 -0.422802 1.570796 0.000000 574.000000
7.750000 0.255915 0.833333 -0.427768 1.570796 0.000000 574.000000
7.750000 0.279180 0.919811 -0.692581 1.570796 0.000000 574.000000
7.750000 0.302445 0.795455 -0.222835 1.570796 0.000000 574.000000
7.750000 0.325710 0.945946 -0.957371 1.570796 0.000000 574.000000
7.750000 0.348975 1.742958 0.064777 1.570796 0.000000 574.000000
7.750000 0.372240 0.990566 -0.900789 1.570796 0.000000 574.000000
7.750000 0.395505 0.882353 -0.594955 1.570796 0.000000 574.000000
7.750000 0.418770 0.872093 -0.228341 1.570796 0.000000 574.000000
7.750000 0.442035 0.878906 -0.566648 1.570796 0.000000 574.000000
7.750000 0.465300 1.032110 -0.320609 1.570796 0.000000 574.000000
7.750000 0.488565 2.106164 -0.120544 1.570796 0.000000 574.000000
7.750000 0.511830 1.953782 -0.050630 1.570796 0.000000 574.000000
7.750000 0.535095 2.063758 -0.008371 1.570796 0.000000 574.000000
7.750000 0.558360 1.736111 -0.712653 1.570796 0.000000 574.000000
7.750000 0.581625 1.797521 -0.513977 1.570796 0.000000 574.000000
7.750000 0.604890 1.513761 -1.029284 1.570796 0.000000 574.000000
7.750000 0.628155 1.132075 -0.953944 1.570796 0.000000 574.000000
7.750000 0.651420 1.634615 0.116761 1.570796 0.000000 574.000000
7.750000 0.674685 1.062992 -0.330186 1.570796 0.000000 574.000000
7.750000 0.697950 1.489362 -0.137738 1.570796 0.000000 574.000000
7.750000 0.721215 1.040146 0.078173 1.570796 0.000000 574.000000
7.750000 0.744480 1.357143 -0.744584 1.570796 0.000000 574.000000
7.750000 0.767745 1.117021 0.010767 1.570796 0.000000 574.000000
7.750000 0.791010 0.967742 -0.030095 1.570796 0.000000 574.000000
7.750000 0.814275 1.071429 0.117705 1.570796 0.000000 574.000000
7.750000 0.837540 1.520979 -0.166140 1.570796 0.000000 574.000000
7.750000 0.860805 1.369565 -0.166567 1.570796 0.000000 574.000000
7.750000 0.884070 1.315789 -0.364747 1.570796 0.000000 574.000000
7.750000 0.907335 1.225962 -0.675025 1.570796 0.000000 574.000000
7.750000 0.930600 1.202830 -0.959038 1.570796 0.000000 574.000000
7.750000 0.953865 1.129032 -1.109397 1.570796 0.000000 574.000000
7.750000 0.977130 0.857143 0.057913 1.570796 0.000000 574.000000
7.750000 1.000395 0.960000 -0.359509 1.570796 0.000000 574.000000
7.750000 1.023660 0.840517 -0.588515 1.570796 0.000000 574.000000
7.750000 1.046925 0.960000 -0.616306 1.570796 0.000000 574.000000
7.750000 1.070190 0.879310 0.038447 1.570796 0.000000 574.000000
7.750000 1.093455 1.090909 -0.610888 1.570796 0.000000 574.000000
7.750000 1.116720 0.872093 -0.207845 1.570796 0.000000 574.000000
7.750000 1.139985 1.003937 -0.432322 1.570796 0.000000 574.000000
7.750000 1.163250 1.293103 -1.066979 1.570796 0.000000 574.000000
7.750000 1.186515 1.212121 -0.584224 1.570796 0.000000 574.000000
7.750000 1.209780 1.298077 -2.131897 1.570796 0.000000 574.000000
