16.750000 0.000000 0.704225 -1.055936 1.570796 0.000000 574.000000
16.750000 0.108675 0.704225 -1.033001 1.570796 0.000000 574.000000
16.750000 0.217350 0.772059 -1.301137 1.570796 0.000000 574.000000
16.750000 0.326025 0.753769 -1.257975 1.570796 0.000000 574.000000
16.750000 0.434700 0.937500 -1.139237 1.570796 0.000000 574.000000
16.750000 0.543374 0.781991 -1.415555 1.570796 0.000000 574.000000
16.750000 0.652049 0.972222 -1.269997 4.712389 0.000000 574.000000
16.750000 0.760724 1.004184 -1.239490 4.712389 0.000000 574.000000
16.750000 0.869399 1.001629 -0.756490 4.712389 0.000000 574.000000
16.750000 0.978074 1.000000 -0.436897 4.712389 0.000000 574.000000
16.750000 1.086749 1.000000 0.095097 4.712389 0.000000 574.000000
16.750000 1.195424 1.000000 0.647720 4.712389 0.000000 574.000000
16.750000 1.304099 1.000000 1.187658 4.712389 0.000000 574.000000
16.750000 1.412774 1.000000 1.736567 4.712389 0.000000 574.000000
16.750000 1.521448 1.000000 2.305099 4.712389 0.000000 574.000000
16.750000 1.630123 0.998294 2.892149 4.712389 0.000000 574.000000
16.750000 1.738798 0.800000 3.746480 3.141593 0.000000 574.000000
16.750000 1.847473 0.500000 6.005824 3.141593 0.000000 574.000000
16.750000 1.956148 0.555556 7.569871 3.141593 0.000000 574.000000
16.750000 2.064823 0.990566 5.449568 4.712389 0.000000 574.000000
16.750000 2.173498 0.494505 10.725095 3.141593 0.000000 574.000000
16.750000 2.282173 0.500000 12.509225 3.141593 0.000000 574.000000
16.750000 2.390848 0.535714 13.998185 3.141593 0.000000 574.000000
16.750000 2.499522 0.500000 15.229599 3.141593 0.000000 574.000000
16.750000 2.608197 0.535714 16.390837 3.141593 0.000000 574.000000
16.750000 2.716872 0.523256 17.466032 3.141593 0.000000 574.000000
16.750000 2.825547 0.500000 18.532957 3.141593 0.000000 574.000000
16.750000 2.934222 0.535714 19.235143 3.141593 0.000000 574.000000
16.750000 3.042897 0.562500 20.201665 3.141593 0.000000 574.000000
16.750000 3.151572 0.500000 21.681447 3.141593 0.000000 574.000000
16.750000 3.260247 0.555556 21.623216 3.141593 0.000000 574.000000
16.750000 3.368922 0.576923 22.231319 3.141593 0.000000 574.000000
16.750000 3.477596 0.500000 23.496535 3.141593 0.000000 574.000000
16.750000 3.586271 0.500000 23.750359 3.141593 0.000000 574.000000
16.750000 3.694946 0.555556 24.227644 3.141593 0.000000 574.000000
16.750000 3.803621 0.576923 24.330954 3.141593 0.000000 574.000000
16.750000 3.912296 0.600000 25.000738 3.141593 0.000000 574.000000
16.750000 4.020971 0.625000 25.343463 3.141593 0.000000 574.000000
16.750000 4.129646 1.000000 29.063741 3.141593 0.000000 574.000000
16.750000 4.238321 1.000000 29.327670 3.141593 0.000000 574.000000
16.750000 4.346996 1.000000 27.548529 3.141593 0.000000 574.000000
16.750000 4.455671 1.000000 28.082356 3.141593 0.000000 574.000000
16.750000 4.564345 1.000000 26.873009 3.141593 0.000000 574.000000
16.750000 4.673020 1.000000 26.608754 3.141593 0.000000 574.000000
16.750000 4.781695 0.750000 27.169908 3.141593 0.000000 574.000000
16.750000 4.890370 0.789474 27.098376 3.141593 0.000000 574.000000
16.750000 4.999045 1.000000 29.544518 3.926991 0.000000 574.000000
16.750000 5.107720 1.000000 30.348490 4.712389 0.000000 574.000000
16.750000 5.216395 1.000000 29.454277 4.712389 0.000000 574.000000
16.750000 5.325070 1.153846 29.671084 4.712389 0.000000 574.000000
16.750000 5.433745 1.250000 27.856868 4.712389 0.000000 574.000000
16.750000 5.542419 1.250000 28.570562 4.712389 0.000000 574.000000
16.750000 5.651094 1.363636 29.774312 4.712389 0.000000 574.000000
