11.500000 0.000000 0.897887 -0.656824 1.570796 0.000000 574.000000
11.500000 0.051227 0.712025 -0.728027 1.570796 0.000000 574.000000
11.500000 0.102453 0.573248 -1.079327 1.570796 0.000000 574.000000
11.500000 0.153680 0.494012 -0.616094 1.570796 0.000000 574.000000
11.500000 0.204906 0.506757 -0.609350 1.570796 0.000000 574.000000
11.500000 0.256133 0.500000 -0.220652 1.570796 0.000000 574.000000
11.500000 0.307359 0.500000 0.280284 1.570796 0.000000 574.000000
11.500000 0.358586 0.500000 0.816409 1.570796 0.000000 574.000000
11.500000 0.409813 0.500000 1.290107 1.570796 0.000000 574.000000
11.500000 0.461039 0.500000 1.725810 1.570796 0.000000 574.000000
11.500000 0.512266 0.506431 2.139150 1.570796 0.000000 574.000000
11.500000 0.563492 0.507519 2.541330 1.570796 0.000000 574.000000
11.500000 0.614719 0.506757 2.939373 1.570796 0.000000 574.000000
11.500000 0.665945 0.500000 3.335817 1.570796 0.000000 574.000000
11.500000 0.717172 0.500000 3.712919 1.570796 0.000000 574.000000
11.500000 0.768399 0.512422 4.080548 1.570796 0.000000 574.000000
11.500000 0.819625 0.510204 4.457322 1.570796 0.000000 574.000000
11.500000 0.870852 0.500000 4.838177 1.570796 0.000000 574.000000
11.500000 0.922078 0.517241 5.196430 1.570796 0.000000 574.000000
11.500000 0.973305 0.521739 5.537956 1.570796 0.000000 574.000000
11.500000 1.024531 0.530303 5.918111 1.570796 0.000000 574.000000
11.500000 1.075758 0.525000 6.246822 1.570796 0.000000 574.000000
11.500000 1.126985 0.529412 6.617661 1.570796 0.000000 574.000000
11.500000 1.178211 0.517241 6.966907 1.570796 0.000000 574.000000
11.500000 1.229438 0.500000 7.386964 1.570796 0.000000 574.000000
11.500000 1.280664 0.535714 7.657795 1.570796 0.000000 574.000000
11.500000 1.331891 0.500000 8.021386 1.570796 0.000000 574.000000
11.500000 1.383117 0.535714 8.293087 1.570796 0.000000 574.000000
11.500000 1.434344 0.500000 8.754055 1.570796 0.000000 574.000000
11.500000 1.485570 0.535714 9.042238 1.570796 0.000000 574.000000
11.500000 1.536797 0.566038 9.360983 1.570796 0.000000 574.000000
11.500000 1.588024 0.517241 9.693475 1.570796 0.000000 574.000000
11.500000 1.639250 0.545455 9.907048 1.570796 0.000000 574.000000
11.500000 1.690477 0.566038 10.232883 1.570796 0.000000 574.000000
11.500000 1.741703 0.500000 10.784002 1.570796 0.000000 574.000000
11.500000 1.792930 0.548780 11.011588 1.570796 0.000000 574.000000
11.500000 1.844156 0.576923 11.300735 1.570796 0.000000 574.000000
11.500000 1.895383 0.576923 11.609386 1.570796 0.000000 574.000000
11.500000 1.946610 0.500000 11.937387 1.570796 0.000000 574.000000
11.500000 1.997836 0.548780 12.037808 1.570796 0.000000 574.000000
11.500000 2.049063 0.562500 12.299766 1.570796 0.000000 574.000000
11.500000 2.100289 0.576923 12.538791 1.570796 0.000000 574.000000
11.500000 2.151516 0.608108 12.929032 1.570796 0.000000 574.000000
11.500000 2.202742 0.500000 13.719360 1.570796 0.000000 574.000000
11.500000 2.253969 0.535714 14.026855 1.570796 0.000000 574.000000
11.500000 2.305196 0.576923 14.078893 1.570796 0.000000 574.000000
11.500000 2.356422 0.600000 14.241250 1.570796 0.000000 574.000000
11.500000 2.407649 0.625000 14.562758 1.570796 0.000000 574.000000
11.500000 2.458875 0.625000 14.853722 1.570796 0.000000 574.000000
11.500000 2.510102 0.608108 15.100927 1.570796 0.000000 574.000000
11.500000 2.561328 0.500000 15.481839 1.570796 0.000000 574.000000
11.500000 2.612555 0.500000 15.699712 1.570796 0.000000 574.000000
11.500000 2.663782 0.535714 15.868126 1.570796 0.000000 574.000000
