6.750000 0.000000 0.990566 -0.472067 1.570796 0.000000 574.000000
6.750000 0.017648 1.171875 -0.591166 1.570796 0.000000 574.000000
6.750000 0.035297 0.872093 -0.218974 1.570796 0.000000 574.000000
6.750000 0.052945 1.050000 -0.494643 1.570796 0.000000 574.000000
6.750000 0.070594 0.818182 -0.266226 1.570796 0.000000 574.000000
6.750000 0.088242 0.886364 -0.276144 1.570796 0.000000 574.000000
6.750000 0.105891 0.878378 -0.399784 1.570796 0.000000 574.000000
6.750000 0.123539 0.841121 -0.092710 1.570796 0.000000 574.000000
6.750000 0.141188 1.839623 -0.072861 1.570796 0.000000 574.000000
6.750000 0.158836 0.919811 -0.063960 1.570796 0.000000 574.000000
6.750000 0.176485 1.171875 -0.297203 1.570796 0.000000 574.000000
6.750000 0.194133 0.812500 -0.133157 1.570796 0.000000 574.000000
6.750000 0.211782 0.891089 -0.899756 1.570796 0.000000 574.000000
6.750000 0.229430 0.833333 -0.208054 1.570796 0.000000 574.000000
6.750000 0.247079 2.326870 0.000620 0.000000 0.000000 574.000000
6.750000 0.264727 2.184066 0.010630 0.000000 0.000000 574.000000
6.750000 0.282376 2.007042 -0.105877 1.570796 0.000000 574.000000
6.750000 0.300024 1.916209 -0.014935 0.000000 0.000000 574.000000
6.750000 0.317673 1.781768 -0.000761 0.000000 0.000000 574.000000
6.750000 0.335321 1.605058 -0.035286 1.570796 0.000000 574.000000
6.750000 0.352969 1.524725 -0.004489 0.000000 0.000000 574.000000
6.750000 0.370618 1.294643 -0.101650 1.570796 0.000000 574.000000
6.750000 0.388266 1.397260 0.012800 0.000000 0.000000 574.000000
6.750000 0.405915 1.386555 -0.008847 0.000000 0.000000 574.000000
6.750000 0.423563 1.399721 0.002433 0.000000 0.000000 574.000000
6.750000 0.441212 1.316489 0.054461 1.570796 0.000000 574.000000
6.750000 0.458860 1.520833 -0.085929 0.000000 0.000000 574.000000
6.750000 0.476509 1.838028 0.042195 0.000000 0.000000 574.000000
6.750000 0.494157 1.968232 -0.019837 0.000000 0.000000 574.000000
6.750000 0.511806 2.148876 0.014851 0.000000 0.000000 574.000000
6.750000 0.529454 1.237113 -0.453363 1.570796 0.000000 574.000000
6.750000 0.547103 1.263158 -1.111050 1.570796 0.000000 574.000000
6.750000 0.564751 1.618705 -0.357840 1.570796 0.000000 574.000000
6.750000 0.582400 0.985401 -0.015276 1.570796 0.000000 574.000000
6.750000 0.600048 1.093750 -0.887038 1.570796 0.000000 574.000000
6.750000 0.617697 2.596154 -0.034878 1.570796 0.000000 574.000000
6.750000 0.635345 1.015625 -0.455377 1.570796 0.000000 574.000000
6.750000 0.652993 1.875000 -5.236186 1.570796 0.000000 574.000000
6.750000 0.670642 1.048387 -0.362762 1.570796 0.000000 574.000000
6.750000 0.688290 1.037234 -0.747924 1.570796 0.000000 574.000000
6.750000 0.705939 1.348315 -0.999278 1.570796 0.000000 574.000000
6.750000 0.723587 1.278409 -2.307051 1.570796 0.000000 574.000000
6.750000 0.741236 1.000000 0.000293 1.570796 0.000000 574.000000
6.750000 0.758884 0.928571 -0.692446 1.570796 0.000000 574.000000
6.750000 0.776533 0.978261 -0.713338 1.570796 0.000000 574.000000
6.750000 0.794181 0.894495 -0.126585 1.570796 0.000000 574.000000
6.750000 0.811830 1.213235 0.028916 1.570796 0.000000 574.000000
6.750000 0.829478 1.783537 -0.057937 1.570796 0.000000 574.000000
6.750000 0.847127 1.029412 -0.449861 1.570796 0.000000 574.000000
6.750000 0.864775 1.783537 -0.102704 1.570796 0.000000 574.000000
6.750000 0.882424 1.113861 -0.268522 1.570796 0.000000 574.000000
6.750000 0.900072 1.262376 -0.302578 1.570796 0.000000 574.000000
6.750000 0.917721 1.090909 -0.127573 1.570796 0.000000 574.000000
