12.500000 0.000000 0.900000 -0.361348 1.570796 0.400000 191.000000
12.500000 0.060523 0.700549 -0.423664 1.570796 0.400000 191.000000
12.500000 0.121046 0.838235 -0.576089 1.570796 0.400000 191.000000
12.500000 0.181569 2.348901 0.044706 1.570796 0.400000 191.000000
12.500000 0.242092 0.996835 -1.010985 1.570796 0.400000 191.000000
12.500000 0.302614 0.774457 -0.230024 1.570796 0.400000 191.000000
12.500000 0.363137 0.798817 -0.252384 1.570796 0.400000 191.000000
12.500000 0.423660 1.034483 -0.555153 1.570796 0.400000 191.000000
12.500000 0.484183 1.091772 -0.274191 1.570796 0.400000 191.000000
12.500000 0.544706 1.058824 -0.870127 1.570796 0.400000 191.000000
12.500000 0.605229 0.926471 -0.651575 1.570796 0.400000 191.000000
12.500000 0.665752 1.013514 -0.870505 1.570796 0.400000 191.000000
12.500000 0.726275 1.027397 -0.165136 1.570796 0.400000 191.000000
12.500000 0.786797 0.949367 -0.570332 1.570796 0.400000 191.000000
12.500000 0.847320 1.792035 -0.134685 1.570796 0.400000 191.000000
12.500000 0.907843 0.789474 -0.609773 1.570796 0.400000 191.000000
12.500000 0.968366 0.653846 -0.174787 1.570796 0.400000 191.000000
12.500000 1.028889 0.642857 -0.140915 1.570796 0.400000 191.000000
12.500000 1.089412 0.758427 -0.002541 1.570796 0.400000 191.000000
12.500000 1.149935 0.758929 -0.361486 1.570796 0.400000 191.000000
12.500000 1.210458 0.570652 -0.437948 1.570796 0.400000 191.000000
12.500000 1.270981 0.586592 -0.283057 1.570796 0.400000 191.000000
12.500000 1.331503 0.875912 -0.880866 1.570796 0.400000 191.000000
12.500000 1.392026 0.736196 -0.999445 1.570796 0.400000 191.000000
12.500000 1.452549 0.661765 -0.310851 1.570796 0.400000 191.000000
12.500000 1.513072 0.628743 -0.333642 1.570796 0.400000 191.000000
12.500000 1.573595 0.526316 -0.552571 1.570796 0.400000 191.000000
12.500000 1.634118 0.450820 -0.379845 1.570796 0.400000 191.000000
12.500000 1.694641 0.653846 -0.549306 1.570796 0.400000 191.000000
12.500000 1.755164 0.589888 -0.654163 1.570796 0.400000 191.000000
12.500000 1.815687 0.529412 -0.535027 1.570796 0.400000 191.000000
12.500000 1.876209 0.625000 -0.619430 1.570796 0.400000 191.000000
12.500000 1.936732 0.583333 -0.661876 1.570796 0.400000 191.000000
12.500000 1.997255 0.594059 -0.650683 1.570796 0.400000 191.000000
12.500000 2.057778 0.711207 -0.368122 1.570796 0.400000 191.000000
12.500000 2.118301 0.767717 -0.406941 1.570796 0.400000 191.000000
12.500000 2.178824 0.739051 -0.358145 1.570796 0.400000 191.000000
12.500000 2.239347 0.763158 -0.171430 1.570796 0.400000 191.000000
12.500000 2.299870 0.741758 -0.277948 3.141593 0.400000 191.000000
12.500000 2.360392 0.761194 -0.248398 3.141593 0.400000 191.000000
12.500000 2.420915 0.780822 -0.156486 3.141593 0.400000 191.000000
12.500000 2.481438 0.781690 -0.141585 3.141593 0.400000 191.000000
12.500000 2.541961 0.835655 -0.172144 3.141593 0.400000 191.000000
12.500000 2.602484 0.810249 -0.211421 3.141593 0.400000 191.000000
12.500000 2.663007 0.826271 -0.155341 3.141593 0.400000 191.000000
12.500000 2.723530 0.877437 -0.212507 3.141593 0.400000 191.000000
12.500000 2.784053 1.000000 1.273225 4.712389 0.400000 191.000000
12.500000 2.844576 1.000000 3.409267 4.712389 0.400000 191.000000
12.500000 2.905098 1.000000 4.916076 4.712389 0.400000 191.000000
12.500000 2.965621 1.000000 5.451248 4.712389 0.400000 191.000000
12.500000 3.026144 0.989011 5.668705 4.712389 0.400000 191.000000
12.500000 3.086667 1.000000 6.311137 4.712389 0.400000 191.000000
12.500000 3.147190 1.000000 7.227154 4.712389 0.400000 191.000000
