16.250000 0.000000 0.778302 -0.722554 1.570796 0.400000 191.000000
16.250000 0.102284 0.795455 -0.693724 1.570796 0.400000 191.000000
16.250000 0.204567 0.706806 -0.852715 1.570796 0.400000 191.000000
16.250000 0.306851 0.778689 -1.142585 1.570796 0.400000 191.000000
16.250000 0.409135 0.700549 -1.106124 1.570796 0.400000 191.000000
16.250000 0.511418 0.746269 -0.527443 1.570796 0.400000 191.000000
16.250000 0.613702 0.799492 -0.915871 1.570796 0.400000 191.000000
16.250000 0.715986 0.833333 -0.953067 1.570796 0.400000 191.000000
16.250000 0.818269 0.841463 -0.337982 1.570796 0.400000 191.000000
16.250000 0.920553 0.652174 -0.705884 1.570796 0.400000 191.000000
16.250000 1.022837 0.658537 -0.608863 1.570796 0.400000 191.000000
16.250000 1.125120 0.500000 1.258601 3.141593 0.400000 191.000000
16.250000 1.227404 0.500000 3.695751 3.141593 0.400000 191.000000
16.250000 1.329688 0.500000 5.395676 3.141593 0.400000 191.000000
16.250000 1.431971 0.500000 6.828461 3.141593 0.400000 191.000000
16.250000 1.534255 0.500000 8.115801 3.141593 0.400000 191.000000
16.250000 1.636539 0.500000 9.307768 3.141593 0.400000 191.000000
16.250000 1.738822 0.519802 10.446775 3.141593 0.400000 191.000000
16.250000 1.841106 0.523256 11.502881 3.141593 0.400000 191.000000
16.250000 1.943390 0.500000 12.527596 3.141593 0.400000 191.000000
16.250000 2.045673 0.500000 13.533209 3.141593 0.400000 191.000000
16.250000 2.147957 0.576923 14.454664 3.141593 0.400000 191.000000
16.250000 2.250241 0.535714 15.270261 3.141593 0.400000 191.000000
16.250000 2.352524 0.500000 16.271312 3.141593 0.400000 191.000000
16.250000 2.454808 0.562500 16.934807 3.141593 0.400000 191.000000
16.250000 2.557092 0.500000 17.759413 3.141593 0.400000 191.000000
16.250000 2.659376 0.548780 18.501708 3.141593 0.400000 191.000000
16.250000 2.761659 0.592105 19.447974 3.141593 0.400000 191.000000
16.250000 2.863943 0.500000 20.513992 3.141593 0.400000 191.000000
16.250000 2.966227 0.576923 20.823327 3.141593 0.400000 191.000000
16.250000 3.068510 0.625000 21.454422 3.141593 0.400000 191.000000
16.250000 3.170794 0.500000 22.499454 3.141593 0.400000 191.000000
16.250000 3.273078 0.500000 22.759195 3.141593 0.400000 191.000000
16.250000 3.375361 0.555556 23.382765 3.141593 0.400000 191.000000
16.250000 3.477645 0.600000 23.660418 3.141593 0.400000 191.000000
16.250000 3.579929 0.600000 24.262184 3.141593 0.400000 191.000000
16.250000 3.682212 0.625000 24.677643 3.141593 0.400000 191.000000
16.250000 3.784496 0.750000 27.193787 3.141593 0.400000 191.000000
16.250000 3.886780 1.000000 28.303078 3.141593 0.400000 191.000000
16.250000 3.989063 1.000000 28.146381 3.141593 0.400000 191.000000
16.250000 4.091347 1.000000 28.167131 3.141593 0.400000 191.000000
16.250000 4.193631 1.000000 27.600868 3.141593 0.400000 191.000000
16.250000 4.295914 1.000000 28.056494 3.141593 0.400000 191.000000
16.250000 4.398198 1.000000 27.774555 3.141593 0.400000 191.000000
16.250000 4.500482 1.000000 28.159978 3.141593 0.400000 191.000000
16.250000 4.602765 1.000000 28.201281 3.141593 0.400000 191.000000
16.250000 4.705049 1.000000 28.494695 3.141593 0.400000 191.000000
16.250000 4.807333 1.000000 28.849485 3.141593 0.400000 191.000000
16.250000 4.909616 1.000000 30.491427 3.141593 0.400000 191.000000
16.250000 5.011900 1.000000 30.851598 3.141593 0.400000 191.000000
16.250000 5.114184 1.000000 30.002864 3.141593 0.400000 191.000000
16.250000 5.216467 1.000000 30.342927 3.141593 0.400000 191.000000
16.250000 5.318751 1.000000 29.002277 3.141593 0.400000 191.000000
