12.000000 0.000000 0.823171 -0.317741 1.570796 0.400000 191.000000
12.000000 0.055778 0.714286 -0.315715 1.570796 0.400000 191.000000
12.000000 0.111556 0.909091 -0.640097 1.570796 0.400000 191.000000
12.000000 0.167334 0.868902 -0.853904 1.570796 0.400000 191.000000
12.000000 0.223112 0.946970 -0.257998 1.570796 0.400000 191.000000
12.000000 0.278889 0.888158 -0.532627 1.570796 0.400000 191.000000
12.000000 0.334667 1.036184 -0.460847 1.570796 0.400000 191.000000
12.000000 0.390445 0.931677 -1.212312 1.570796 0.400000 191.000000
12.000000 0.446223 0.960366 -0.767274 1.570796 0.400000 191.000000
12.000000 0.502001 2.506849 0.019932 1.570796 0.400000 191.000000
12.000000 0.557779 0.868902 -0.591898 1.570796 0.400000 191.000000
12.000000 0.613557 1.036184 -1.264048 1.570796 0.400000 191.000000
12.000000 0.669335 0.823171 -0.715056 1.570796 0.400000 191.000000
12.000000 0.725113 0.868902 -0.372253 1.570796 0.400000 191.000000
12.000000 0.780890 0.947368 -0.202700 1.570796 0.400000 191.000000
12.000000 0.836668 0.645933 -0.195959 1.570796 0.400000 191.000000
12.000000 0.892446 0.965347 -0.432685 1.570796 0.400000 191.000000
12.000000 0.948224 0.759494 -0.777603 1.570796 0.400000 191.000000
12.000000 1.004002 0.879310 -0.834191 1.570796 0.400000 191.000000
12.000000 1.059780 2.451923 0.081569 1.570796 0.400000 191.000000
12.000000 1.115558 0.652174 -0.172020 1.570796 0.400000 191.000000
12.000000 1.171336 2.472527 -0.000706 1.570796 0.400000 191.000000
12.000000 1.227114 0.705882 -0.492558 1.570796 0.400000 191.000000
12.000000 1.282891 0.794702 -0.499137 1.570796 0.400000 191.000000
12.000000 1.338669 0.570652 -0.520905 1.570796 0.400000 191.000000
12.000000 1.394447 0.700000 -0.764407 1.570796 0.400000 191.000000
12.000000 1.450225 0.814480 -0.117471 1.570796 0.400000 191.000000
12.000000 1.506003 0.658784 -0.351927 1.570796 0.400000 191.000000
12.000000 1.561781 0.668790 -0.778372 1.570796 0.400000 191.000000
12.000000 1.617559 0.576923 -0.870104 1.570796 0.400000 191.000000
12.000000 1.673337 0.594059 -0.283276 1.570796 0.400000 191.000000
12.000000 1.729115 0.576923 -0.497839 1.570796 0.400000 191.000000
12.000000 1.784892 0.490196 -0.476726 1.570796 0.400000 191.000000
12.000000 1.840670 0.576923 -0.924505 1.570796 0.400000 191.000000
12.000000 1.896448 0.456853 -0.408772 1.570796 0.400000 191.000000
12.000000 1.952226 0.570175 -0.439585 1.570796 0.400000 191.000000
12.000000 2.008004 0.527027 -0.517597 1.570796 0.400000 191.000000
12.000000 2.063782 0.434211 -0.433673 1.570796 0.400000 191.000000
12.000000 2.119560 0.483871 -0.281003 1.570796 0.400000 191.000000
12.000000 2.175338 0.450820 -0.144360 1.570796 0.400000 191.000000
12.000000 2.231116 0.450000 -0.423365 1.570796 0.400000 191.000000
12.000000 2.286893 0.500000 -0.423975 1.570796 0.400000 191.000000
12.000000 2.342671 0.460894 -0.170618 1.570796 0.400000 191.000000
12.000000 2.398449 0.981308 -0.238693 1.570796 0.400000 191.000000
12.000000 2.454227 0.490196 -0.684708 1.570796 0.400000 191.000000
12.000000 2.510005 0.463483 -0.676632 1.570796 0.400000 191.000000
12.000000 2.565783 0.466321 -0.323275 1.570796 0.400000 191.000000
12.000000 2.621561 0.504484 -0.658163 1.570796 0.400000 191.000000
12.000000 2.677339 0.434211 -1.080512 1.570796 0.400000 191.000000
12.000000 2.733117 0.464602 -0.295870 1.570796 0.400000 191.000000
12.000000 2.788894 0.492958 -0.578198 1.570796 0.400000 191.000000
12.000000 2.844672 0.500000 -0.117554 1.570796 0.400000 191.000000
12.000000 2.900450 0.504202 1.399971 1.570796 0.400000 191.000000
