10.500000 0.000000 1.036184 -0.050189 1.570796 0.400000 191.000000
10.500000 0.042705 0.947802 -0.142519 1.570796 0.400000 191.000000
10.500000 0.085410 0.950704 -0.980963 1.570796 0.400000 191.000000
10.500000 0.128115 1.175676 -0.132313 1.570796 0.400000 191.000000
10.500000 0.170820 0.896226 -0.461925 1.570796 0.400000 191.000000
10.500000 0.213525 0.937500 -1.052270 1.570796 0.400000 191.000000
10.500000 0.256230 0.868902 -0.650653 1.570796 0.400000 191.000000
10.500000 0.298935 0.937500 -0.355848 1.570796 0.400000 191.000000
10.500000 0.341640 1.250000 -0.021304 1.570796 0.400000 191.000000
10.500000 0.384345 0.827922 -0.495512 1.570796 0.400000 191.000000
10.500000 0.427049 0.891608 -0.260776 1.570796 0.400000 191.000000
10.500000 0.469754 0.784314 -0.019327 1.570796 0.400000 191.000000
10.500000 0.512459 0.950704 -0.477115 1.570796 0.400000 191.000000
10.500000 0.555164 0.787037 -0.291468 1.570796 0.400000 191.000000
10.500000 0.597869 0.818182 -0.196776 1.570796 0.400000 191.000000
10.500000 0.640574 0.906040 -0.424827 1.570796 0.400000 191.000000
10.500000 0.683279 0.779221 -0.501929 1.570796 0.400000 191.000000
10.500000 0.725984 1.162791 -0.462461 1.570796 0.400000 191.000000
10.500000 0.768689 1.000000 -0.305491 1.570796 0.400000 191.000000
10.500000 0.811394 0.914634 -0.325818 1.570796 0.400000 191.000000
10.500000 0.854099 0.901899 -0.398423 1.570796 0.400000 191.000000
10.500000 0.896804 0.900000 -0.317115 1.570796 0.400000 191.000000
10.500000 0.939509 1.120690 -0.282890 1.570796 0.400000 191.000000
10.500000 0.982214 1.182065 -0.071984 1.570796 0.400000 191.000000
10.500000 1.024919 1.330049 -0.293050 1.570796 0.400000 191.000000
10.500000 1.067624 1.228814 -0.539756 1.570796 0.400000 191.000000
10.500000 1.110329 1.321429 -0.225877 1.570796 0.400000 191.000000
10.500000 1.153034 1.425000 -0.370583 1.570796 0.400000 191.000000
10.500000 1.195739 1.508152 -0.511466 1.570796 0.400000 191.000000
10.500000 1.238443 1.682510 -0.012219 1.570796 0.400000 191.000000
10.500000 1.281148 1.454741 -0.158216 1.570796 0.400000 191.000000
10.500000 1.323853 1.512876 -0.342692 1.570796 0.400000 191.000000
10.500000 1.366558 1.506849 -0.314847 1.570796 0.400000 191.000000
10.500000 1.409263 1.506849 -0.350654 4.712389 0.400000 191.000000
10.500000 1.451968 1.500000 -0.268314 4.712389 0.400000 191.000000
10.500000 1.494673 1.505474 -0.231002 4.712389 0.400000 191.000000
10.500000 1.537378 1.512097 -0.219536 1.570796 0.400000 191.000000
10.500000 1.580083 1.346831 -0.231096 1.570796 0.400000 191.000000
10.500000 1.622788 1.082746 -0.232234 1.570796 0.400000 191.000000
10.500000 1.665493 0.500000 -0.299524 1.570796 0.400000 191.000000
10.500000 1.708198 0.500000 0.606018 1.570796 0.400000 191.000000
10.500000 1.750903 0.504386 1.352893 1.570796 0.400000 191.000000
10.500000 1.793608 0.507968 1.924614 1.570796 0.400000 191.000000
10.500000 1.836313 0.507812 2.421270 1.570796 0.400000 191.000000
10.500000 1.879018 0.509259 2.861005 1.570796 0.400000 191.000000
10.500000 1.921723 0.500000 3.264891 1.570796 0.400000 191.000000
10.500000 1.964428 0.500000 3.628348 1.570796 0.400000 191.000000
10.500000 2.007133 0.517241 3.981440 1.570796 0.400000 191.000000
10.500000 2.049837 0.521739 4.287677 1.570796 0.400000 191.000000
10.500000 2.092542 0.500000 4.650301 1.570796 0.400000 191.000000
10.500000 2.135247 0.525000 4.904972 1.570796 0.400000 191.000000
10.500000 2.177952 0.529412 5.227584 1.570796 0.400000 191.000000
10.500000 2.220657 0.517241 5.485382 1.570796 0.400000 191.000000
