12.250000 0.000000 0.789474 -0.398161 1.570796 0.400000 191.000000
12.250000 0.058126 0.816062 -0.303409 1.570796 0.400000 191.000000
12.250000 0.116252 0.846154 -0.291939 1.570796 0.400000 191.000000
12.250000 0.174379 0.873016 -0.504592 1.570796 0.400000 191.000000
12.250000 0.232505 0.952381 -0.553443 1.570796 0.400000 191.000000
12.250000 0.290631 0.730769 -0.196928 1.570796 0.400000 191.000000
12.250000 0.348757 0.717703 -0.293672 1.570796 0.400000 191.000000
12.250000 0.406883 0.875635 -0.509337 1.570796 0.400000 191.000000
12.250000 0.465009 0.866834 -0.144229 1.570796 0.400000 191.000000
12.250000 0.523136 0.872093 -0.398225 1.570796 0.400000 191.000000
12.250000 0.581262 0.791667 -0.420315 1.570796 0.400000 191.000000
12.250000 0.639388 0.948795 -0.624252 1.570796 0.400000 191.000000
12.250000 0.697514 0.803571 -0.127216 1.570796 0.400000 191.000000
12.250000 0.755640 0.737705 -0.260323 1.570796 0.400000 191.000000
12.250000 0.813766 0.818966 -0.562568 1.570796 0.400000 191.000000
12.250000 0.871893 0.708333 -0.424798 1.570796 0.400000 191.000000
12.250000 0.930019 0.648649 -0.297700 1.570796 0.400000 191.000000
12.250000 0.988145 0.796875 -0.237223 1.570796 0.400000 191.000000
12.250000 1.046271 0.867052 -0.355584 1.570796 0.400000 191.000000
12.250000 1.104397 0.708333 -0.482377 1.570796 0.400000 191.000000
12.250000 1.162524 0.838509 -0.492645 1.570796 0.400000 191.000000
12.250000 1.220650 0.674157 0.017223 1.570796 0.400000 191.000000
12.250000 1.278776 0.618132 -0.805002 1.570796 0.400000 191.000000
12.250000 1.336902 0.816327 -0.445924 1.570796 0.400000 191.000000
12.250000 1.395028 0.665025 -0.333067 1.570796 0.400000 191.000000
12.250000 1.453154 0.647208 -0.124984 1.570796 0.400000 191.000000
12.250000 1.511281 0.583333 -0.154766 1.570796 0.400000 191.000000
12.250000 1.569407 0.589888 -0.526647 1.570796 0.400000 191.000000
12.250000 1.627533 0.722892 -0.663953 1.570796 0.400000 191.000000
12.250000 1.685659 0.525000 -0.398572 1.570796 0.400000 191.000000
12.250000 1.743785 0.589888 -0.142492 1.570796 0.400000 191.000000
12.250000 1.801912 0.600000 -0.653671 1.570796 0.400000 191.000000
12.250000 1.860038 0.614754 -0.419268 1.570796 0.400000 191.000000
12.250000 1.918164 0.545455 -0.605149 1.570796 0.400000 191.000000
12.250000 1.976290 0.552147 -1.144455 1.570796 0.400000 191.000000
12.250000 2.034416 0.774793 -0.045612 1.570796 0.400000 191.000000
12.250000 2.092542 0.701970 -0.072548 1.570796 0.400000 191.000000
12.250000 2.150669 0.436508 -0.466768 1.570796 0.400000 191.000000
12.250000 2.208795 0.463483 -0.800174 1.570796 0.400000 191.000000
12.250000 2.266921 0.464286 -0.355562 1.570796 0.400000 191.000000
12.250000 2.325047 0.535714 -0.543006 1.570796 0.400000 191.000000
12.250000 2.383173 0.487500 -0.617374 1.570796 0.400000 191.000000
12.250000 2.441299 0.591286 -0.106253 1.570796 0.400000 191.000000
12.250000 2.499426 0.535714 -0.354936 1.570796 0.400000 191.000000
12.250000 2.557552 0.602679 -0.524584 1.570796 0.400000 191.000000
12.250000 2.615678 0.609137 -0.710239 1.570796 0.400000 191.000000
12.250000 2.673804 0.656566 -0.153002 1.570796 0.400000 191.000000
12.250000 2.731930 0.561674 -0.485564 1.570796 0.400000 191.000000
12.250000 2.790057 0.630000 -0.495780 1.570796 0.400000 191.000000
12.250000 2.848183 0.622642 -0.526694 1.570796 0.400000 191.000000
12.250000 2.906309 1.272321 -0.370231 1.570796 0.400000 191.000000
12.250000 2.964435 1.000000 2.496029 4.712389 0.400000 191.000000
12.250000 3.022561 1.000000 4.256115 4.712389 0.400000 191.000000
