18.000000 0.000000 0.581633 -0.555387 1.570796 0.400000 191.000000
18.000000 0.125500 0.559701 -0.829162 1.570796 0.400000 191.000000
18.000000 0.251001 0.527778 -0.639063 1.570796 0.400000 191.000000
18.000000 0.376501 0.545977 -0.524307 1.570796 0.400000 191.000000
18.000000 0.502001 0.500000 -0.261951 3.141593 0.400000 191.000000
18.000000 0.627501 0.500000 2.093723 3.141593 0.400000 191.000000
18.000000 0.753002 0.500000 3.706782 3.141593 0.400000 191.000000
18.000000 0.878502 0.500000 5.108639 3.141593 0.400000 191.000000
18.000000 1.004002 0.510471 6.405695 3.141593 0.400000 191.000000
18.000000 1.129502 0.500000 7.630854 3.141593 0.400000 191.000000
18.000000 1.255003 0.519231 8.833556 3.141593 0.400000 191.000000
18.000000 1.380503 0.525000 9.983568 3.141593 0.400000 191.000000
18.000000 1.506003 0.535714 11.106653 3.141593 0.400000 191.000000
18.000000 1.631503 0.500000 12.261430 3.141593 0.400000 191.000000
18.000000 1.757004 0.528169 13.285787 3.141593 0.400000 191.000000
18.000000 1.882504 0.535714 14.353872 3.141593 0.400000 191.000000
18.000000 2.008004 0.526316 15.356152 3.141593 0.400000 191.000000
18.000000 2.133504 0.500000 16.586224 3.141593 0.400000 191.000000
18.000000 2.259005 0.576923 17.389819 3.141593 0.400000 191.000000
18.000000 2.384505 0.500000 18.322209 3.141593 0.400000 191.000000
18.000000 2.510005 0.562500 19.148310 3.141593 0.400000 191.000000
18.000000 2.635505 0.500000 20.700162 3.141593 0.400000 191.000000
18.000000 2.761006 0.555556 21.486016 3.141593 0.400000 191.000000
18.000000 2.886506 0.600000 22.031183 3.141593 0.400000 191.000000
18.000000 3.012006 0.608108 23.022186 3.141593 0.400000 191.000000
18.000000 3.137506 0.500000 23.998601 3.141593 0.400000 191.000000
18.000000 3.263007 0.555556 24.468170 3.141593 0.400000 191.000000
18.000000 3.388507 0.600000 24.819141 3.141593 0.400000 191.000000
18.000000 3.514007 0.625000 25.398826 3.141593 0.400000 191.000000
18.000000 3.639507 0.681818 26.708502 3.141593 0.400000 191.000000
18.000000 3.765008 1.000000 29.458128 3.141593 0.400000 191.000000
18.000000 3.890508 1.000000 30.013258 3.141593 0.400000 191.000000
18.000000 4.016008 1.000000 30.295895 3.141593 0.400000 191.000000
18.000000 4.141508 1.000000 30.174047 3.141593 0.400000 191.000000
18.000000 4.267009 1.000000 30.207470 3.141593 0.400000 191.000000
18.000000 4.392509 1.000000 30.885765 3.141593 0.400000 191.000000
18.000000 4.518009 1.000000 31.146189 3.141593 0.400000 191.000000
18.000000 4.643509 1.000000 31.772484 3.141593 0.400000 191.000000
18.000000 4.769010 1.000000 32.391179 3.141593 0.400000 191.000000
18.000000 4.894510 0.714286 33.750107 3.141593 0.400000 191.000000
18.000000 5.020010 1.000000 34.308141 3.141593 0.400000 191.000000
18.000000 5.145510 1.000000 34.945424 3.141593 0.400000 191.000000
18.000000 5.271011 1.000000 34.555691 3.141593 0.400000 191.000000
18.000000 5.396511 1.000000 34.545949 3.141593 0.400000 191.000000
18.000000 5.522011 1.000000 34.364118 3.141593 0.400000 191.000000
18.000000 5.647511 1.000000 34.842816 3.141593 0.400000 191.000000
18.000000 5.773012 1.000000 32.923244 3.141593 0.400000 191.000000
18.000000 5.898512 1.000000 33.298837 3.141593 0.400000 191.000000
18.000000 6.024012 1.000000 33.640981 3.141593 0.400000 191.000000
18.000000 6.149512 1.000000 33.951962 3.141593 0.400000 191.000000
18.000000 6.275013 1.000000 34.216173 3.141593 0.400000 191.000000
18.000000 6.400513 1.000000 34.610121 3.141593 0.400000 191.000000
18.000000 6.526013 1.000000 34.830728 3.141593 0.400000 191.000000
