15.250000 0.000000 0.681818 -0.446844 1.570796 0.400000 191.000000
15.250000 0.090082 0.529740 -0.277335 1.570796 0.400000 191.000000
15.250000 0.180165 0.809129 -0.635751 1.570796 0.400000 191.000000
15.250000 0.270247 0.852273 -0.149591 1.570796 0.400000 191.000000
15.250000 0.360329 0.709877 -0.352634 1.570796 0.400000 191.000000
15.250000 0.450411 0.743243 -0.880623 1.570796 0.400000 191.000000
15.250000 0.540494 0.627615 -0.566169 1.570796 0.400000 191.000000
15.250000 0.630576 0.684783 -0.772307 1.570796 0.400000 191.000000
15.250000 0.720658 0.841121 -0.756355 1.570796 0.400000 191.000000
15.250000 0.810740 0.731707 -0.531132 1.570796 0.400000 191.000000
15.250000 0.900823 0.889175 -0.966462 1.570796 0.400000 191.000000
15.250000 0.990905 0.829787 -0.618414 1.570796 0.400000 191.000000
15.250000 1.080987 1.008197 -0.429675 4.712389 0.400000 191.000000
15.250000 1.171069 1.002786 -0.030430 4.712389 0.400000 191.000000
15.250000 1.261152 0.997230 0.137012 4.712389 0.400000 191.000000
15.250000 1.351234 1.000000 0.403683 4.712389 0.400000 191.000000
15.250000 1.441316 1.000000 1.038841 4.712389 0.400000 191.000000
15.250000 1.531398 0.500000 2.917530 3.141593 0.400000 191.000000
15.250000 1.621481 0.497238 4.652254 3.141593 0.400000 191.000000
15.250000 1.711563 0.546358 5.807912 3.141593 0.400000 191.000000
15.250000 1.801645 0.619835 6.521177 3.141593 0.400000 191.000000
15.250000 1.891727 0.571429 7.904846 3.141593 0.400000 191.000000
15.250000 1.981810 0.494505 9.296907 3.141593 0.400000 191.000000
15.250000 2.071892 0.493421 10.447362 3.141593 0.400000 191.000000
15.250000 2.161974 0.500000 11.567003 3.141593 0.400000 191.000000
15.250000 2.252057 0.500000 12.504228 3.141593 0.400000 191.000000
15.250000 2.342139 0.535714 13.448762 3.141593 0.400000 191.000000
15.250000 2.432221 0.500000 14.332121 3.141593 0.400000 191.000000
15.250000 2.522303 0.562500 15.003657 3.141593 0.400000 191.000000
15.250000 2.612386 0.500000 15.775229 3.141593 0.400000 191.000000
15.250000 2.702468 0.548780 16.651259 3.141593 0.400000 191.000000
15.250000 2.792550 0.500000 17.931554 3.141593 0.400000 191.000000
15.250000 2.882632 0.535714 18.252983 3.141593 0.400000 191.000000
15.250000 2.972715 0.576923 18.540645 3.141593 0.400000 191.000000
15.250000 3.062797 0.600000 19.267646 3.141593 0.400000 191.000000
15.250000 3.152879 0.500000 20.318349 3.141593 0.400000 191.000000
15.250000 3.242961 0.500000 20.588963 3.141593 0.400000 191.000000
15.250000 3.333044 0.576923 20.791289 3.141593 0.400000 191.000000
15.250000 3.423126 0.576923 21.334843 3.141593 0.400000 191.000000
15.250000 3.513208 0.600000 21.975478 3.141593 0.400000 191.000000
15.250000 3.603290 0.625000 22.346804 3.141593 0.400000 191.000000
15.250000 3.693373 1.000000 25.278946 3.141593 0.400000 191.000000
15.250000 3.783455 1.000000 25.573060 3.141593 0.400000 191.000000
15.250000 3.873537 1.000000 26.121918 3.141593 0.400000 191.000000
15.250000 3.963619 1.000000 25.166945 3.141593 0.400000 191.000000
15.250000 4.053702 1.000000 24.413982 3.141593 0.400000 191.000000
15.250000 4.143784 1.000000 24.776524 3.141593 0.400000 191.000000
15.250000 4.233866 1.000000 24.455863 3.141593 0.400000 191.000000
15.250000 4.323949 1.000000 24.788460 3.141593 0.400000 191.000000
15.250000 4.414031 1.000000 25.123196 3.141593 0.400000 191.000000
15.250000 4.504113 1.000000 25.012211 3.141593 0.400000 191.000000
15.250000 4.594195 1.000000 25.336352 3.141593 0.400000 191.000000
15.250000 4.684278 1.000000 27.007256 3.141593 0.400000 191.000000
