6.750000 0.000000 0.981308 -0.101248 1.570796 0.400000 191.000000
6.750000 0.017648 0.953390 -0.265652 1.570796 0.400000 191.000000
6.750000 0.035297 1.184211 -0.143085 1.570796 0.400000 191.000000
6.750000 0.052945 1.081081 -0.479555 1.570796 0.400000 191.000000
6.750000 0.070594 1.029412 -0.258749 1.570796 0.400000 191.000000
6.750000 0.088242 1.275000 -0.419695 1.570796 0.400000 191.000000
6.750000 0.105891 0.767717 -0.212046 1.570796 0.400000 191.000000
6.750000 0.123539 0.972222 -0.266613 1.570796 0.400000 191.000000
6.750000 0.141188 0.929204 -0.154960 1.570796 0.400000 191.000000
6.750000 0.158836 1.013514 -0.411936 1.570796 0.400000 191.000000
6.750000 0.176485 0.801527 -0.424188 1.570796 0.400000 191.000000
6.750000 0.194133 0.755814 -0.360612 1.570796 0.400000 191.000000
6.750000 0.211782 0.847826 -0.051574 1.570796 0.400000 191.000000
6.750000 0.229430 0.786290 -0.150908 1.570796 0.400000 191.000000
6.750000 0.247079 0.900000 -0.034371 1.570796 0.400000 191.000000
6.750000 0.264727 1.095506 -0.450434 1.570796 0.400000 191.000000
6.750000 0.282376 1.015625 -0.556536 1.570796 0.400000 191.000000
6.750000 0.300024 1.500000 -0.400608 1.570796 0.400000 191.000000
6.750000 0.317673 1.200000 -0.398249 1.570796 0.400000 191.000000
6.750000 0.335321 0.767717 -0.229141 1.570796 0.400000 191.000000
6.750000 0.352969 0.763889 0.029777 1.570796 0.400000 191.000000
6.750000 0.370618 0.965347 -0.257901 1.570796 0.400000 191.000000
6.750000 0.388266 0.720000 -0.281271 1.570796 0.400000 191.000000
6.750000 0.405915 0.808824 -0.576435 1.570796 0.400000 191.000000
6.750000 0.423563 1.355422 -0.152035 1.570796 0.400000 191.000000
6.750000 0.441212 1.141304 -0.012194 1.570796 0.400000 191.000000
6.750000 0.458860 1.039604 -0.431636 1.570796 0.400000 191.000000
6.750000 0.476509 1.039604 -0.193411 1.570796 0.400000 191.000000
6.750000 0.494157 1.191589 -0.145525 1.570796 0.400000 191.000000
6.750000 0.511806 1.041667 -0.226675 1.570796 0.400000 191.000000
6.750000 0.529454 1.113861 -0.297019 1.570796 0.400000 191.000000
6.750000 0.547103 1.063433 0.028621 1.570796 0.400000 191.000000
6.750000 0.564751 1.395349 -0.091297 1.570796 0.400000 191.000000
6.750000 0.582400 0.983607 -0.092980 1.570796 0.400000 191.000000
6.750000 0.600048 0.867769 0.023282 1.570796 0.400000 191.000000
6.750000 0.617697 1.000000 -0.042528 1.570796 0.400000 191.000000
6.750000 0.635345 0.781250 -0.544628 1.570796 0.400000 191.000000
6.750000 0.652993 0.735294 -0.369760 1.570796 0.400000 191.000000
6.750000 0.670642 0.612245 -0.409354 1.570796 0.400000 191.000000
6.750000 0.688290 1.034483 -0.168766 1.570796 0.400000 191.000000
6.750000 0.705939 0.523256 -0.383073 1.570796 0.400000 191.000000
6.750000 0.723587 0.533175 -0.101216 1.570796 0.400000 191.000000
6.750000 0.741236 0.500000 -0.039656 1.570796 0.400000 191.000000
6.750000 0.758884 0.500000 -0.007875 1.570796 0.400000 191.000000
6.750000 0.776533 0.500000 0.252930 1.570796 0.400000 191.000000
6.750000 0.794181 0.500000 0.524575 1.570796 0.400000 191.000000
6.750000 0.811830 0.500000 0.749845 1.570796 0.400000 191.000000
6.750000 0.829478 0.500000 0.953152 1.570796 0.400000 191.000000
6.750000 0.847127 0.500000 1.136993 1.570796 0.400000 191.000000
6.750000 0.864775 0.500000 1.308551 1.570796 0.400000 191.000000
6.750000 0.882424 0.500000 1.470997 1.570796 0.400000 191.000000
6.750000 0.900072 0.500000 1.627716 1.570796 0.400000 191.000000
6.750000 0.917721 0.500000 1.778308 1.570796 0.400000 191.000000
