1 1.495919 13.510837 3.224426 0.987927 -0.032552 -0.174302
2 1.321213 14.005981 0.843620 0.981358 -0.033243 -0.177162
0 1.094061 14.504042 -0.177319 0.979982 -0.034130 -0.176373
1 0.956754 15.015256 4.182818 0.980055 -0.033440 -0.175584
2 0.884625 15.519000 -0.651502 0.978213 -0.034130 -0.176274
3 0.891236 16.011051 2.763646 0.982668 -0.033243 -0.176965
4 1.068733 16.514243 0.878867 0.979526 -0.033243 -0.176472
5 1.278391 17.014914 -1.185684 0.979346 -0.033736 -0.172723
6 1.537516 17.516052 3.542946 0.984656 -0.032848 -0.176176
7 1.907230 18.014738 1.013527 0.986190 -0.033243 -0.175781
8 2.492730 18.519677 -0.901136 0.993022 -0.034821 -0.176274
9 2.644559 19.017540 0.858704 0.990260 -0.033933 -0.177162
10 1.943963 19.520358 2.578431 0.999104 -0.032848 -0.174992
11 1.805090 20.020099 -1.387122 0.979280 -0.032848 -0.175189
12 1.610634 20.518277 1.256247 0.984872 -0.033144 -0.175584
13 1.399206 21.020692 2.036214 0.980277 -0.034722 -0.176274
14 1.396796 21.521260 1.835326 0.977632 -0.034624 -0.174598
0 1.206605 22.029454 3.669889 0.995835 -0.034130 -0.176373
1 1.093040 22.529190 2.415505 0.999171 -0.033144 -0.177360
2 0.908838 23.011967 3.999296 0.972913 -0.033440 -0.175880
3 0.720278 23.519274 2.629873 0.984709 -0.033243 -0.176077
4 0.612392 24.007748 1.037448 0.990562 -0.032158 -0.175683
5 0.505833 24.512880 0.043361 0.983357 -0.033637 -0.175584
6 0.398064 25.028109 1.801127 0.973076 -0.032848 -0.175683
7 0.382489 25.534708 0.130716 0.976601 -0.032256 -0.175880
8 0.513535 26.018530 0.990719 0.974589 -0.033933 -0.175189
9 0.624941 26.524451 -1.434075 0.973870 -0.033144 -0.176669
0 0.785587 27.022093 2.079648 0.979234 -0.033243 -0.174992
1 0.965694 27.535494 2.271657 0.975458 -0.034920 -0.175485
2 0.811581 28.012173 -1.592585 0.980018 -0.033637 -0.174696
3 0.642088 28.525449 2.153310 0.972277 -0.033144 -0.176570
4 0.562572 29.021764 1.017282 0.972901 -0.034722 -0.175683
5 0.462958 29.527011 -1.556341 0.974576 -0.034328 -0.175189
6 0.418028 30.022836 3.865461 0.974703 -0.033539 -0.175683
7 0.806025 30.027970 4.539856 0.974561 -0.033539 -0.173217
8 0.691721 30.023831 0.807446 0.978057 -0.033539 -0.173710
9 0.729649 29.531542 3.135952 0.978923 -0.033637 -0.174104
10 0.741450 29.026143 0.610464 0.975388 -0.032749 -0.173414
11 0.899549 28.532692 0.616515 0.973562 -0.033637 -0.176373
12 0.910354 28.026197 0.618855 0.980888 -0.033539 -0.173019
13 0.796314 27.521844 0.923066 0.981403 -0.032651 -0.174598
14 0.642460 27.028105 4.213056 0.972335 -0.034722 -0.176570
15 0.576734 26.512272 3.130536 0.976885 -0.033834 -0.176669
16 0.430392 26.027844 2.330247 0.976438 -0.032453 -0.175880
17 0.424861 25.517143 4.017345 0.978759 -0.033341 -0.176077
18 0.516971 25.022715 4.046534 0.972434 -0.033933 -0.175880
19 0.586395 24.511384 0.837745 0.985690 -0.032355 -0.175683
20 0.783414 24.040750 -0.494439 0.978629 -0.034032 -0.175781
21 0.955063 23.511454 1.810802 1.000437 -0.033144 -0.175387
22 1.049182 23.006520 3.990051 0.970928 -0.034920 -0.174992
23 1.224952 22.527235 -0.747282 0.956215 -0.033736 -0.174696
24 1.305898 22.014279 2.315329 0.992295 -0.032848 -0.175189
25 1.436666 21.517778 0.300716 0.971253 -0.034130 -0.176373
26 1.546652 21.015314 4.021069 0.986055 -0.033243 -0.174400
27 1.749478 20.517620 2.507916 0.986035 -0.034525 -0.173808
28 1.948559 20.019932 -0.179374 0.978483 -0.034229 -0.176176
29 2.110946 19.517762 0.356509 0.979520 -0.033933 -0.175288
30 2.280784 19.019095 1.194854 0.986962 -0.032256 -0.174893
31 2.487221 18.514730 0.922132 0.988697 -0.034722 -0.170948
32 2.611652 18.014439 1.816353 0.996442 -0.033637 -0.173217
33 1.553448 17.516393 1.773482 0.985316 -0.033834 -0.174499
34 1.290565 17.013472 0.586060 0.980776 -0.034229 -0.176866
35 1.163390 16.515686 -0.513694 0.975655 -0.033736 -0.173118
36 1.076370 16.019202 -1.208872 0.978702 -0.032355 -0.174795
37 0.930494 15.511304 0.291088 0.976622 -0.034821 -0.176472
38 0.877016 15.021535 3.623045 0.978249 -0.033637 -0.177360
39 -0.905109 14.506084 3.579775 0.977538 -0.034032 -0.174499
40 0.906658 14.505709 0.474042 0.977334 -0.033045 -0.171342
41 1.016606 14.008088 1.413613 0.978301 -0.033341 -0.174104
42 1.180914 13.509022 2.288794 0.980937 -0.032848 -0.174992
43 1.367126 13.002412 3.760370 0.981838 -0.033045 -0.173710
44 1.385381 12.996064 0.121623 0.979010 -0.033144 -0.175485
