17.000000 0.000000 0.157895 -1.371382 1.795196 0.400000 191.000000
17.000000 0.027778 0.157068 -1.347207 1.795196 0.400000 191.000000
17.000000 0.055556 0.157068 -1.336933 1.795196 0.400000 191.000000
17.000000 0.083333 0.155440 -1.146831 1.795196 0.400000 191.000000
17.000000 0.111111 0.155440 -1.124708 1.795196 0.400000 191.000000
17.000000 0.138889 0.153061 -1.156783 1.795196 0.400000 191.000000
17.000000 0.166667 0.281690 -1.091602 1.795196 0.400000 191.000000
17.000000 0.194444 0.348837 -0.911811 1.795196 0.400000 191.000000
17.000000 0.222222 0.497449 -0.521918 1.795196 0.400000 191.000000
17.000000 0.250000 0.500000 -0.058534 3.590392 0.400000 191.000000
17.000000 0.277778 0.500000 0.166600 3.590392 0.400000 191.000000
17.000000 0.305556 0.500000 0.386729 3.590392 0.400000 191.000000
17.000000 0.333333 0.500000 0.602322 3.590392 0.400000 191.000000
17.000000 0.361111 0.500000 0.814898 3.590392 0.400000 191.000000
17.000000 0.388889 0.500000 1.025284 3.590392 0.400000 191.000000
17.000000 0.416667 0.500000 1.234088 3.590392 0.400000 191.000000
17.000000 0.444444 0.500000 1.441753 3.590392 0.400000 191.000000
17.000000 0.472222 0.500000 1.648841 3.590392 0.400000 191.000000
17.000000 0.500000 0.500000 1.854560 3.590392 0.400000 191.000000
17.000000 0.527778 0.500000 2.059428 3.590392 0.400000 191.000000
17.000000 0.555556 0.500000 2.263783 3.590392 0.400000 191.000000
17.000000 0.583333 0.503247 2.465555 3.590392 0.400000 191.000000
17.000000 0.611111 0.500000 2.670621 3.590392 0.400000 191.000000
17.000000 0.638889 0.500000 2.874562 3.590392 0.400000 191.000000
17.000000 0.666667 0.500000 3.073980 3.590392 0.400000 191.000000
17.000000 0.694444 0.500000 3.277328 3.590392 0.400000 191.000000
17.000000 0.722222 0.507692 3.473785 3.590392 0.400000 191.000000
17.000000 0.750000 0.500000 3.677921 3.590392 0.400000 191.000000
17.000000 0.777778 0.500000 3.877093 3.590392 0.400000 191.000000
17.000000 0.805556 0.500000 4.081152 3.590392 0.400000 191.000000
17.000000 0.833333 0.507519 4.275727 3.590392 0.400000 191.000000
17.000000 0.861111 0.500000 4.479480 3.590392 0.400000 191.000000
17.000000 0.888889 0.507968 4.670231 3.590392 0.400000 191.000000
17.000000 0.916667 0.510638 4.868236 3.590392 0.400000 191.000000
17.000000 0.944444 0.500000 5.079970 3.590392 0.400000 191.000000
17.000000 0.972222 0.500000 5.277066 3.590392 0.400000 191.000000
17.000000 1.000000 0.500000 5.474132 3.590392 0.400000 191.000000
17.000000 1.027778 0.500000 5.667041 3.590392 0.400000 191.000000
17.000000 1.055556 0.512195 5.848386 3.590392 0.400000 191.000000
17.000000 1.083333 0.510471 6.050682 3.590392 0.400000 191.000000
17.000000 1.111111 0.500000 6.252253 3.590392 0.400000 191.000000
17.000000 1.138889 0.500000 6.463074 3.590392 0.400000 191.000000
17.000000 1.166667 0.511364 6.641972 3.590392 0.400000 191.000000
17.000000 1.194444 0.500000 6.840925 3.590392 0.400000 191.000000
17.000000 1.222222 0.514286 7.023618 3.590392 0.400000 191.000000
17.000000 1.250000 0.500000 7.231893 3.590392 0.400000 191.000000
17.000000 1.277778 0.515625 7.403906 3.590392 0.400000 191.000000
17.000000 1.305556 0.500000 7.600281 3.590392 0.400000 191.000000
17.000000 1.333333 0.512422 7.782336 3.590392 0.400000 191.000000
17.000000 1.361111 0.518868 7.971546 3.590392 0.400000 191.000000
17.000000 1.388889 0.500000 8.190421 3.590392 0.400000 191.000000
17.000000 1.416667 0.510204 8.370495 3.590392 0.400000 191.000000
17.000000 1.444444 0.517241 8.552608 3.590392 0.400000 191.000000
17.000000 1.472222 0.520833 8.741235 3.590392 0.400000 191.000000
17.000000 1.500000 0.500000 8.956388 3.590392 0.400000 191.000000
