13.000000 0.000000 0.204545 -1.340411 1.795196 0.400000 191.000000
13.000000 0.027778 0.204545 -1.334379 1.795196 0.400000 191.000000
13.000000 0.055556 0.204545 -1.345363 1.795196 0.400000 191.000000
13.000000 0.083333 0.205479 -1.337146 1.795196 0.400000 191.000000
13.000000 0.111111 0.204545 -1.336286 1.795196 0.400000 191.000000
13.000000 0.138889 0.204545 -1.347236 1.795196 0.400000 191.000000
13.000000 0.166667 0.204545 -1.353846 1.795196 0.400000 191.000000
13.000000 0.194444 0.204545 -1.350771 1.795196 0.400000 191.000000
13.000000 0.222222 0.204545 -1.354275 1.795196 0.400000 191.000000
13.000000 0.250000 0.205479 -1.349539 1.795196 0.400000 191.000000
13.000000 0.277778 0.204545 -1.352647 1.795196 0.400000 191.000000
13.000000 0.305556 0.204545 -1.368584 1.795196 0.400000 191.000000
13.000000 0.333333 0.204545 -1.357349 1.795196 0.400000 191.000000
13.000000 0.361111 0.205479 -1.307380 1.795196 0.400000 191.000000
13.000000 0.388889 0.204545 -1.376126 1.795196 0.400000 191.000000
13.000000 0.416667 0.204545 -1.375821 1.795196 0.400000 191.000000
13.000000 0.444444 0.204545 -1.362924 1.795196 0.400000 191.000000
13.000000 0.472222 0.206422 -1.371234 1.795196 0.400000 191.000000
13.000000 0.500000 0.206422 -1.399318 1.795196 0.400000 191.000000
13.000000 0.527778 0.206422 -1.393153 1.795196 0.400000 191.000000
13.000000 0.555556 0.206422 -1.388945 1.795196 0.400000 191.000000
13.000000 0.583333 0.206422 -1.400481 1.795196 0.400000 191.000000
13.000000 0.611111 0.208333 -1.401279 1.795196 0.400000 191.000000
13.000000 0.638889 0.208333 -1.417227 1.795196 0.400000 191.000000
13.000000 0.666667 0.208333 -1.374916 1.795196 0.400000 191.000000
13.000000 0.694444 0.208333 -1.344253 1.795196 0.400000 191.000000
13.000000 0.722222 0.208333 -1.411190 1.795196 0.400000 191.000000
13.000000 0.750000 0.210280 -1.406085 1.795196 0.400000 191.000000
13.000000 0.777778 0.210280 -1.404072 1.795196 0.400000 191.000000
13.000000 0.805556 0.211268 -1.473267 1.795196 0.400000 191.000000
13.000000 0.833333 0.210280 -1.420686 1.795196 0.400000 191.000000
13.000000 0.861111 0.211268 -1.506871 1.795196 0.400000 191.000000
13.000000 0.888889 0.211268 -1.530197 1.795196 0.400000 191.000000
13.000000 0.916667 0.209790 -1.557590 1.795196 0.400000 191.000000
13.000000 0.944444 0.211268 -1.534335 1.795196 0.400000 191.000000
13.000000 0.972222 0.208333 -1.369224 1.795196 0.400000 191.000000
13.000000 1.000000 0.448718 -0.892255 1.795196 0.400000 191.000000
13.000000 1.027778 0.500000 0.158522 2.692794 0.400000 191.000000
13.000000 1.055556 0.500000 0.620479 2.692794 0.400000 191.000000
13.000000 1.083333 0.500000 1.006573 2.692794 0.400000 191.000000
13.000000 1.111111 0.500000 1.351618 2.692794 0.400000 191.000000
13.000000 1.138889 0.502874 1.655287 2.692794 0.400000 191.000000
13.000000 1.166667 0.504484 1.940398 2.692794 0.400000 191.000000
13.000000 1.194444 0.505181 2.212639 2.692794 0.400000 191.000000
13.000000 1.222222 0.500000 2.471230 2.692794 0.400000 191.000000
13.000000 1.250000 0.504808 2.713080 2.692794 0.400000 191.000000
13.000000 1.277778 0.506757 2.945578 2.692794 0.400000 191.000000
13.000000 1.305556 0.507519 3.176874 2.692794 0.400000 191.000000
13.000000 1.333333 0.500000 3.401483 2.692794 0.400000 191.000000
13.000000 1.361111 0.500000 3.617184 2.692794 0.400000 191.000000
13.000000 1.388889 0.511364 3.822210 2.692794 0.400000 191.000000
13.000000 1.416667 0.509709 4.028561 2.692794 0.400000 191.000000
13.000000 1.444444 0.512195 4.223459 2.692794 0.400000 191.000000
13.000000 1.472222 0.500000 4.428540 2.692794 0.400000 191.000000
13.000000 1.500000 0.500000 4.644116 2.692794 0.400000 191.000000
