14.000000 0.000000 0.190678 -1.232352 1.795196 0.400000 191.000000
14.000000 0.027778 0.190678 -1.216039 1.795196 0.400000 191.000000
14.000000 0.055556 0.190678 -1.258542 1.795196 0.400000 191.000000
14.000000 0.083333 0.190678 -1.258044 1.795196 0.400000 191.000000
14.000000 0.111111 0.190678 -1.264738 1.795196 0.400000 191.000000
14.000000 0.138889 0.190678 -1.259972 1.795196 0.400000 191.000000
14.000000 0.166667 0.190678 -1.272805 1.795196 0.400000 191.000000
14.000000 0.194444 0.192308 -1.272393 1.795196 0.400000 191.000000
14.000000 0.222222 0.252101 -1.300374 1.795196 0.400000 191.000000
14.000000 0.250000 0.254237 -1.331351 1.795196 0.400000 191.000000
14.000000 0.277778 0.286624 -1.353891 1.795196 0.400000 191.000000
14.000000 0.305556 0.334395 -1.352235 1.795196 0.400000 191.000000
14.000000 0.333333 0.382166 -1.342633 1.795196 0.400000 191.000000
14.000000 0.361111 0.382166 -1.359158 1.795196 0.400000 191.000000
14.000000 0.388889 0.429936 -1.364890 1.795196 0.400000 191.000000
14.000000 0.416667 0.525478 -1.367658 1.795196 0.400000 191.000000
14.000000 0.444444 0.525478 -1.364788 1.795196 0.400000 191.000000
14.000000 0.472222 0.580357 -1.367630 1.795196 0.400000 191.000000
14.000000 0.500000 0.625000 -1.368847 1.795196 0.400000 191.000000
14.000000 0.527778 0.758929 -1.373587 1.795196 0.400000 191.000000
14.000000 0.555556 0.848214 -1.372381 1.795196 0.400000 191.000000
14.000000 0.583333 0.942857 -1.379033 1.795196 0.400000 191.000000
14.000000 0.611111 0.980114 -1.378376 1.795196 0.400000 191.000000
14.000000 0.638889 1.022727 -1.383833 1.795196 0.400000 191.000000
14.000000 0.666667 1.065341 -1.448071 1.795196 0.400000 191.000000
14.000000 0.694444 1.150568 -1.453493 1.795196 0.400000 191.000000
14.000000 0.722222 1.193182 -1.452113 1.795196 0.400000 191.000000
14.000000 0.750000 1.193182 -1.460432 1.795196 0.400000 191.000000
14.000000 0.777778 1.193182 -1.465032 1.795196 0.400000 191.000000
14.000000 0.805556 1.200000 -1.472839 1.795196 0.400000 191.000000
14.000000 0.833333 1.192308 -1.389315 1.795196 0.400000 191.000000
14.000000 0.861111 1.192308 -1.401175 1.795196 0.400000 191.000000
14.000000 0.888889 1.192308 -1.422246 1.795196 0.400000 191.000000
14.000000 0.916667 1.192308 -1.443290 1.795196 0.400000 191.000000
14.000000 0.944444 1.195055 -1.544062 1.795196 0.400000 191.000000
14.000000 0.972222 1.195055 -1.549171 1.795196 0.400000 191.000000
14.000000 1.000000 1.195055 -1.546398 1.795196 0.400000 191.000000
14.000000 1.027778 1.195055 -1.532316 1.795196 0.400000 191.000000
14.000000 1.055556 1.190476 -1.507657 5.385587 0.400000 191.000000
14.000000 1.083333 1.192308 -1.522350 5.385587 0.400000 191.000000
14.000000 1.111111 1.192308 -1.523749 5.385587 0.400000 191.000000
14.000000 1.138889 1.188525 -1.610557 5.385587 0.400000 191.000000
14.000000 1.166667 1.188525 -1.627056 5.385587 0.400000 191.000000
14.000000 1.194444 1.196809 -1.640525 5.385587 0.400000 191.000000
14.000000 1.222222 1.192308 -1.614150 5.385587 0.400000 191.000000
14.000000 1.250000 1.194030 -1.642843 5.385587 0.400000 191.000000
14.000000 1.277778 1.194030 -1.774008 5.385587 0.400000 191.000000
14.000000 1.305556 1.188525 -1.585074 5.385587 0.400000 191.000000
14.000000 1.333333 1.014493 -1.383337 5.385587 0.400000 191.000000
14.000000 1.361111 0.894886 -2.440144 3.590392 0.400000 191.000000
14.000000 1.388889 0.501761 -0.603010 3.590392 0.400000 191.000000
14.000000 1.416667 0.500000 0.657561 3.590392 0.400000 191.000000
14.000000 1.444444 0.500000 1.441516 3.590392 0.400000 191.000000
14.000000 1.472222 0.500000 2.074104 3.590392 0.400000 191.000000
14.000000 1.500000 0.500000 2.619226 3.590392 0.400000 191.000000
