25.500000 0.000000 0.106635 -1.490131 1.795196 0.400000 191.000000
25.500000 0.027778 0.106635 -1.489307 1.795196 0.400000 191.000000
25.500000 0.055556 0.106635 -1.488425 1.795196 0.400000 191.000000
25.500000 0.083333 0.106635 -1.487448 1.795196 0.400000 191.000000
25.500000 0.111111 0.106635 -1.486376 1.795196 0.400000 191.000000
25.500000 0.138889 0.106635 -1.485212 1.795196 0.400000 191.000000
25.500000 0.166667 0.106635 -1.483927 1.795196 0.400000 191.000000
25.500000 0.194444 0.106635 -1.482493 1.795196 0.400000 191.000000
25.500000 0.222222 0.106635 -1.503534 1.795196 0.400000 191.000000
25.500000 0.250000 0.106635 -1.501696 1.795196 0.400000 191.000000
25.500000 0.277778 0.106635 -1.499653 1.795196 0.400000 191.000000
25.500000 0.305556 0.106635 -1.497430 1.795196 0.400000 191.000000
25.500000 0.333333 0.106635 -1.495153 1.795196 0.400000 191.000000
25.500000 0.361111 0.106635 -1.493175 1.795196 0.400000 191.000000
25.500000 0.388889 0.106635 -1.492199 1.795196 0.400000 191.000000
25.500000 0.416667 0.106635 -1.493429 1.795196 0.400000 191.000000
25.500000 0.444444 0.105140 -1.113429 1.795196 0.400000 191.000000
25.500000 0.472222 0.105140 -1.123266 1.795196 0.400000 191.000000
25.500000 0.500000 0.106635 -1.525636 1.795196 0.400000 191.000000
25.500000 0.527778 0.105140 -1.170053 1.795196 0.400000 191.000000
25.500000 0.555556 0.105140 -1.168660 1.795196 0.400000 191.000000
25.500000 0.583333 0.117188 -1.269876 1.795196 0.400000 191.000000
25.500000 0.611111 0.500000 -0.183578 4.487990 0.400000 191.000000
25.500000 0.638889 0.500000 0.531869 4.487990 0.400000 191.000000
25.500000 0.666667 0.500000 1.075327 4.487990 0.400000 191.000000
25.500000 0.694444 0.500000 1.545637 4.487990 0.400000 191.000000
25.500000 0.722222 0.500000 1.975019 4.487990 0.400000 191.000000
25.500000 0.750000 0.500000 2.378181 4.487990 0.400000 191.000000
25.500000 0.777778 0.500000 2.762171 4.487990 0.400000 191.000000
25.500000 0.805556 0.500000 3.126717 4.487990 0.400000 191.000000
25.500000 0.833333 0.503839 3.479200 4.487990 0.400000 191.000000
25.500000 0.861111 0.500000 3.821347 4.487990 0.400000 191.000000
25.500000 0.888889 0.500000 4.153373 4.487990 0.400000 191.000000
25.500000 0.916667 0.500000 4.478317 4.487990 0.400000 191.000000
25.500000 0.944444 0.498670 4.798711 4.487990 0.400000 191.000000
25.500000 0.972222 0.500000 5.113425 4.487990 0.400000 191.000000
25.500000 1.000000 0.500000 5.419773 4.487990 0.400000 191.000000
25.500000 1.027778 0.509259 5.720135 4.487990 0.400000 191.000000
25.500000 1.055556 0.500000 6.025946 4.487990 0.400000 191.000000
25.500000 1.083333 0.508475 6.318666 4.487990 0.400000 191.000000
25.500000 1.111111 0.500000 6.613030 4.487990 0.400000 191.000000
25.500000 1.138889 0.511364 6.896131 4.487990 0.400000 191.000000
25.500000 1.166667 0.500000 7.187594 4.487990 0.400000 191.000000
25.500000 1.194444 0.500000 7.470285 4.487990 0.400000 191.000000
25.500000 1.222222 0.508475 7.747699 4.487990 0.400000 191.000000
25.500000 1.250000 0.510638 8.032187 4.487990 0.400000 191.000000
25.500000 1.277778 0.509050 8.309569 4.487990 0.400000 191.000000
25.500000 1.305556 0.509050 8.593458 4.487990 0.400000 191.000000
25.500000 1.333333 0.500000 8.862453 4.487990 0.400000 191.000000
25.500000 1.361111 0.500000 9.143875 4.487990 0.400000 191.000000
25.500000 1.388889 0.500000 9.414513 4.487990 0.400000 191.000000
25.500000 1.416667 0.513158 9.664031 4.487990 0.400000 191.000000
25.500000 1.444444 0.500000 9.942558 4.487990 0.400000 191.000000
25.500000 1.472222 0.497238 10.212833 4.487990 0.400000 191.000000
25.500000 1.500000 0.514286 10.459529 4.487990 0.400000 191.000000
