34.500000 0.000000 0.077320 -1.109358 1.795196 0.400000 191.000000
34.500000 0.027778 0.077320 -1.110009 1.795196 0.400000 191.000000
34.500000 0.055556 0.077055 -1.111500 1.795196 0.400000 191.000000
34.500000 0.083333 0.077055 -1.113459 1.795196 0.400000 191.000000
34.500000 0.111111 0.077055 -1.115529 1.795196 0.400000 191.000000
34.500000 0.138889 0.077055 -1.117218 1.795196 0.400000 191.000000
34.500000 0.166667 0.076792 -1.117674 1.795196 0.400000 191.000000
34.500000 0.194444 0.076792 -1.132785 1.795196 0.400000 191.000000
34.500000 0.222222 0.076792 -1.124500 1.795196 0.400000 191.000000
34.500000 0.250000 0.076792 -1.124094 1.795196 0.400000 191.000000
34.500000 0.277778 0.095178 -1.334560 1.795196 0.400000 191.000000
34.500000 0.305556 0.113636 -1.281321 1.795196 0.400000 191.000000
34.500000 0.333333 0.266355 -1.061827 1.795196 0.400000 191.000000
34.500000 0.361111 0.490463 -0.472310 1.795196 0.400000 191.000000
34.500000 0.388889 0.500681 -0.069546 5.385587 0.400000 191.000000
34.500000 0.416667 0.500000 0.322693 5.385587 0.400000 191.000000
34.500000 0.444444 0.500000 0.685342 5.385587 0.400000 191.000000
34.500000 0.472222 0.500000 1.017031 5.385587 0.400000 191.000000
34.500000 0.500000 0.500000 1.323865 5.385587 0.400000 191.000000
34.500000 0.527778 0.500000 1.612766 5.385587 0.400000 191.000000
34.500000 0.555556 0.500000 1.889156 5.385587 0.400000 191.000000
34.500000 0.583333 0.500000 2.156991 5.385587 0.400000 191.000000
34.500000 0.611111 0.500000 2.419023 5.385587 0.400000 191.000000
34.500000 0.638889 0.499321 2.677107 5.385587 0.400000 191.000000
34.500000 0.666667 0.500000 2.932527 5.385587 0.400000 191.000000
34.500000 0.694444 0.500000 3.186259 5.385587 0.400000 191.000000
34.500000 0.722222 0.500000 3.436900 5.385587 0.400000 191.000000
34.500000 0.750000 0.500000 3.687007 5.385587 0.400000 191.000000
34.500000 0.777778 0.502392 3.934691 5.385587 0.400000 191.000000
34.500000 0.805556 0.500000 4.185302 5.385587 0.400000 191.000000
34.500000 0.833333 0.500000 4.432414 5.385587 0.400000 191.000000
34.500000 0.861111 0.503731 4.675000 5.385587 0.400000 191.000000
34.500000 0.888889 0.503839 4.921934 5.385587 0.400000 191.000000
34.500000 0.916667 0.504073 5.167460 5.385587 0.400000 191.000000
34.500000 0.944444 0.500000 5.416276 5.385587 0.400000 191.000000
34.500000 0.972222 0.503247 5.653418 5.385587 0.400000 191.000000
34.500000 1.000000 0.504484 5.896849 5.385587 0.400000 191.000000
34.500000 1.027778 0.503472 6.136953 5.385587 0.400000 191.000000
34.500000 1.055556 0.500000 6.385617 5.385587 0.400000 191.000000
34.500000 1.083333 0.506250 6.628040 5.385587 0.400000 191.000000
34.500000 1.111111 0.500000 6.873538 5.385587 0.400000 191.000000
34.500000 1.138889 0.503876 7.106395 5.385587 0.400000 191.000000
34.500000 1.166667 0.505391 7.343000 5.385587 0.400000 191.000000
34.500000 1.194444 0.504032 7.584619 5.385587 0.400000 191.000000
34.500000 1.222222 0.500000 7.814795 5.385587 0.400000 191.000000
34.500000 1.250000 0.507042 8.037823 5.385587 0.400000 191.000000
34.500000 1.277778 0.500000 8.266086 5.385587 0.400000 191.000000
34.500000 1.305556 0.501393 8.485457 5.385587 0.400000 191.000000
34.500000 1.333333 0.506757 8.718186 5.385587 0.400000 191.000000
34.500000 1.361111 0.501238 8.826874 5.385587 0.400000 191.000000
34.500000 1.388889 0.500000 9.130236 5.385587 0.400000 191.000000
34.500000 1.416667 0.500000 9.433959 5.385587 0.400000 191.000000
34.500000 1.444444 0.508065 9.717827 5.385587 0.400000 191.000000
34.500000 1.472222 0.508475 9.956815 5.385587 0.400000 191.000000
34.500000 1.500000 0.507117 10.194940 5.385587 0.400000 191.000000
