28.000000 0.000000 0.095339 -1.103764 1.795196 0.400000 191.000000
28.000000 0.027778 0.096983 -1.500946 1.795196 0.400000 191.000000
28.000000 0.055556 0.096983 -1.496590 1.795196 0.400000 191.000000
28.000000 0.083333 0.096983 -1.505474 1.795196 0.400000 191.000000
28.000000 0.111111 0.096567 -1.500528 1.795196 0.400000 191.000000
28.000000 0.138889 0.096567 -1.495301 1.795196 0.400000 191.000000
28.000000 0.166667 0.095339 -1.083126 1.795196 0.400000 191.000000
28.000000 0.194444 0.095339 -1.080298 1.795196 0.400000 191.000000
28.000000 0.222222 0.095339 -1.077285 1.795196 0.400000 191.000000
28.000000 0.250000 0.095339 -1.072929 1.795196 0.400000 191.000000
28.000000 0.277778 0.095339 -1.064595 1.795196 0.400000 191.000000
28.000000 0.305556 0.095339 -1.063512 1.795196 0.400000 191.000000
28.000000 0.333333 0.095339 -1.043720 1.795196 0.400000 191.000000
28.000000 0.361111 0.126404 -1.197650 1.795196 0.400000 191.000000
28.000000 0.388889 0.500681 -0.015979 4.487990 0.400000 191.000000
28.000000 0.416667 0.500681 0.477518 4.487990 0.400000 191.000000
28.000000 0.444444 0.500000 0.887856 4.487990 0.400000 191.000000
28.000000 0.472222 0.500000 1.244290 4.487990 0.400000 191.000000
28.000000 0.500000 0.500000 1.569965 4.487990 0.400000 191.000000
28.000000 0.527778 0.500000 1.878148 4.487990 0.400000 191.000000
28.000000 0.555556 0.500000 2.175782 4.487990 0.400000 191.000000
28.000000 0.583333 0.500000 2.466601 4.487990 0.400000 191.000000
28.000000 0.611111 0.500000 2.752778 4.487990 0.400000 191.000000
28.000000 0.638889 0.500000 3.032416 4.487990 0.400000 191.000000
28.000000 0.666667 0.500000 3.310250 4.487990 0.400000 191.000000
28.000000 0.694444 0.500000 3.584497 4.487990 0.400000 191.000000
28.000000 0.722222 0.503731 3.855233 4.487990 0.400000 191.000000
28.000000 0.750000 0.500000 4.126128 4.487990 0.400000 191.000000
28.000000 0.777778 0.500000 4.393282 4.487990 0.400000 191.000000
28.000000 0.805556 0.500000 4.659922 4.487990 0.400000 191.000000
28.000000 0.833333 0.500000 4.926004 4.487990 0.400000 191.000000
28.000000 0.861111 0.500000 5.188027 4.487990 0.400000 191.000000
28.000000 0.888889 0.505181 5.445487 4.487990 0.400000 191.000000
28.000000 0.916667 0.506757 5.703817 4.487990 0.400000 191.000000
28.000000 0.944444 0.500000 5.970972 4.487990 0.400000 191.000000
28.000000 0.972222 0.500000 6.231608 4.487990 0.400000 191.000000
28.000000 1.000000 0.507692 6.479184 4.487990 0.400000 191.000000
28.000000 1.027778 0.506431 6.736533 4.487990 0.400000 191.000000
28.000000 1.055556 0.500000 6.998647 4.487990 0.400000 191.000000
28.000000 1.083333 0.507117 7.243686 4.487990 0.400000 191.000000
28.000000 1.111111 0.508929 7.493159 4.487990 0.400000 191.000000
28.000000 1.138889 0.500000 7.757487 4.487990 0.400000 191.000000
28.000000 1.166667 0.500000 8.012549 4.487990 0.400000 191.000000
28.000000 1.194444 0.500000 8.264703 4.487990 0.400000 191.000000
28.000000 1.222222 0.500000 8.522857 4.487990 0.400000 191.000000
28.000000 1.250000 0.500000 8.771441 4.487990 0.400000 191.000000
28.000000 1.277778 0.500000 9.022683 4.487990 0.400000 191.000000
28.000000 1.305556 0.500000 9.273088 4.487990 0.400000 191.000000
28.000000 1.333333 0.513699 9.497484 4.487990 0.400000 191.000000
28.000000 1.361111 0.512195 9.746946 4.487990 0.400000 191.000000
28.000000 1.388889 0.507246 9.997563 4.487990 0.400000 191.000000
28.000000 1.416667 0.500000 10.254331 4.487990 0.400000 191.000000
28.000000 1.444444 0.515873 10.492328 4.487990 0.400000 191.000000
28.000000 1.472222 0.507812 10.741562 4.487990 0.400000 191.000000
28.000000 1.500000 0.500000 11.018611 4.487990 0.400000 191.000000
