15.000000 0.000000 0.176471 -1.215594 1.795196 0.400000 191.000000
15.000000 0.027778 0.176471 -1.251470 1.795196 0.400000 191.000000
15.000000 0.055556 0.176471 -1.190609 1.795196 0.400000 191.000000
15.000000 0.083333 0.176471 -1.205137 1.795196 0.400000 191.000000
15.000000 0.111111 0.176471 -1.229581 1.795196 0.400000 191.000000
15.000000 0.138889 0.177515 -1.199782 1.795196 0.400000 191.000000
15.000000 0.166667 0.177515 -1.223399 1.795196 0.400000 191.000000
15.000000 0.194444 0.176887 -1.247666 1.795196 0.400000 191.000000
15.000000 0.222222 0.178571 -1.198970 1.795196 0.400000 191.000000
15.000000 0.250000 0.178571 -1.191698 1.795196 0.400000 191.000000
15.000000 0.277778 0.177725 -1.240135 1.795196 0.400000 191.000000
15.000000 0.305556 0.178571 -1.175658 1.795196 0.400000 191.000000
15.000000 0.333333 0.178571 -1.180365 1.795196 0.400000 191.000000
15.000000 0.361111 0.195312 -1.205904 1.795196 0.400000 191.000000
15.000000 0.388889 0.178571 -1.173109 1.795196 0.400000 191.000000
15.000000 0.416667 0.179641 -1.166427 1.795196 0.400000 191.000000
15.000000 0.444444 0.180723 -1.158516 1.795196 0.400000 191.000000
15.000000 0.472222 0.180723 -1.159677 1.795196 0.400000 191.000000
15.000000 0.500000 0.178571 -1.246006 1.795196 0.400000 191.000000
15.000000 0.527778 0.178571 -1.241050 1.795196 0.400000 191.000000
15.000000 0.555556 0.179426 -1.232646 1.795196 0.400000 191.000000
15.000000 0.583333 0.179426 -1.235975 1.795196 0.400000 191.000000
15.000000 0.611111 0.180288 -1.263448 1.795196 0.400000 191.000000
15.000000 0.638889 0.180288 -1.277353 1.795196 0.400000 191.000000
15.000000 0.666667 0.199468 -1.290123 1.795196 0.400000 191.000000
15.000000 0.694444 0.199468 -1.311454 1.795196 0.400000 191.000000
15.000000 0.722222 0.216346 -1.350027 1.795196 0.400000 191.000000
15.000000 0.750000 0.326087 -1.358738 1.795196 0.400000 191.000000
15.000000 0.777778 0.390995 -1.382566 1.795196 0.400000 191.000000
15.000000 0.805556 0.297357 -1.326636 1.795196 0.400000 191.000000
15.000000 0.833333 0.260870 -1.506984 1.795196 0.400000 191.000000
15.000000 0.861111 0.321429 -1.363700 1.795196 0.400000 191.000000
15.000000 0.888889 0.439024 -1.119883 1.795196 0.400000 191.000000
15.000000 0.916667 0.404564 -1.099831 1.795196 0.400000 191.000000
15.000000 0.944444 0.507519 -1.853383 3.590392 0.400000 191.000000
15.000000 0.972222 0.500000 -0.361819 3.590392 0.400000 191.000000
15.000000 1.000000 0.500000 0.492360 3.590392 0.400000 191.000000
15.000000 1.027778 0.500000 1.106322 3.590392 0.400000 191.000000
15.000000 1.055556 0.500000 1.622642 3.590392 0.400000 191.000000
15.000000 1.083333 0.501393 2.076038 3.590392 0.400000 191.000000
15.000000 1.111111 0.500000 2.491002 3.590392 0.400000 191.000000
15.000000 1.138889 0.500000 2.873997 3.590392 0.400000 191.000000
15.000000 1.166667 0.500000 3.234475 3.590392 0.400000 191.000000
15.000000 1.194444 0.500000 3.574080 3.590392 0.400000 191.000000
15.000000 1.222222 0.500000 3.911533 3.590392 0.400000 191.000000
15.000000 1.250000 0.500000 4.217588 3.590392 0.400000 191.000000
15.000000 1.277778 0.496988 4.526364 3.590392 0.400000 191.000000
15.000000 1.305556 0.500000 4.823896 3.590392 0.400000 191.000000
15.000000 1.333333 0.520833 5.110793 3.590392 0.400000 191.000000
15.000000 1.361111 0.520833 5.407348 3.590392 0.400000 191.000000
15.000000 1.388889 0.515267 5.663160 3.590392 0.400000 191.000000
15.000000 1.416667 0.500000 5.934797 3.590392 0.400000 191.000000
15.000000 1.444444 0.500000 6.201436 3.590392 0.400000 191.000000
15.000000 1.472222 0.500000 6.483196 3.590392 0.400000 191.000000
15.000000 1.500000 0.500000 6.715667 3.590392 0.400000 191.000000
