16.500000 0.000000 0.161871 -1.258166 1.795196 0.400000 191.000000
16.500000 0.027778 0.161871 -1.271848 1.795196 0.400000 191.000000
16.500000 0.055556 0.161871 -1.297464 1.795196 0.400000 191.000000
16.500000 0.083333 0.161871 -1.316800 1.795196 0.400000 191.000000
16.500000 0.111111 0.161871 -1.336612 1.795196 0.400000 191.000000
16.500000 0.138889 0.162162 -1.450240 1.795196 0.400000 191.000000
16.500000 0.166667 0.162162 -1.471840 1.795196 0.400000 191.000000
16.500000 0.194444 0.162162 -1.496651 1.795196 0.400000 191.000000
16.500000 0.222222 0.163043 -1.510666 1.795196 0.400000 191.000000
16.500000 0.250000 0.201613 -1.382051 1.795196 0.400000 191.000000
16.500000 0.277778 0.307692 -1.376891 1.795196 0.400000 191.000000
16.500000 0.305556 0.509050 -1.321948 1.795196 0.400000 191.000000
16.500000 0.333333 0.500000 -1.015848 1.795196 0.400000 191.000000
16.500000 0.361111 0.500000 -0.562794 3.590392 0.400000 191.000000
16.500000 0.388889 0.500000 -0.121109 3.590392 0.400000 191.000000
16.500000 0.416667 0.500000 0.225030 3.590392 0.400000 191.000000
16.500000 0.444444 0.500000 0.535536 3.590392 0.400000 191.000000
16.500000 0.472222 0.500000 0.823543 3.590392 0.400000 191.000000
16.500000 0.500000 0.500000 1.096042 3.590392 0.400000 191.000000
16.500000 0.527778 0.500000 1.357768 3.590392 0.400000 191.000000
16.500000 0.555556 0.500000 1.611218 3.590392 0.400000 191.000000
16.500000 0.583333 0.500000 1.856736 3.590392 0.400000 191.000000
16.500000 0.611111 0.505435 2.095507 3.590392 0.400000 191.000000
16.500000 0.638889 0.506024 2.330940 3.590392 0.400000 191.000000
16.500000 0.666667 0.505181 2.563979 3.590392 0.400000 191.000000
16.500000 0.694444 0.505618 2.792587 3.590392 0.400000 191.000000
16.500000 0.722222 0.500000 3.020709 3.590392 0.400000 191.000000
16.500000 0.750000 0.500000 3.244536 3.590392 0.400000 191.000000
16.500000 0.777778 0.500000 3.463084 3.590392 0.400000 191.000000
16.500000 0.805556 0.507519 3.679802 3.590392 0.400000 191.000000
16.500000 0.833333 0.507968 3.896114 3.590392 0.400000 191.000000
16.500000 0.861111 0.500000 4.115146 3.590392 0.400000 191.000000
16.500000 0.888889 0.500000 4.337382 3.590392 0.400000 191.000000
16.500000 0.916667 0.500000 4.543171 3.590392 0.400000 191.000000
16.500000 0.944444 0.509709 4.748857 3.590392 0.400000 191.000000
16.500000 0.972222 0.509709 4.959287 3.590392 0.400000 191.000000
16.500000 1.000000 0.513158 5.166378 3.590392 0.400000 191.000000
16.500000 1.027778 0.513158 5.375582 3.590392 0.400000 191.000000
16.500000 1.055556 0.511364 5.585508 3.590392 0.400000 191.000000
16.500000 1.083333 0.511364 5.795021 3.590392 0.400000 191.000000
16.500000 1.111111 0.500000 6.012054 3.590392 0.400000 191.000000
16.500000 1.138889 0.500000 6.218632 3.590392 0.400000 191.000000
16.500000 1.166667 0.515625 6.399598 3.590392 0.400000 191.000000
16.500000 1.194444 0.500000 6.625979 3.590392 0.400000 191.000000
16.500000 1.222222 0.520833 6.805434 3.590392 0.400000 191.000000
16.500000 1.250000 0.510204 7.022117 3.590392 0.400000 191.000000
16.500000 1.277778 0.500000 7.247076 3.590392 0.400000 191.000000
16.500000 1.305556 0.511364 7.427919 3.590392 0.400000 191.000000
16.500000 1.333333 0.523256 7.611263 3.590392 0.400000 191.000000
16.500000 1.361111 0.500000 7.821423 3.590392 0.400000 191.000000
16.500000 1.388889 0.519231 8.004501 3.590392 0.400000 191.000000
16.500000 1.416667 0.500000 8.235527 3.590392 0.400000 191.000000
16.500000 1.444444 0.517241 8.403457 3.590392 0.400000 191.000000
16.500000 1.472222 0.526316 8.589248 3.590392 0.400000 191.000000
16.500000 1.500000 0.500000 8.804343 3.590392 0.400000 191.000000
