6.000000 0.253789 1.280488 -1.725687 1.570796 0.400000 114.000000
6.250000 0.275379 1.371951 -1.772402 1.570796 0.400000 114.000000
6.500000 0.297850 1.107955 -1.708952 1.570796 0.400000 114.000000
6.750000 0.321202 1.220930 -1.721344 1.570796 0.400000 114.000000
7.000000 0.345436 1.220930 -1.789166 1.570796 0.400000 114.000000
7.250000 0.370550 1.250000 -1.741523 1.570796 0.400000 114.000000
7.500000 0.396546 1.262376 -1.772359 1.570796 0.400000 114.000000
7.750000 0.423423 1.356383 -1.854055 1.570796 0.400000 114.000000
8.000000 0.451181 1.546392 -1.818011 1.570796 0.400000 114.000000
8.250000 0.479821 1.028226 -1.623887 1.570796 0.400000 114.000000
8.500000 0.509341 1.041667 -1.629978 1.570796 0.400000 114.000000
8.750000 0.539743 0.500000 1.779238 1.570796 0.400000 114.000000
9.000000 0.571026 0.500000 2.266993 1.570796 0.400000 114.000000
9.250000 0.603190 0.500000 2.543442 1.570796 0.400000 114.000000
9.500000 0.636236 0.498252 2.602327 1.570796 0.400000 114.000000
9.750000 0.670163 0.498047 2.232316 1.570796 0.400000 114.000000
10.000000 0.704971 0.500000 3.164760 1.570796 0.400000 114.000000
10.250000 0.740660 0.500000 3.832059 1.570796 0.400000 114.000000
10.500000 0.777230 0.515625 4.336507 1.570796 0.400000 114.000000
10.750000 0.814682 0.517241 4.693466 1.570796 0.400000 114.000000
11.000000 0.853014 0.500000 4.960799 1.570796 0.400000 114.000000
11.250000 0.892228 0.500000 5.138765 1.570796 0.400000 114.000000
11.500000 0.932324 0.517241 5.178984 1.570796 0.400000 114.000000
11.750000 0.973300 0.512821 5.168488 1.570796 0.400000 114.000000
12.000000 1.015158 0.500000 5.091593 1.570796 0.400000 114.000000
12.250000 1.057896 0.511364 4.863322 1.570796 0.400000 114.000000
12.500000 1.101516 0.500000 4.606804 1.570796 0.400000 114.000000
12.750000 1.146018 0.500000 4.199160 1.570796 0.400000 114.000000
13.000000 1.191400 0.500000 3.642436 1.570796 0.400000 114.000000
13.250000 1.237664 0.500000 2.897961 1.570796 0.400000 114.000000
13.500000 1.284809 0.505865 1.811588 1.570796 0.400000 114.000000
13.750000 1.332835 0.500000 -0.728658 1.570796 0.400000 114.000000
14.000000 1.381742 0.535714 -1.018634 1.570796 0.400000 114.000000
14.250000 1.431531 0.497449 -1.218704 1.570796 0.400000 114.000000
14.500000 1.482201 0.538922 -1.706000 1.570796 0.400000 114.000000
14.750000 1.533752 0.559701 -1.672923 1.570796 0.400000 114.000000
15.000000 1.586184 0.518433 -1.427848 1.570796 0.400000 114.000000
15.250000 1.639497 1.000000 -1.445605 4.712389 0.400000 114.000000
15.500000 1.693692 1.000000 2.265020 4.712389 0.400000 114.000000
15.750000 1.748768 1.000000 3.582648 4.712389 0.400000 114.000000
16.000000 1.804725 0.768072 5.331531 3.141593 0.400000 114.000000
16.250000 1.861563 0.585106 7.505316 3.141593 0.400000 114.000000
16.500000 1.919282 0.500000 9.038576 3.141593 0.400000 114.000000
16.750000 1.977883 0.508475 11.758107 3.141593 0.400000 114.000000
17.000000 2.037365 0.500000 12.517619 3.141593 0.400000 114.000000
17.250000 2.097728 0.500000 13.640920 3.141593 0.400000 114.000000
17.500000 2.158972 0.528169 14.826156 3.141593 0.400000 114.000000
17.750000 2.221098 0.545455 15.867674 3.141593 0.400000 114.000000
18.000000 2.284105 0.535714 16.985992 3.141593 0.400000 114.000000
18.250000 2.347993 0.500000 18.173777 3.141593 0.400000 114.000000
18.500000 2.412762 0.500000 19.115563 3.141593 0.400000 114.000000
18.750000 2.478412 0.535714 19.876338 3.141593 0.400000 114.000000
19.000000 2.544944 0.576923 20.716293 3.141593 0.400000 114.000000
