6.000000 0.253789 1.133721 -1.644442 1.570796 0.400000 488.000000
6.250000 0.275379 1.193182 -1.664924 1.570796 0.400000 488.000000
6.500000 0.297850 1.370968 -1.671468 1.570796 0.400000 488.000000
6.750000 0.321202 1.406250 -1.617177 1.570796 0.400000 488.000000
7.000000 0.345436 1.264045 -1.667393 1.570796 0.400000 488.000000
7.250000 0.370550 1.350000 -1.732029 1.570796 0.400000 488.000000
7.500000 0.396546 1.319444 -1.562115 1.570796 0.400000 488.000000
7.750000 0.423423 1.350000 -1.690258 1.570796 0.400000 488.000000
8.000000 0.451181 1.159794 -1.895686 1.570796 0.400000 488.000000
8.250000 0.479821 0.995575 -1.349894 1.570796 0.400000 488.000000
8.500000 0.509341 0.507519 -1.514527 1.570796 0.400000 488.000000
8.750000 0.539743 0.500000 1.072907 1.570796 0.400000 488.000000
9.000000 0.571026 0.500000 1.999327 1.570796 0.400000 488.000000
9.250000 0.603190 0.500000 2.463721 1.570796 0.400000 488.000000
9.500000 0.636236 0.506757 2.839317 1.570796 0.400000 488.000000
9.750000 0.670163 0.500000 3.077180 1.570796 0.400000 488.000000
10.000000 0.704971 0.500000 3.139956 1.570796 0.400000 488.000000
10.250000 0.740660 0.502793 3.586886 1.570796 0.400000 488.000000
10.500000 0.777230 0.503049 4.052087 1.570796 0.400000 488.000000
10.750000 0.814682 0.517241 4.313316 1.570796 0.400000 488.000000
11.000000 0.853014 0.520833 4.430510 1.570796 0.400000 488.000000
11.250000 0.892228 0.517241 4.418982 1.570796 0.400000 488.000000
11.500000 0.932324 0.500000 4.319661 1.570796 0.400000 488.000000
11.750000 0.973300 0.518868 4.058360 1.570796 0.400000 488.000000
12.000000 1.015158 0.514286 3.703550 1.570796 0.400000 488.000000
12.250000 1.057896 0.512195 3.192070 1.570796 0.400000 488.000000
12.500000 1.101516 0.507519 2.463811 1.570796 0.400000 488.000000
12.750000 1.146018 0.500000 1.345549 1.570796 0.400000 488.000000
13.000000 1.191400 0.497449 -2.082170 1.570796 0.400000 488.000000
13.250000 1.237664 0.497449 -1.656922 1.570796 0.400000 488.000000
13.500000 1.284809 0.618132 -1.400918 1.570796 0.400000 488.000000
13.750000 1.332835 0.573980 -1.250746 1.570796 0.400000 488.000000
14.000000 1.381742 0.617647 -1.491651 1.570796 0.400000 488.000000
14.250000 1.431531 0.576923 -1.455121 1.570796 0.400000 488.000000
14.500000 1.482201 0.695122 -1.456687 1.570796 0.400000 488.000000
14.750000 1.533752 0.579545 -1.269676 1.570796 0.400000 488.000000
15.000000 1.586184 0.608108 -1.490660 1.570796 0.400000 488.000000
15.250000 1.639497 0.746888 -2.253456 4.712389 0.400000 488.000000
15.500000 1.693692 1.000000 2.055101 4.712389 0.400000 488.000000
15.750000 1.748768 1.000000 3.315571 4.712389 0.400000 488.000000
16.000000 1.804725 0.867052 4.527722 3.141593 0.400000 488.000000
16.250000 1.861563 0.896226 5.447164 3.141593 0.400000 488.000000
16.500000 1.919282 0.509709 9.575892 3.141593 0.400000 488.000000
16.750000 1.977883 0.500000 11.534494 3.141593 0.400000 488.000000
17.000000 2.037365 0.543478 12.975357 3.141593 0.400000 488.000000
17.250000 2.097728 0.500000 14.341552 3.141593 0.400000 488.000000
17.500000 2.158972 0.500000 15.410829 3.141593 0.400000 488.000000
17.750000 2.221098 0.545455 16.401279 3.141593 0.400000 488.000000
18.000000 2.284105 0.535714 17.366307 3.141593 0.400000 488.000000
18.250000 2.347993 0.592105 18.315242 3.141593 0.400000 488.000000
18.500000 2.412762 0.500000 19.217923 3.141593 0.400000 488.000000
18.750000 2.478412 0.500000 19.875517 3.141593 0.400000 488.000000
19.000000 2.544944 0.500000 20.649569 3.141593 0.400000 488.000000
