6.000000 0.253789 0.794118 -1.635122 1.570796 0.400000 261.000000
6.250000 0.275379 0.925926 -1.711696 1.570796 0.400000 261.000000
6.500000 0.297850 0.882353 -1.748549 1.570796 0.400000 261.000000
6.750000 0.321202 0.767045 -1.661180 1.570796 0.400000 261.000000
7.000000 0.345436 0.705882 -1.711080 1.570796 0.400000 261.000000
7.250000 0.370550 0.781250 -1.603973 1.570796 0.400000 261.000000
7.500000 0.396546 0.594059 -1.658023 1.570796 0.400000 261.000000
7.750000 0.423423 0.833333 -1.796179 1.570796 0.400000 261.000000
8.000000 0.451181 0.763889 -1.187782 1.570796 0.400000 261.000000
8.250000 0.479821 0.500000 -0.734999 1.570796 0.400000 261.000000
8.500000 0.509341 0.500000 1.132241 1.570796 0.400000 261.000000
8.750000 0.539743 0.501520 1.889871 1.570796 0.400000 261.000000
9.000000 0.571026 0.510753 2.273080 1.570796 0.400000 261.000000
9.250000 0.603190 0.510638 2.522008 1.570796 0.400000 261.000000
9.500000 0.636236 0.513699 2.588704 1.570796 0.400000 261.000000
9.750000 0.670163 0.511364 2.618846 1.570796 0.400000 261.000000
10.000000 0.704971 0.512195 3.015822 1.570796 0.400000 261.000000
10.250000 0.740660 0.500000 3.372631 1.570796 0.400000 261.000000
10.500000 0.777230 0.500000 3.451075 1.570796 0.400000 261.000000
10.750000 0.814682 0.500000 3.313477 1.570796 0.400000 261.000000
11.000000 0.853014 0.500000 3.015928 1.570796 0.400000 261.000000
11.250000 0.892228 0.507519 2.531579 1.570796 0.400000 261.000000
11.500000 0.932324 0.500000 1.798047 1.570796 0.400000 261.000000
11.750000 0.973300 0.500000 0.483881 1.570796 0.400000 261.000000
12.000000 1.015158 0.500000 -1.234437 1.570796 0.400000 261.000000
12.250000 1.057896 0.496988 -1.452239 1.570796 0.400000 261.000000
12.500000 1.101516 0.650000 -1.527429 1.570796 0.400000 261.000000
12.750000 1.146018 0.552147 -1.461020 1.570796 0.400000 261.000000
13.000000 1.191400 0.509259 -1.493331 1.570796 0.400000 261.000000
13.250000 1.237664 0.477707 -1.731429 1.570796 0.400000 261.000000
13.500000 1.284809 0.500000 -1.516274 1.570796 0.400000 261.000000
13.750000 1.332835 0.511364 -1.617494 1.570796 0.400000 261.000000
14.000000 1.381742 0.535714 -1.451576 1.570796 0.400000 261.000000
14.250000 1.431531 0.500000 -1.567026 1.570796 0.400000 261.000000
14.500000 1.482201 0.628079 -1.326397 1.570796 0.400000 261.000000
14.750000 1.533752 0.528169 -1.434164 1.570796 0.400000 261.000000
15.000000 1.586184 0.659722 -1.621219 1.570796 0.400000 261.000000
15.250000 1.639497 1.000000 0.025688 4.712389 0.400000 261.000000
15.500000 1.693692 0.497238 4.332672 3.141593 0.400000 261.000000
15.750000 1.748768 0.496324 6.547656 3.141593 0.400000 261.000000
16.000000 1.804725 0.500000 8.258832 3.141593 0.400000 261.000000
16.250000 1.861563 0.519802 9.757299 3.141593 0.400000 261.000000
16.500000 1.919282 0.512821 9.668691 3.141593 0.400000 261.000000
16.750000 1.977883 0.523256 12.394823 3.141593 0.400000 261.000000
17.000000 2.037365 0.513699 13.902914 3.141593 0.400000 261.000000
17.250000 2.097728 0.528169 14.956988 3.141593 0.400000 261.000000
17.500000 2.158972 0.526316 15.897201 3.141593 0.400000 261.000000
17.750000 2.221098 0.500000 16.724843 3.141593 0.400000 261.000000
18.000000 2.284105 0.566038 17.507585 3.141593 0.400000 261.000000
18.250000 2.347993 0.500000 18.439835 3.141593 0.400000 261.000000
18.500000 2.412762 0.548780 19.030206 3.141593 0.400000 261.000000
18.750000 2.478412 0.562500 19.634794 3.141593 0.400000 261.000000
19.000000 2.544944 0.562500 20.285254 3.141593 0.400000 261.000000
