6.000000 0.253789 1.250000 -1.685767 1.570796 0.400000 295.000000
6.250000 0.275379 1.174699 -1.784923 1.570796 0.400000 295.000000
6.500000 0.297850 1.160714 -1.684451 1.570796 0.400000 295.000000
6.750000 0.321202 1.166667 -1.748765 1.570796 0.400000 295.000000
7.000000 0.345436 0.948276 -1.731006 1.570796 0.400000 295.000000
7.250000 0.370550 1.093750 -1.774441 1.570796 0.400000 295.000000
7.500000 0.396546 0.975000 -1.597914 1.570796 0.400000 295.000000
7.750000 0.423423 1.092233 -1.695667 1.570796 0.400000 295.000000
8.000000 0.451181 1.171875 -1.931228 1.570796 0.400000 295.000000
8.250000 0.479821 0.846774 -1.272646 1.570796 0.400000 295.000000
8.500000 0.509341 0.506757 -1.409364 1.570796 0.400000 295.000000
8.750000 0.539743 0.500000 1.111585 1.570796 0.400000 295.000000
9.000000 0.571026 0.500000 2.014063 1.570796 0.400000 295.000000
9.250000 0.603190 0.498555 2.326232 1.570796 0.400000 295.000000
9.500000 0.636236 0.500000 2.878395 1.570796 0.400000 295.000000
9.750000 0.670163 0.507812 3.064405 1.570796 0.400000 295.000000
10.000000 0.704971 0.513158 3.095163 1.570796 0.400000 295.000000
10.250000 0.740660 0.513158 3.215131 1.570796 0.400000 295.000000
10.500000 0.777230 0.500000 3.612342 1.570796 0.400000 295.000000
10.750000 0.814682 0.500000 3.982891 1.570796 0.400000 295.000000
11.000000 0.853014 0.500000 4.162728 1.570796 0.400000 295.000000
11.250000 0.892228 0.511364 4.109970 1.570796 0.400000 295.000000
11.500000 0.932324 0.500000 3.935690 1.570796 0.400000 295.000000
11.750000 0.973300 0.512195 3.581168 1.570796 0.400000 295.000000
12.000000 1.015158 0.508475 3.101253 1.570796 0.400000 295.000000
12.250000 1.057896 0.505051 2.405410 1.570796 0.400000 295.000000
12.500000 1.101516 0.500000 1.318194 1.570796 0.400000 295.000000
12.750000 1.146018 0.497238 -1.606851 1.570796 0.400000 295.000000
13.000000 1.191400 0.664557 -1.386343 1.570796 0.400000 295.000000
13.250000 1.237664 0.645161 -1.420625 1.570796 0.400000 295.000000
13.500000 1.284809 0.634921 -1.566477 1.570796 0.400000 295.000000
13.750000 1.332835 0.621547 -1.505438 1.570796 0.400000 295.000000
14.000000 1.381742 0.614754 -1.572781 1.570796 0.400000 295.000000
14.250000 1.431531 0.615385 -1.453517 1.570796 0.400000 295.000000
14.500000 1.482201 0.518433 -1.174753 1.570796 0.400000 295.000000
14.750000 1.533752 0.608108 -1.513056 1.570796 0.400000 295.000000
15.000000 1.586184 0.579545 -1.455436 1.570796 0.400000 295.000000
15.250000 1.639497 1.007463 -1.663014 4.712389 0.400000 295.000000
15.500000 1.693692 1.000000 2.205117 4.712389 0.400000 295.000000
15.750000 1.748768 0.993151 3.244736 4.712389 0.400000 295.000000
16.000000 1.804725 1.000000 3.948155 4.712389 0.400000 295.000000
16.250000 1.861563 0.606618 7.082260 3.141593 0.400000 295.000000
16.500000 1.919282 0.514706 9.736842 3.141593 0.400000 295.000000
16.750000 1.977883 0.523256 11.867952 3.141593 0.400000 295.000000
17.000000 2.037365 0.500000 13.385426 3.141593 0.400000 295.000000
17.250000 2.097728 0.500000 14.282437 3.141593 0.400000 295.000000
17.500000 2.158972 0.500000 15.220387 3.141593 0.400000 295.000000
17.750000 2.221098 0.500000 16.074446 3.141593 0.400000 295.000000
18.000000 2.284105 0.576923 17.207139 3.141593 0.400000 295.000000
18.250000 2.347993 0.535714 18.037655 3.141593 0.400000 295.000000
18.500000 2.412762 0.562500 18.950068 3.141593 0.400000 295.000000
18.750000 2.478412 0.592105 19.986821 3.141593 0.400000 295.000000
19.000000 2.544944 0.500000 20.836202 3.141593 0.400000 295.000000
