6.000000 0.253789 0.681818 -1.538342 1.570796 0.400000 817.000000
6.250000 0.275379 0.784884 -1.640365 1.570796 0.400000 817.000000
6.500000 0.297850 0.852273 -1.736294 1.570796 0.400000 817.000000
6.750000 0.321202 1.206897 -1.664806 1.570796 0.400000 817.000000
7.000000 0.345436 0.824176 -1.665739 1.570796 0.400000 817.000000
7.250000 0.370550 0.902778 -1.202507 1.570796 0.400000 817.000000
7.500000 0.396546 0.508475 -1.348724 1.570796 0.400000 817.000000
7.750000 0.423423 0.500000 0.524587 1.570796 0.400000 817.000000
8.000000 0.451181 0.500000 1.179554 1.570796 0.400000 817.000000
8.250000 0.479821 0.500000 1.469968 1.570796 0.400000 817.000000
8.500000 0.509341 0.500000 1.514430 1.570796 0.400000 817.000000
8.750000 0.539743 0.500000 1.332028 1.570796 0.400000 817.000000
9.000000 0.571026 0.502793 1.373474 1.570796 0.400000 817.000000
9.250000 0.603190 0.517241 2.334038 1.570796 0.400000 817.000000
9.500000 0.636236 0.501592 2.852764 1.570796 0.400000 817.000000
9.750000 0.670163 0.511364 3.193312 1.570796 0.400000 817.000000
10.000000 0.704971 0.500000 3.360580 1.570796 0.400000 817.000000
10.250000 0.740660 0.513158 3.439489 1.570796 0.400000 817.000000
10.500000 0.777230 0.500000 3.384870 1.570796 0.400000 817.000000
10.750000 0.814682 0.500000 3.157779 1.570796 0.400000 817.000000
11.000000 0.853014 0.506757 2.837617 1.570796 0.400000 817.000000
11.250000 0.892228 0.507117 2.301032 1.570796 0.400000 817.000000
11.500000 0.932324 0.500000 1.559220 1.570796 0.400000 817.000000
11.750000 0.973300 0.500000 -0.058602 1.570796 0.400000 817.000000
12.000000 1.015158 0.618132 -0.890036 1.570796 0.400000 817.000000
12.250000 1.057896 0.629771 -1.777226 1.570796 0.400000 817.000000
12.500000 1.101516 0.661765 -1.543064 1.570796 0.400000 817.000000
12.750000 1.146018 0.646552 -1.370102 1.570796 0.400000 817.000000
13.000000 1.191400 0.481283 -1.541314 1.570796 0.400000 817.000000
13.250000 1.237664 0.679012 -0.865137 1.570796 0.400000 817.000000
13.500000 1.284809 0.585938 -1.479957 1.570796 0.400000 817.000000
13.750000 1.332835 0.600000 -1.327012 1.570796 0.400000 817.000000
14.000000 1.381742 0.580110 -1.722097 1.570796 0.400000 817.000000
14.250000 1.431531 0.653846 -1.498988 1.570796 0.400000 817.000000
14.500000 1.482201 0.585366 -1.528556 1.570796 0.400000 817.000000
14.750000 1.533752 0.515021 -2.356867 3.141593 0.400000 817.000000
15.000000 1.586184 0.500000 4.034085 3.141593 0.400000 817.000000
15.250000 1.639497 0.496324 6.208051 3.141593 0.400000 817.000000
15.500000 1.693692 0.517241 7.904643 3.141593 0.400000 817.000000
15.750000 1.748768 0.509709 9.276136 3.141593 0.400000 817.000000
16.000000 1.804725 0.517241 9.421702 3.141593 0.400000 817.000000
16.250000 1.861563 0.517241 11.722934 3.141593 0.400000 817.000000
16.500000 1.919282 0.500000 12.977543 3.141593 0.400000 817.000000
16.750000 1.977883 0.513699 13.917581 3.141593 0.400000 817.000000
17.000000 2.037365 0.500000 14.835917 3.141593 0.400000 817.000000
17.250000 2.097728 0.500000 15.553519 3.141593 0.400000 817.000000
17.500000 2.158972 0.545455 16.139553 3.141593 0.400000 817.000000
17.750000 2.221098 0.500000 17.030578 3.141593 0.400000 817.000000
18.000000 2.284105 0.548780 17.534957 3.141593 0.400000 817.000000
18.250000 2.347993 0.562500 18.068209 3.141593 0.400000 817.000000
18.500000 2.412762 0.562500 18.670091 3.141593 0.400000 817.000000
18.750000 2.478412 0.576923 19.284480 3.141593 0.400000 817.000000
19.000000 2.544944 0.592105 19.827064 3.141593 0.400000 817.000000
