6.000000 0.253789 1.607143 -1.656195 1.570796 0.400000 523.000000
6.250000 0.275379 1.517857 -1.651757 1.570796 0.400000 523.000000
6.500000 0.297850 1.379310 -1.628447 1.570796 0.400000 523.000000
6.750000 0.321202 1.276596 -1.640660 1.570796 0.400000 523.000000
7.000000 0.345436 1.059783 -1.737109 1.570796 0.400000 523.000000
7.250000 0.370550 1.250000 -1.651724 1.570796 0.400000 523.000000
7.500000 0.396546 1.022727 -1.526469 1.570796 0.400000 523.000000
7.750000 0.423423 1.633663 -1.688390 1.570796 0.400000 523.000000
8.000000 0.451181 1.142857 -1.734701 1.570796 0.400000 523.000000
8.250000 0.479821 0.914634 -1.396739 1.570796 0.400000 523.000000
8.500000 0.509341 0.508475 -1.656465 1.570796 0.400000 523.000000
8.750000 0.539743 0.500000 1.024094 1.570796 0.400000 523.000000
9.000000 0.571026 0.500000 1.976647 1.570796 0.400000 523.000000
9.250000 0.603190 0.498489 1.895074 1.570796 0.400000 523.000000
9.500000 0.636236 0.500000 2.796778 1.570796 0.400000 523.000000
9.750000 0.670163 0.512195 3.079302 1.570796 0.400000 523.000000
10.000000 0.704971 0.502793 3.291887 1.570796 0.400000 523.000000
10.250000 0.740660 0.500000 3.746582 1.570796 0.400000 523.000000
10.500000 0.777230 0.503356 4.053628 1.570796 0.400000 523.000000
10.750000 0.814682 0.520833 4.190715 1.570796 0.400000 523.000000
11.000000 0.853014 0.517241 4.212468 1.570796 0.400000 523.000000
11.250000 0.892228 0.500000 4.142074 1.570796 0.400000 523.000000
11.500000 0.932324 0.500000 3.919907 1.570796 0.400000 523.000000
11.750000 0.973300 0.500000 3.588749 1.570796 0.400000 523.000000
12.000000 1.015158 0.507246 3.088423 1.570796 0.400000 523.000000
12.250000 1.057896 0.505618 2.384938 1.570796 0.400000 523.000000
12.500000 1.101516 0.500000 1.288263 1.570796 0.400000 523.000000
12.750000 1.146018 0.497449 -2.145561 1.570796 0.400000 523.000000
13.000000 1.191400 0.538922 -1.350871 1.570796 0.400000 523.000000
13.250000 1.237664 0.497238 -1.252167 1.570796 0.400000 523.000000
13.500000 1.284809 0.522388 -1.221003 1.570796 0.400000 523.000000
13.750000 1.332835 0.535714 -1.415168 1.570796 0.400000 523.000000
14.000000 1.381742 0.612245 -1.394785 1.570796 0.400000 523.000000
14.250000 1.431531 0.666667 -1.451243 1.570796 0.400000 523.000000
14.500000 1.482201 0.634328 -1.502490 1.570796 0.400000 523.000000
14.750000 1.533752 0.660793 -1.320259 1.570796 0.400000 523.000000
15.000000 1.586184 0.664557 -1.417212 1.570796 0.400000 523.000000
15.250000 1.639497 0.805556 -1.745996 4.712389 0.400000 523.000000
15.500000 1.693692 1.000000 2.014122 4.712389 0.400000 523.000000
15.750000 1.748768 1.000000 3.486119 4.712389 0.400000 523.000000
16.000000 1.804725 0.707547 5.324651 3.141593 0.400000 523.000000
16.250000 1.861563 0.572917 7.373814 3.141593 0.400000 523.000000
16.500000 1.919282 0.495283 10.356357 3.141593 0.400000 523.000000
16.750000 1.977883 0.523256 12.018026 3.141593 0.400000 523.000000
17.000000 2.037365 0.500000 13.285884 3.141593 0.400000 523.000000
17.250000 2.097728 0.500000 14.501712 3.141593 0.400000 523.000000
17.500000 2.158972 0.500000 15.626802 3.141593 0.400000 523.000000
17.750000 2.221098 0.555556 16.552880 3.141593 0.400000 523.000000
18.000000 2.284105 0.535714 17.444349 3.141593 0.400000 523.000000
18.250000 2.347993 0.592105 18.364732 3.141593 0.400000 523.000000
18.500000 2.412762 0.500000 19.250906 3.141593 0.400000 523.000000
18.750000 2.478412 0.500000 20.062961 3.141593 0.400000 523.000000
19.000000 2.544944 0.500000 20.643148 3.141593 0.400000 523.000000
