6.000000 0.253789 0.961538 -1.714795 1.570796 0.400000 559.000000
6.250000 0.275379 1.218750 -1.722837 1.570796 0.400000 559.000000
6.500000 0.297850 1.022727 -1.664161 1.570796 0.400000 559.000000
6.750000 0.321202 1.018519 -1.686854 1.570796 0.400000 559.000000
7.000000 0.345436 1.379310 -1.775315 1.570796 0.400000 559.000000
7.250000 0.370550 1.059783 -1.689285 1.570796 0.400000 559.000000
7.500000 0.396546 1.019417 -1.670292 1.570796 0.400000 559.000000
7.750000 0.423423 1.092233 -1.678183 1.570796 0.400000 559.000000
8.000000 0.451181 1.200000 -1.700424 1.570796 0.400000 559.000000
8.250000 0.479821 0.867769 -1.519624 1.570796 0.400000 559.000000
8.500000 0.509341 0.500000 0.887086 1.570796 0.400000 559.000000
8.750000 0.539743 0.500000 1.778674 1.570796 0.400000 559.000000
9.000000 0.571026 0.500000 2.288637 1.570796 0.400000 559.000000
9.250000 0.603190 0.496516 2.324608 1.570796 0.400000 559.000000
9.500000 0.636236 0.500000 2.308542 1.570796 0.400000 559.000000
9.750000 0.670163 0.500000 3.021380 1.570796 0.400000 559.000000
10.000000 0.704971 0.500000 3.549342 1.570796 0.400000 559.000000
10.250000 0.740660 0.500000 3.936385 1.570796 0.400000 559.000000
10.500000 0.777230 0.510204 4.173974 1.570796 0.400000 559.000000
10.750000 0.814682 0.517241 4.289249 1.570796 0.400000 559.000000
11.000000 0.853014 0.520833 4.307650 1.570796 0.400000 559.000000
11.250000 0.892228 0.513699 4.237146 1.570796 0.400000 559.000000
11.500000 0.932324 0.517241 4.068210 1.570796 0.400000 559.000000
11.750000 0.973300 0.512422 3.770112 1.570796 0.400000 559.000000
12.000000 1.015158 0.511364 3.343829 1.570796 0.400000 559.000000
12.250000 1.057896 0.500000 2.725150 1.570796 0.400000 559.000000
12.500000 1.101516 0.500000 1.812125 1.570796 0.400000 559.000000
12.750000 1.146018 0.500000 0.079032 1.570796 0.400000 559.000000
13.000000 1.191400 0.535714 -0.477195 1.570796 0.400000 559.000000
13.250000 1.237664 0.497449 -1.120772 1.570796 0.400000 559.000000
13.500000 1.284809 0.546358 -1.418340 1.570796 0.400000 559.000000
13.750000 1.332835 0.532787 -1.234153 1.570796 0.400000 559.000000
14.000000 1.381742 0.610465 -1.534607 1.570796 0.400000 559.000000
14.250000 1.431531 0.494505 -1.413390 1.570796 0.400000 559.000000
14.500000 1.482201 0.564516 -1.544418 1.570796 0.400000 559.000000
14.750000 1.533752 0.481283 -1.474154 1.570796 0.400000 559.000000
15.000000 1.586184 0.563380 -1.488506 1.570796 0.400000 559.000000
15.250000 1.639497 1.000000 0.078354 4.712389 0.400000 559.000000
15.500000 1.693692 1.000000 2.516902 4.712389 0.400000 559.000000
15.750000 1.748768 0.653846 3.823084 3.141593 0.400000 559.000000
16.000000 1.804725 0.572917 6.276930 3.141593 0.400000 559.000000
16.250000 1.861563 0.500000 8.242813 3.141593 0.400000 559.000000
16.500000 1.919282 0.509709 9.947215 3.141593 0.400000 559.000000
16.750000 1.977883 0.509709 10.814427 3.141593 0.400000 559.000000
17.000000 2.037365 0.500000 12.822123 3.141593 0.400000 559.000000
17.250000 2.097728 0.500000 14.224798 3.141593 0.400000 559.000000
17.500000 2.158972 0.500000 15.374041 3.141593 0.400000 559.000000
17.750000 2.221098 0.500000 16.289952 3.141593 0.400000 559.000000
18.000000 2.284105 0.566038 17.308415 3.141593 0.400000 559.000000
18.250000 2.347993 0.523256 18.269241 3.141593 0.400000 559.000000
18.500000 2.412762 0.548780 18.966141 3.141593 0.400000 559.000000
18.750000 2.478412 0.576923 19.839146 3.141593 0.400000 559.000000
19.000000 2.544944 0.576923 20.665699 3.141593 0.400000 559.000000
