6.000000 0.253789 0.842697 -1.576266 1.570796 0.400000 723.000000
6.250000 0.275379 0.872093 -1.631208 1.570796 0.400000 723.000000
6.500000 0.297850 0.978261 -1.613393 1.570796 0.400000 723.000000
6.750000 0.321202 0.806452 -1.568184 1.570796 0.400000 723.000000
7.000000 0.345436 0.957447 -1.653017 1.570796 0.400000 723.000000
7.250000 0.370550 0.873786 -1.615025 1.570796 0.400000 723.000000
7.500000 0.396546 0.929204 -1.534877 1.570796 0.400000 723.000000
7.750000 0.423423 0.750000 -1.671962 1.570796 0.400000 723.000000
8.000000 0.451181 1.171875 -1.786925 1.570796 0.400000 723.000000
8.250000 0.479821 0.820312 -1.106556 1.570796 0.400000 723.000000
8.500000 0.509341 0.500000 -0.417479 1.570796 0.400000 723.000000
8.750000 0.539743 0.500000 1.341218 1.570796 0.400000 723.000000
9.000000 0.571026 0.506757 2.119997 1.570796 0.400000 723.000000
9.250000 0.603190 0.498155 2.345292 1.570796 0.400000 723.000000
9.500000 0.636236 0.500000 2.843107 1.570796 0.400000 723.000000
9.750000 0.670163 0.500000 3.011410 1.570796 0.400000 723.000000
10.000000 0.704971 0.502793 3.279107 1.570796 0.400000 723.000000
10.250000 0.740660 0.503049 3.658381 1.570796 0.400000 723.000000
10.500000 0.777230 0.500000 3.855352 1.570796 0.400000 723.000000
10.750000 0.814682 0.512422 3.905045 1.570796 0.400000 723.000000
11.000000 0.853014 0.500000 3.837770 1.570796 0.400000 723.000000
11.250000 0.892228 0.511364 3.617923 1.570796 0.400000 723.000000
11.500000 0.932324 0.510471 3.271777 1.570796 0.400000 723.000000
11.750000 0.973300 0.509050 2.756391 1.570796 0.400000 723.000000
12.000000 1.015158 0.504808 1.983008 1.570796 0.400000 723.000000
12.250000 1.057896 0.500000 0.660207 1.570796 0.400000 723.000000
12.500000 1.101516 0.538117 -0.350199 1.570796 0.400000 723.000000
12.750000 1.146018 0.497630 -1.170599 1.570796 0.400000 723.000000
13.000000 1.191400 0.550847 -1.488284 1.570796 0.400000 723.000000
13.250000 1.237664 0.497449 -1.351388 1.570796 0.400000 723.000000
13.500000 1.284809 0.479651 -1.527642 1.570796 0.400000 723.000000
13.750000 1.332835 0.538674 -1.423089 1.570796 0.400000 723.000000
14.000000 1.381742 0.491803 -1.490004 1.570796 0.400000 723.000000
14.250000 1.431531 0.538462 -1.413459 1.570796 0.400000 723.000000
14.500000 1.482201 0.533175 -1.305173 1.570796 0.400000 723.000000
14.750000 1.533752 0.807692 -1.509014 1.570796 0.400000 723.000000
15.000000 1.586184 0.639810 -1.489313 1.570796 0.400000 723.000000
15.250000 1.639497 0.498555 0.311647 3.141593 0.400000 723.000000
15.500000 1.693692 0.497449 4.435620 3.141593 0.400000 723.000000
15.750000 1.748768 0.596026 6.059785 3.141593 0.400000 723.000000
16.000000 1.804725 0.671642 7.203888 3.141593 0.400000 723.000000
16.250000 1.861563 0.882353 5.713322 3.141593 0.400000 723.000000
16.500000 1.919282 0.495283 10.744735 3.141593 0.400000 723.000000
16.750000 1.977883 0.500000 12.765658 3.141593 0.400000 723.000000
17.000000 2.037365 0.520833 13.948528 3.141593 0.400000 723.000000
17.250000 2.097728 0.520833 14.812616 3.141593 0.400000 723.000000
17.500000 2.158972 0.517241 15.600025 3.141593 0.400000 723.000000
17.750000 2.221098 0.500000 16.314303 3.141593 0.400000 723.000000
18.000000 2.284105 0.566038 17.193378 3.141593 0.400000 723.000000
18.250000 2.347993 0.523256 18.110185 3.141593 0.400000 723.000000
18.500000 2.412762 0.548780 18.819468 3.141593 0.400000 723.000000
18.750000 2.478412 0.562500 19.730682 3.141593 0.400000 723.000000
19.000000 2.544944 0.576923 20.671525 3.141593 0.400000 723.000000
