6.000000 0.253789 1.218750 -1.700930 1.570796 0.400000 320.000000
6.250000 0.275379 1.461039 -1.749875 1.570796 0.400000 320.000000
6.500000 0.297850 1.147059 -1.661658 1.570796 0.400000 320.000000
6.750000 0.321202 1.084337 -1.750928 1.570796 0.400000 320.000000
7.000000 0.345436 1.293103 -1.763094 1.570796 0.400000 320.000000
7.250000 0.370550 1.401099 -1.701308 1.570796 0.400000 320.000000
7.500000 0.396546 0.728155 -1.577644 1.570796 0.400000 320.000000
7.750000 0.423423 1.039604 -1.309716 1.570796 0.400000 320.000000
8.000000 0.451181 0.519802 -2.009494 1.570796 0.400000 320.000000
8.250000 0.479821 0.500000 0.489218 1.570796 0.400000 320.000000
8.500000 0.509341 0.500000 1.474530 1.570796 0.400000 320.000000
8.750000 0.539743 0.500000 1.997742 1.570796 0.400000 320.000000
9.000000 0.571026 0.500000 2.280164 1.570796 0.400000 320.000000
9.250000 0.603190 0.500000 2.374260 1.570796 0.400000 320.000000
9.500000 0.636236 0.500000 2.326485 1.570796 0.400000 320.000000
9.750000 0.670163 0.507519 2.060424 1.570796 0.400000 320.000000
10.000000 0.704971 0.502232 3.154392 1.570796 0.400000 320.000000
10.250000 0.740660 0.514706 3.732699 1.570796 0.400000 320.000000
10.500000 0.777230 0.500000 3.895375 1.570796 0.400000 320.000000
10.750000 0.814682 0.513158 3.884747 1.570796 0.400000 320.000000
11.000000 0.853014 0.513158 3.768125 1.570796 0.400000 320.000000
11.250000 0.892228 0.502392 3.533472 1.570796 0.400000 320.000000
11.500000 0.932324 0.510638 3.149031 1.570796 0.400000 320.000000
11.750000 0.973300 0.505319 2.596777 1.570796 0.400000 320.000000
12.000000 1.015158 0.500000 1.764432 1.570796 0.400000 320.000000
12.250000 1.057896 0.500000 0.173649 1.570796 0.400000 320.000000
12.500000 1.101516 0.527027 -1.242361 1.570796 0.400000 320.000000
12.750000 1.146018 0.673653 -1.619055 1.570796 0.400000 320.000000
13.000000 1.191400 0.640244 -1.677809 1.570796 0.400000 320.000000
13.250000 1.237664 0.628743 -1.482363 1.570796 0.400000 320.000000
13.500000 1.284809 0.833333 -1.701831 1.570796 0.400000 320.000000
13.750000 1.332835 0.463918 -1.336401 1.570796 0.400000 320.000000
14.000000 1.381742 0.673653 -1.642270 1.570796 0.400000 320.000000
14.250000 1.431531 0.724432 -1.689171 1.570796 0.400000 320.000000
14.500000 1.482201 0.762032 -1.673633 1.570796 0.400000 320.000000
14.750000 1.533752 0.667539 -1.568586 1.570796 0.400000 320.000000
15.000000 1.586184 0.574468 -1.254822 1.570796 0.400000 320.000000
15.250000 1.639497 0.500000 3.726793 3.141593 0.400000 320.000000
15.500000 1.693692 0.496689 6.134743 3.141593 0.400000 320.000000
15.750000 1.748768 0.527344 7.487471 3.141593 0.400000 320.000000
16.000000 1.804725 0.619835 8.302228 3.141593 0.400000 320.000000
16.250000 1.861563 0.676230 8.903706 3.141593 0.400000 320.000000
16.500000 1.919282 0.523256 11.822823 3.141593 0.400000 320.000000
16.750000 1.977883 0.500000 13.287387 3.141593 0.400000 320.000000
17.000000 2.037365 0.500000 14.259561 3.141593 0.400000 320.000000
17.250000 2.097728 0.500000 15.212479 3.141593 0.400000 320.000000
17.500000 2.158972 0.566038 15.955998 3.141593 0.400000 320.000000
17.750000 2.221098 0.535714 16.614370 3.141593 0.400000 320.000000
18.000000 2.284105 0.500000 17.528409 3.141593 0.400000 320.000000
18.250000 2.347993 0.562500 18.037944 3.141593 0.400000 320.000000
18.500000 2.412762 0.576923 18.768782 3.141593 0.400000 320.000000
18.750000 2.478412 0.576923 19.501641 3.141593 0.400000 320.000000
19.000000 2.544944 0.592105 20.190129 3.141593 0.400000 320.000000
