6.000000 0.253789 1.536145 -1.716944 1.570796 0.400000 258.000000
6.250000 0.275379 1.250000 -1.684420 1.570796 0.400000 258.000000
6.500000 0.297850 1.445783 -1.742333 1.570796 0.400000 258.000000
6.750000 0.321202 1.048387 -1.631063 1.570796 0.400000 258.000000
7.000000 0.345436 1.517857 -1.726930 1.570796 0.400000 258.000000
7.250000 0.370550 0.873786 -1.647717 1.570796 0.400000 258.000000
7.500000 0.396546 1.005155 -1.474342 1.570796 0.400000 258.000000
7.750000 0.423423 0.725806 -2.126463 1.570796 0.400000 258.000000
8.000000 0.451181 0.500000 0.152465 1.570796 0.400000 258.000000
8.250000 0.479821 0.500000 1.210009 1.570796 0.400000 258.000000
8.500000 0.509341 0.500000 1.723130 1.570796 0.400000 258.000000
8.750000 0.539743 0.508065 1.975136 1.570796 0.400000 258.000000
9.000000 0.571026 0.507519 2.027743 1.570796 0.400000 258.000000
9.250000 0.603190 0.505319 1.890272 1.570796 0.400000 258.000000
9.500000 0.636236 0.501672 1.984596 1.570796 0.400000 258.000000
9.750000 0.670163 0.502092 2.911251 1.570796 0.400000 258.000000
10.000000 0.704971 0.500000 3.549531 1.570796 0.400000 258.000000
10.250000 0.740660 0.500000 3.950797 1.570796 0.400000 258.000000
10.500000 0.777230 0.509259 4.204622 1.570796 0.400000 258.000000
10.750000 0.814682 0.515625 4.341883 1.570796 0.400000 258.000000
11.000000 0.853014 0.518868 4.382646 1.570796 0.400000 258.000000
11.250000 0.892228 0.512422 4.332232 1.570796 0.400000 258.000000
11.500000 0.932324 0.512422 4.186762 1.570796 0.400000 258.000000
11.750000 0.973300 0.500000 3.921147 1.570796 0.400000 258.000000
12.000000 1.015158 0.510471 3.524991 1.570796 0.400000 258.000000
12.250000 1.057896 0.508475 2.960420 1.570796 0.400000 258.000000
12.500000 1.101516 0.500000 2.155053 1.570796 0.400000 258.000000
12.750000 1.146018 0.500000 0.807652 1.570796 0.400000 258.000000
13.000000 1.191400 0.571749 -0.634210 1.570796 0.400000 258.000000
13.250000 1.237664 0.694444 -1.723167 1.570796 0.400000 258.000000
13.500000 1.284809 0.661765 -1.484244 1.570796 0.400000 258.000000
13.750000 1.332835 0.657216 -1.455793 1.570796 0.400000 258.000000
14.000000 1.381742 0.559211 -1.194112 1.570796 0.400000 258.000000
14.250000 1.431531 0.653846 -1.359656 1.570796 0.400000 258.000000
14.500000 1.482201 0.665025 -1.435232 1.570796 0.400000 258.000000
14.750000 1.533752 0.795455 -1.536153 1.570796 0.400000 258.000000
15.000000 1.586184 0.914634 -1.719756 1.570796 0.400000 258.000000
15.250000 1.639497 1.000000 1.051558 4.712389 0.400000 258.000000
15.500000 1.693692 0.996678 2.649326 4.712389 0.400000 258.000000
15.750000 1.748768 0.496988 4.842003 3.141593 0.400000 258.000000
16.000000 1.804725 0.500000 7.123603 3.141593 0.400000 258.000000
16.250000 1.861563 0.509709 9.011508 3.141593 0.400000 258.000000
16.500000 1.919282 0.514706 10.707679 3.141593 0.400000 258.000000
16.750000 1.977883 0.519802 11.977079 3.141593 0.400000 258.000000
17.000000 2.037365 0.517241 13.444453 3.141593 0.400000 258.000000
17.250000 2.097728 0.528169 14.672257 3.141593 0.400000 258.000000
17.500000 2.158972 0.551471 15.728618 3.141593 0.400000 258.000000
17.750000 2.221098 0.566038 16.627056 3.141593 0.400000 258.000000
18.000000 2.284105 0.535714 17.418122 3.141593 0.400000 258.000000
18.250000 2.347993 0.500000 18.436436 3.141593 0.400000 258.000000
18.500000 2.412762 0.535714 19.217773 3.141593 0.400000 258.000000
18.750000 2.478412 0.548780 19.868715 3.141593 0.400000 258.000000
19.000000 2.544944 0.562500 20.507725 3.141593 0.400000 258.000000
