6.000000 0.253789 1.764706 -1.692621 1.570796 0.400000 55.000000
6.250000 0.275379 1.687500 -1.775173 1.570796 0.400000 55.000000
6.500000 0.297850 1.789773 -1.654337 1.570796 0.400000 55.000000
6.750000 0.321202 1.875000 -1.753272 1.570796 0.400000 55.000000
7.000000 0.345436 1.744186 -1.859807 1.570796 0.400000 55.000000
7.250000 0.370550 1.630435 -1.752489 1.570796 0.400000 55.000000
7.500000 0.396546 1.376147 -1.591708 1.570796 0.400000 55.000000
7.750000 0.423423 1.500000 -1.524285 1.570796 0.400000 55.000000
8.000000 0.451181 0.868421 -2.032476 1.570796 0.400000 55.000000
8.250000 0.479821 0.500000 0.352523 1.570796 0.400000 55.000000
8.500000 0.509341 0.500000 1.401780 1.570796 0.400000 55.000000
8.750000 0.539743 0.500000 1.946988 1.570796 0.400000 55.000000
9.000000 0.571026 0.507519 2.226230 1.570796 0.400000 55.000000
9.250000 0.603190 0.500000 2.295068 1.570796 0.400000 55.000000
9.500000 0.636236 0.510000 2.347887 1.570796 0.400000 55.000000
9.750000 0.670163 0.502392 2.993501 1.570796 0.400000 55.000000
10.000000 0.704971 0.500000 3.514530 1.570796 0.400000 55.000000
10.250000 0.740660 0.500000 3.728948 1.570796 0.400000 55.000000
10.500000 0.777230 0.518868 3.790206 1.570796 0.400000 55.000000
10.750000 0.814682 0.515625 3.735879 1.570796 0.400000 55.000000
11.000000 0.853014 0.511364 3.559086 1.570796 0.400000 55.000000
11.250000 0.892228 0.510471 3.264603 1.570796 0.400000 55.000000
11.500000 0.932324 0.509050 2.806525 1.570796 0.400000 55.000000
11.750000 0.973300 0.505319 2.126907 1.570796 0.400000 55.000000
12.000000 1.015158 0.500000 1.005488 1.570796 0.400000 55.000000
12.250000 1.057896 0.493421 -2.431943 1.570796 0.400000 55.000000
12.500000 1.101516 0.560345 -1.460948 1.570796 0.400000 55.000000
12.750000 1.146018 0.580110 -1.369517 1.570796 0.400000 55.000000
13.000000 1.191400 0.663265 -1.583918 1.570796 0.400000 55.000000
13.250000 1.237664 0.714286 -1.408818 1.570796 0.400000 55.000000
13.500000 1.284809 0.641711 -1.467770 1.570796 0.400000 55.000000
13.750000 1.332835 0.584862 -1.202182 1.570796 0.400000 55.000000
14.000000 1.381742 0.557851 -0.856197 1.570796 0.400000 55.000000
14.250000 1.431531 0.585366 -1.389097 1.570796 0.400000 55.000000
14.500000 1.482201 0.601415 -1.376562 1.570796 0.400000 55.000000
14.750000 1.533752 0.849754 -1.632388 1.570796 0.400000 55.000000
15.000000 1.586184 0.762195 -1.740769 4.712389 0.400000 55.000000
15.250000 1.639497 1.000000 0.788667 4.712389 0.400000 55.000000
15.500000 1.693692 0.857143 3.387049 3.141593 0.400000 55.000000
15.750000 1.748768 0.660377 5.781576 3.141593 0.400000 55.000000
16.000000 1.804725 0.500000 8.589768 3.141593 0.400000 55.000000
16.250000 1.861563 0.500000 10.497908 3.141593 0.400000 55.000000
16.500000 1.919282 0.500000 11.939238 3.141593 0.400000 55.000000
16.750000 1.977883 0.500000 13.131966 3.141593 0.400000 55.000000
17.000000 2.037365 0.500000 14.230530 3.141593 0.400000 55.000000
17.250000 2.097728 0.576923 15.263738 3.141593 0.400000 55.000000
17.500000 2.158972 0.535714 16.063421 3.141593 0.400000 55.000000
17.750000 2.221098 0.500000 17.003537 3.141593 0.400000 55.000000
18.000000 2.284105 0.548780 17.631361 3.141593 0.400000 55.000000
18.250000 2.347993 0.592105 18.426581 3.141593 0.400000 55.000000
18.500000 2.412762 0.576923 19.260422 3.141593 0.400000 55.000000
18.750000 2.478412 0.588235 20.021404 3.141593 0.400000 55.000000
19.000000 2.544944 0.500000 20.642214 3.141593 0.400000 55.000000
