6.000000 0.253789 0.948276 -1.619168 1.570796 0.400000 173.000000
6.250000 0.275379 0.833333 -1.635784 1.570796 0.400000 173.000000
6.500000 0.297850 0.852273 -1.657295 1.570796 0.400000 173.000000
6.750000 0.321202 0.925926 -1.661074 1.570796 0.400000 173.000000
7.000000 0.345436 0.916667 -1.671629 1.570796 0.400000 173.000000
7.250000 0.370550 0.757576 -1.563465 1.570796 0.400000 173.000000
7.500000 0.396546 0.849057 -1.687264 1.570796 0.400000 173.000000
7.750000 0.423423 0.808824 -1.660825 1.570796 0.400000 173.000000
8.000000 0.451181 0.891089 -1.489787 1.570796 0.400000 173.000000
8.250000 0.479821 0.641447 -0.751029 1.570796 0.400000 173.000000
8.500000 0.509341 0.500000 0.265393 1.570796 0.400000 173.000000
8.750000 0.539743 0.500000 1.509475 1.570796 0.400000 173.000000
9.000000 0.571026 0.500000 2.135349 1.570796 0.400000 173.000000
9.250000 0.603190 0.507968 2.552444 1.570796 0.400000 173.000000
9.500000 0.636236 0.511364 2.770697 1.570796 0.400000 173.000000
9.750000 0.670163 0.500000 2.872946 1.570796 0.400000 173.000000
10.000000 0.704971 0.514706 2.870749 1.570796 0.400000 173.000000
10.250000 0.740660 0.500000 2.823044 1.570796 0.400000 173.000000
10.500000 0.777230 0.502232 2.724855 1.570796 0.400000 173.000000
10.750000 0.814682 0.500000 2.542411 1.570796 0.400000 173.000000
11.000000 0.853014 0.504587 2.071604 1.570796 0.400000 173.000000
11.250000 0.892228 0.500000 1.186109 1.570796 0.400000 173.000000
11.500000 0.932324 0.497449 -1.176446 1.570796 0.400000 173.000000
11.750000 0.973300 0.645695 -1.208060 1.570796 0.400000 173.000000
12.000000 1.015158 0.538922 -1.242000 1.570796 0.400000 173.000000
12.250000 1.057896 0.573248 -1.418575 1.570796 0.400000 173.000000
12.500000 1.101516 0.548780 -1.418281 1.570796 0.400000 173.000000
12.750000 1.146018 0.596026 -1.515855 1.570796 0.400000 173.000000
13.000000 1.191400 0.497238 -1.395809 1.570796 0.400000 173.000000
13.250000 1.237664 0.570175 -1.590903 1.570796 0.400000 173.000000
13.500000 1.284809 0.538674 -1.265394 1.570796 0.400000 173.000000
13.750000 1.332835 0.523256 -1.709233 1.570796 0.400000 173.000000
14.000000 1.381742 0.638298 -0.636919 3.141593 0.400000 173.000000
14.250000 1.431531 0.641026 -1.273078 3.141593 0.400000 173.000000
14.500000 1.482201 0.582902 -1.284478 1.570796 0.400000 173.000000
14.750000 1.533752 0.656682 -1.476555 1.570796 0.400000 173.000000
15.000000 1.586184 0.531716 -1.506486 3.141593 0.400000 173.000000
15.250000 1.639497 0.500000 3.327412 3.141593 0.400000 173.000000
15.500000 1.693692 0.496324 5.917599 3.141593 0.400000 173.000000
15.750000 1.748768 0.500000 7.903914 3.141593 0.400000 173.000000
16.000000 1.804725 0.500000 9.597729 3.141593 0.400000 173.000000
16.250000 1.861563 0.500000 11.033899 3.141593 0.400000 173.000000
16.500000 1.919282 0.523256 12.352777 3.141593 0.400000 173.000000
16.750000 1.977883 0.500000 13.464273 3.141593 0.400000 173.000000
17.000000 2.037365 0.548780 14.422095 3.141593 0.400000 173.000000
17.250000 2.097728 0.500000 14.074663 3.141593 0.400000 173.000000
17.500000 2.158972 0.500000 15.934158 3.141593 0.400000 173.000000
17.750000 2.221098 0.517241 16.837282 3.141593 0.400000 173.000000
18.000000 2.284105 0.500000 17.622490 3.141593 0.400000 173.000000
18.250000 2.347993 0.535714 18.267887 3.141593 0.400000 173.000000
18.500000 2.412762 0.555556 18.915030 3.141593 0.400000 173.000000
18.750000 2.478412 0.576923 19.651249 3.141593 0.400000 173.000000
19.000000 2.544944 0.500000 20.577878 3.141593 0.400000 173.000000
