6.000000 0.253789 0.842697 -1.638163 1.570796 0.400000 773.000000
6.250000 0.275379 0.852273 -1.673839 1.570796 0.400000 773.000000
6.500000 0.297850 0.803571 -1.714548 1.570796 0.400000 773.000000
6.750000 0.321202 0.937500 -1.750478 1.570796 0.400000 773.000000
7.000000 0.345436 1.058824 -1.706381 1.570796 0.400000 773.000000
7.250000 0.370550 0.825000 -1.625519 1.570796 0.400000 773.000000
7.500000 0.396546 0.675000 -1.661741 1.570796 0.400000 773.000000
7.750000 0.423423 0.824176 -1.779771 1.570796 0.400000 773.000000
8.000000 0.451181 0.841121 -1.220919 1.570796 0.400000 773.000000
8.250000 0.479821 0.500000 -0.803490 1.570796 0.400000 773.000000
8.500000 0.509341 0.500000 1.106484 1.570796 0.400000 773.000000
8.750000 0.539743 0.500000 1.855023 1.570796 0.400000 773.000000
9.000000 0.571026 0.500000 2.277058 1.570796 0.400000 773.000000
9.250000 0.603190 0.500000 2.506772 1.570796 0.400000 773.000000
9.500000 0.636236 0.500000 2.566535 1.570796 0.400000 773.000000
9.750000 0.670163 0.506757 2.451465 1.570796 0.400000 773.000000
10.000000 0.704971 0.502092 2.537825 1.570796 0.400000 773.000000
10.250000 0.740660 0.506329 3.044972 1.570796 0.400000 773.000000
10.500000 0.777230 0.514286 4.262110 1.570796 0.400000 773.000000
10.750000 0.814682 0.500000 4.694216 1.570796 0.400000 773.000000
11.000000 0.853014 0.513699 4.953143 1.570796 0.400000 773.000000
11.250000 0.892228 0.503356 5.119104 1.570796 0.400000 773.000000
11.500000 0.932324 0.513699 5.181875 1.570796 0.400000 773.000000
11.750000 0.973300 0.510204 5.171873 1.570796 0.400000 773.000000
12.000000 1.015158 0.517241 5.065268 1.570796 0.400000 773.000000
12.250000 1.057896 0.500000 4.917008 1.570796 0.400000 773.000000
12.500000 1.101516 0.515625 4.605886 1.570796 0.400000 773.000000
12.750000 1.146018 0.511364 4.212289 1.570796 0.400000 773.000000
13.000000 1.191400 0.509709 3.674158 1.570796 0.400000 773.000000
13.250000 1.237664 0.500000 2.962512 1.570796 0.400000 773.000000
13.500000 1.284809 0.500000 1.903211 1.570796 0.400000 773.000000
13.750000 1.332835 0.500000 -0.321087 1.570796 0.400000 773.000000
14.000000 1.381742 0.541237 -1.311467 1.570796 0.400000 773.000000
14.250000 1.431531 0.555556 -1.004469 1.570796 0.400000 773.000000
14.500000 1.482201 0.660793 -1.209710 1.570796 0.400000 773.000000
14.750000 1.533752 0.400485 -1.569072 1.570796 0.400000 773.000000
15.000000 1.586184 0.489130 -1.616457 1.570796 0.400000 773.000000
15.250000 1.639497 1.000000 -1.245984 4.712389 0.400000 773.000000
15.500000 1.693692 1.000000 2.210388 4.712389 0.400000 773.000000
15.750000 1.748768 1.000000 3.447710 4.712389 0.400000 773.000000
16.000000 1.804725 0.613208 5.914164 3.141593 0.400000 773.000000
16.250000 1.861563 0.500000 8.488533 3.141593 0.400000 773.000000
16.500000 1.919282 0.509709 10.571133 3.141593 0.400000 773.000000
16.750000 1.977883 0.500000 12.160371 3.141593 0.400000 773.000000
17.000000 2.037365 0.500000 13.393797 3.141593 0.400000 773.000000
17.250000 2.097728 0.500000 14.266609 3.141593 0.400000 773.000000
17.500000 2.158972 0.517241 15.220903 3.141593 0.400000 773.000000
17.750000 2.221098 0.500000 16.076581 3.141593 0.400000 773.000000
18.000000 2.284105 0.576923 17.226528 3.141593 0.400000 773.000000
18.250000 2.347993 0.523256 18.173724 3.141593 0.400000 773.000000
18.500000 2.412762 0.548780 18.933193 3.141593 0.400000 773.000000
18.750000 2.478412 0.562500 19.868886 3.141593 0.400000 773.000000
19.000000 2.544944 0.588235 20.839982 3.141593 0.400000 773.000000
