6.000000 0.253789 1.753247 -1.755791 1.570796 0.400000 331.000000
6.250000 0.275379 1.968750 -1.756867 1.570796 0.400000 331.000000
6.500000 0.297850 1.500000 -1.665989 1.570796 0.400000 331.000000
6.750000 0.321202 1.750000 -1.754846 1.570796 0.400000 331.000000
7.000000 0.345436 1.810345 -1.746044 1.570796 0.400000 331.000000
7.250000 0.370550 1.562500 -1.756709 1.570796 0.400000 331.000000
7.500000 0.396546 1.485149 -1.724966 1.570796 0.400000 331.000000
7.750000 0.423423 1.500000 -1.823069 1.570796 0.400000 331.000000
8.000000 0.451181 1.586538 -1.706177 1.570796 0.400000 331.000000
8.250000 0.479821 0.991736 -1.752301 1.570796 0.400000 331.000000
8.500000 0.509341 0.929752 -1.345004 1.570796 0.400000 331.000000
8.750000 0.539743 0.500000 0.198157 1.570796 0.400000 331.000000
9.000000 0.571026 0.500000 1.653623 1.570796 0.400000 331.000000
9.250000 0.603190 0.505319 2.239038 1.570796 0.400000 331.000000
9.500000 0.636236 0.507968 2.624811 1.570796 0.400000 331.000000
9.750000 0.670163 0.512195 3.206574 1.570796 0.400000 331.000000
10.000000 0.704971 0.500000 3.463550 1.570796 0.400000 331.000000
10.250000 0.740660 0.500000 3.751417 1.570796 0.400000 331.000000
10.500000 0.777230 0.512422 3.923403 1.570796 0.400000 331.000000
10.750000 0.814682 0.500000 4.006520 1.570796 0.400000 331.000000
11.000000 0.853014 0.515625 3.950287 1.570796 0.400000 331.000000
11.250000 0.892228 0.515625 3.793858 1.570796 0.400000 331.000000
11.500000 0.932324 0.500000 3.520609 1.570796 0.400000 331.000000
11.750000 0.973300 0.512195 3.067621 1.570796 0.400000 331.000000
12.000000 1.015158 0.507968 2.422356 1.570796 0.400000 331.000000
12.250000 1.057896 0.500000 1.426286 1.570796 0.400000 331.000000
12.500000 1.101516 0.500000 -1.444280 1.570796 0.400000 331.000000
12.750000 1.146018 0.573529 -0.849231 1.570796 0.400000 331.000000
13.000000 1.191400 0.580110 -1.240962 1.570796 0.400000 331.000000
13.250000 1.237664 0.532995 -1.092263 1.570796 0.400000 331.000000
13.500000 1.284809 0.564516 -1.401527 1.570796 0.400000 331.000000
13.750000 1.332835 0.544693 -1.397862 1.570796 0.400000 331.000000
14.000000 1.381742 0.642857 -1.523102 1.570796 0.400000 331.000000
14.250000 1.431531 0.551471 -1.391001 1.570796 0.400000 331.000000
14.500000 1.482201 0.614754 -1.541777 1.570796 0.400000 331.000000
14.750000 1.533752 0.675355 -1.522342 1.570796 0.400000 331.000000
15.000000 1.586184 0.584416 -1.388418 1.570796 0.400000 331.000000
15.250000 1.639497 0.630000 -1.475904 1.570796 0.400000 331.000000
15.500000 1.693692 1.000000 1.955276 4.712389 0.400000 331.000000
15.750000 1.748768 0.993151 3.030733 4.712389 0.400000 331.000000
16.000000 1.804725 0.954545 4.686630 3.141593 0.400000 331.000000
16.250000 1.861563 0.535714 8.037458 3.141593 0.400000 331.000000
16.500000 1.919282 0.514706 10.524452 3.141593 0.400000 331.000000
16.750000 1.977883 0.517241 12.215869 3.141593 0.400000 331.000000
17.000000 2.037365 0.551471 13.480116 3.141593 0.400000 331.000000
17.250000 2.097728 0.500000 14.572805 3.141593 0.400000 331.000000
17.500000 2.158972 0.555556 15.451433 3.141593 0.400000 331.000000
17.750000 2.221098 0.535714 16.409594 3.141593 0.400000 331.000000
18.000000 2.284105 0.500000 17.430450 3.141593 0.400000 331.000000
18.250000 2.347993 0.562500 18.125385 3.141593 0.400000 331.000000
18.500000 2.412762 0.608108 19.165407 3.141593 0.400000 331.000000
18.750000 2.478412 0.500000 19.950838 3.141593 0.400000 331.000000
19.000000 2.544944 0.500000 20.568726 3.141593 0.400000 331.000000
