6.000000 0.253789 1.428571 -1.729030 1.570796 0.400000 211.000000
6.250000 0.275379 1.363636 -1.686851 1.570796 0.400000 211.000000
6.500000 0.297850 1.278409 -1.769006 1.570796 0.400000 211.000000
6.750000 0.321202 1.448864 -1.774148 1.570796 0.400000 211.000000
7.000000 0.345436 1.385870 -1.783329 1.570796 0.400000 211.000000
7.250000 0.370550 1.287879 -1.740176 1.570796 0.400000 211.000000
7.500000 0.396546 1.092233 -1.775342 1.570796 0.400000 211.000000
7.750000 0.423423 1.342105 -1.730244 1.570796 0.400000 211.000000
8.000000 0.451181 0.504808 -1.387367 1.570796 0.400000 211.000000
8.250000 0.479821 0.500000 0.819936 1.570796 0.400000 211.000000
8.500000 0.509341 0.500000 1.589292 1.570796 0.400000 211.000000
8.750000 0.539743 0.500000 2.004824 1.570796 0.400000 211.000000
9.000000 0.571026 0.508929 2.198562 1.570796 0.400000 211.000000
9.250000 0.603190 0.500000 2.216529 1.570796 0.400000 211.000000
9.500000 0.636236 0.508475 1.968695 1.570796 0.400000 211.000000
9.750000 0.670163 0.500000 2.796190 1.570796 0.400000 211.000000
10.000000 0.704971 0.502232 3.455359 1.570796 0.400000 211.000000
10.250000 0.740660 0.515873 3.950156 1.570796 0.400000 211.000000
10.500000 0.777230 0.500000 4.282431 1.570796 0.400000 211.000000
10.750000 0.814682 0.500000 4.494976 1.570796 0.400000 211.000000
11.000000 0.853014 0.520833 4.584923 1.570796 0.400000 211.000000
11.250000 0.892228 0.500000 4.620815 1.570796 0.400000 211.000000
11.500000 0.932324 0.517241 4.515080 1.570796 0.400000 211.000000
11.750000 0.973300 0.517241 4.340584 1.570796 0.400000 211.000000
12.000000 1.015158 0.512422 4.046733 1.570796 0.400000 211.000000
12.250000 1.057896 0.514286 3.635076 1.570796 0.400000 211.000000
12.500000 1.101516 0.507246 3.051106 1.570796 0.400000 211.000000
12.750000 1.146018 0.506757 2.208647 1.570796 0.400000 211.000000
13.000000 1.191400 0.500000 0.813372 1.570796 0.400000 211.000000
13.250000 1.237664 0.562500 -0.200105 1.570796 0.400000 211.000000
13.500000 1.284809 0.552147 -2.066454 1.570796 0.400000 211.000000
13.750000 1.332835 0.632530 -1.377809 1.570796 0.400000 211.000000
14.000000 1.381742 0.502577 -1.258005 1.570796 0.400000 211.000000
14.250000 1.431531 0.538462 -1.293917 1.570796 0.400000 211.000000
14.500000 1.482201 0.573980 -1.494155 1.570796 0.400000 211.000000
14.750000 1.533752 0.584862 -1.499305 1.570796 0.400000 211.000000
15.000000 1.586184 0.584016 -1.471906 1.570796 0.400000 211.000000
15.250000 1.639497 1.000000 0.594403 4.712389 0.400000 211.000000
15.500000 1.693692 1.000000 2.681714 4.712389 0.400000 211.000000
15.750000 1.748768 0.997537 3.861756 4.712389 0.400000 211.000000
16.000000 1.804725 0.569620 5.755934 3.141593 0.400000 211.000000
16.250000 1.861563 0.500000 9.055134 3.141593 0.400000 211.000000
16.500000 1.919282 0.500000 10.999434 3.141593 0.400000 211.000000
16.750000 1.977883 0.500000 12.415921 3.141593 0.400000 211.000000
17.000000 2.037365 0.500000 13.502766 3.141593 0.400000 211.000000
17.250000 2.097728 0.500000 14.639241 3.141593 0.400000 211.000000
17.500000 2.158972 0.500000 15.561161 3.141593 0.400000 211.000000
17.750000 2.221098 0.576923 16.640834 3.141593 0.400000 211.000000
18.000000 2.284105 0.535714 17.441827 3.141593 0.400000 211.000000
18.250000 2.347993 0.562500 18.272889 3.141593 0.400000 211.000000
18.500000 2.412762 0.576923 19.149595 3.141593 0.400000 211.000000
18.750000 2.478412 0.500000 20.099360 3.141593 0.400000 211.000000
19.000000 2.544944 0.500000 20.814168 3.141593 0.400000 211.000000
