6.000000 0.253789 0.882353 -1.744934 1.570796 0.400000 283.000000
6.250000 0.275379 0.852273 -1.692881 1.570796 0.400000 283.000000
6.500000 0.297850 0.813253 -1.740632 1.570796 0.400000 283.000000
6.750000 0.321202 0.789474 -1.694044 1.570796 0.400000 283.000000
7.000000 0.345436 0.758427 -1.725122 1.570796 0.400000 283.000000
7.250000 0.370550 0.728155 -1.688750 1.570796 0.400000 283.000000
7.500000 0.396546 0.703125 -1.695626 1.570796 0.400000 283.000000
7.750000 0.423423 0.681818 -1.770762 1.570796 0.400000 283.000000
8.000000 0.451181 0.661765 -1.788528 1.570796 0.400000 283.000000
8.250000 0.479821 0.635593 -1.591332 1.570796 0.400000 283.000000
8.500000 0.509341 0.500000 0.828183 1.570796 0.400000 283.000000
8.750000 0.539743 0.500000 1.751790 1.570796 0.400000 283.000000
9.000000 0.571026 0.500000 2.279184 1.570796 0.400000 283.000000
9.250000 0.603190 0.500000 2.559718 1.570796 0.400000 283.000000
9.500000 0.636236 0.496516 2.059259 1.570796 0.400000 283.000000
9.750000 0.670163 0.500000 2.709810 1.570796 0.400000 283.000000
10.000000 0.704971 0.500000 3.417372 1.570796 0.400000 283.000000
10.250000 0.740660 0.514286 3.942169 1.570796 0.400000 283.000000
10.500000 0.777230 0.500000 4.317566 1.570796 0.400000 283.000000
10.750000 0.814682 0.500000 4.574505 1.570796 0.400000 283.000000
11.000000 0.853014 0.500000 4.716456 1.570796 0.400000 283.000000
11.250000 0.892228 0.500000 4.759668 1.570796 0.400000 283.000000
11.500000 0.932324 0.500000 4.720956 1.570796 0.400000 283.000000
11.750000 0.973300 0.515267 4.580077 1.570796 0.400000 283.000000
12.000000 1.015158 0.517241 4.329807 1.570796 0.400000 283.000000
12.250000 1.057896 0.500000 4.019452 1.570796 0.400000 283.000000
12.500000 1.101516 0.500000 3.515077 1.570796 0.400000 283.000000
12.750000 1.146018 0.506757 2.827449 1.570796 0.400000 283.000000
13.000000 1.191400 0.506135 1.838710 1.570796 0.400000 283.000000
13.250000 1.237664 0.500000 -0.163619 1.570796 0.400000 283.000000
13.500000 1.284809 0.475610 -0.909015 1.570796 0.400000 283.000000
13.750000 1.332835 0.459184 -1.150654 1.570796 0.400000 283.000000
14.000000 1.381742 0.444079 -1.561863 1.570796 0.400000 283.000000
14.250000 1.431531 0.446429 -1.302291 1.570796 0.400000 283.000000
14.500000 1.482201 0.426540 -1.340143 1.570796 0.400000 283.000000
14.750000 1.533752 0.410448 -1.513769 1.570796 0.400000 283.000000
15.000000 1.586184 0.441176 -1.515584 1.570796 0.400000 283.000000
15.250000 1.639497 0.656250 -1.508170 1.570796 0.400000 283.000000
15.500000 1.693692 1.000000 1.877120 4.712389 0.400000 283.000000
15.750000 1.748768 1.000000 3.237721 4.712389 0.400000 283.000000
16.000000 1.804725 0.613208 5.378750 3.141593 0.400000 283.000000
16.250000 1.861563 0.527344 7.511421 3.141593 0.400000 283.000000
16.500000 1.919282 0.495868 9.229546 3.141593 0.400000 283.000000
16.750000 1.977883 0.514706 11.076615 3.141593 0.400000 283.000000
17.000000 2.037365 0.500000 13.134192 3.141593 0.400000 283.000000
17.250000 2.097728 0.535714 14.259951 3.141593 0.400000 283.000000
17.500000 2.158972 0.500000 15.419045 3.141593 0.400000 283.000000
17.750000 2.221098 0.500000 16.371314 3.141593 0.400000 283.000000
18.000000 2.284105 0.545455 17.228859 3.141593 0.400000 283.000000
18.250000 2.347993 0.500000 18.288126 3.141593 0.400000 283.000000
18.500000 2.412762 0.548780 18.953764 3.141593 0.400000 283.000000
18.750000 2.478412 0.576923 19.849584 3.141593 0.400000 283.000000
19.000000 2.544944 0.592105 20.667415 3.141593 0.400000 283.000000
