6.000000 0.253789 0.833333 -1.649381 1.570796 0.400000 870.000000
6.250000 0.275379 0.906593 -1.611086 1.570796 0.400000 870.000000
6.500000 0.297850 0.970588 -1.712236 1.570796 0.400000 870.000000
6.750000 0.321202 0.926966 -1.700664 1.570796 0.400000 870.000000
7.000000 0.345436 0.994898 -1.578454 1.570796 0.400000 870.000000
7.250000 0.370550 0.781250 -1.654902 1.570796 0.400000 870.000000
7.500000 0.396546 0.582524 -1.600794 1.570796 0.400000 870.000000
7.750000 0.423423 0.954545 -1.215566 1.570796 0.400000 870.000000
8.000000 0.451181 0.514706 -1.771258 1.570796 0.400000 870.000000
8.250000 0.479821 0.500000 0.603806 1.570796 0.400000 870.000000
8.500000 0.509341 0.500000 1.506165 1.570796 0.400000 870.000000
8.750000 0.539743 0.500000 1.987586 1.570796 0.400000 870.000000
9.000000 0.571026 0.510000 2.235495 1.570796 0.400000 870.000000
9.250000 0.603190 0.500000 2.302394 1.570796 0.400000 870.000000
9.500000 0.636236 0.502092 2.284368 1.570796 0.400000 870.000000
9.750000 0.670163 0.502092 2.399693 1.570796 0.400000 870.000000
10.000000 0.704971 0.513699 3.339652 1.570796 0.400000 870.000000
10.250000 0.740660 0.510471 3.837163 1.570796 0.400000 870.000000
10.500000 0.777230 0.500000 4.016739 1.570796 0.400000 870.000000
10.750000 0.814682 0.517241 4.048966 1.570796 0.400000 870.000000
11.000000 0.853014 0.511364 3.987457 1.570796 0.400000 870.000000
11.250000 0.892228 0.511364 3.820700 1.570796 0.400000 870.000000
11.500000 0.932324 0.513158 3.523714 1.570796 0.400000 870.000000
11.750000 0.973300 0.511364 3.079666 1.570796 0.400000 870.000000
12.000000 1.015158 0.507117 2.431087 1.570796 0.400000 870.000000
12.250000 1.057896 0.500000 1.431583 1.570796 0.400000 870.000000
12.500000 1.101516 0.500000 -1.243513 1.570796 0.400000 870.000000
12.750000 1.146018 0.583333 -1.341431 1.570796 0.400000 870.000000
13.000000 1.191400 0.640244 -1.397898 1.570796 0.400000 870.000000
13.250000 1.237664 0.655738 -1.590963 1.570796 0.400000 870.000000
13.500000 1.284809 0.507812 -1.326024 1.570796 0.400000 870.000000
13.750000 1.332835 0.550847 -1.635965 1.570796 0.400000 870.000000
14.000000 1.381742 0.663462 -0.817311 1.570796 0.400000 870.000000
14.250000 1.431531 0.485075 -1.537888 1.570796 0.400000 870.000000
14.500000 1.482201 0.495283 -1.385176 1.570796 0.400000 870.000000
14.750000 1.533752 0.552995 -1.608232 1.570796 0.400000 870.000000
15.000000 1.586184 0.638298 -1.653090 1.570796 0.400000 870.000000
15.250000 1.639497 1.000000 0.225899 4.712389 0.400000 870.000000
15.500000 1.693692 0.500000 3.869462 3.141593 0.400000 870.000000
15.750000 1.748768 0.500000 6.483257 3.141593 0.400000 870.000000
16.000000 1.804725 0.509709 8.564741 3.141593 0.400000 870.000000
16.250000 1.861563 0.494505 10.254803 3.141593 0.400000 870.000000
16.500000 1.919282 0.500000 11.707757 3.141593 0.400000 870.000000
16.750000 1.977883 0.535714 12.982640 3.141593 0.400000 870.000000
17.000000 2.037365 0.500000 14.067603 3.141593 0.400000 870.000000
17.250000 2.097728 0.500000 14.921355 3.141593 0.400000 870.000000
17.500000 2.158972 0.513699 14.893934 3.141593 0.400000 870.000000
17.750000 2.221098 0.559701 16.275900 3.141593 0.400000 870.000000
18.000000 2.284105 0.566038 17.348327 3.141593 0.400000 870.000000
18.250000 2.347993 0.526316 18.201567 3.141593 0.400000 870.000000
18.500000 2.412762 0.545455 19.025943 3.141593 0.400000 870.000000
18.750000 2.478412 0.500000 20.125259 3.141593 0.400000 870.000000
19.000000 2.544944 0.500000 20.831643 3.141593 0.400000 870.000000
