6.000000 0.253789 0.892857 -1.578808 1.570796 0.400000 357.000000
6.250000 0.275379 1.071429 -1.713061 1.570796 0.400000 357.000000
6.500000 0.297850 0.896739 -1.598630 1.570796 0.400000 357.000000
6.750000 0.321202 0.937500 -1.620157 1.570796 0.400000 357.000000
7.000000 0.345436 1.083333 -1.656565 1.570796 0.400000 357.000000
7.250000 0.370550 1.102941 -1.659343 1.570796 0.400000 357.000000
7.500000 0.396546 0.984848 -1.615187 1.570796 0.400000 357.000000
7.750000 0.423423 1.125000 -1.681275 1.570796 0.400000 357.000000
8.000000 0.451181 1.125000 -1.738603 1.570796 0.400000 357.000000
8.250000 0.479821 0.727612 -1.473669 1.570796 0.400000 357.000000
8.500000 0.509341 0.500000 0.979140 1.570796 0.400000 357.000000
8.750000 0.539743 0.500000 1.815922 1.570796 0.400000 357.000000
9.000000 0.571026 0.500000 2.297062 1.570796 0.400000 357.000000
9.250000 0.603190 0.500000 2.540189 1.570796 0.400000 357.000000
9.500000 0.636236 0.505618 2.313171 1.570796 0.400000 357.000000
9.750000 0.670163 0.500000 2.852680 1.570796 0.400000 357.000000
10.000000 0.704971 0.511364 2.609794 1.570796 0.400000 357.000000
10.250000 0.740660 0.517241 3.940498 1.570796 0.400000 357.000000
10.500000 0.777230 0.513699 4.262747 1.570796 0.400000 357.000000
10.750000 0.814682 0.503731 4.467111 1.570796 0.400000 357.000000
11.000000 0.853014 0.519231 4.548912 1.570796 0.400000 357.000000
11.250000 0.892228 0.519231 4.543520 1.570796 0.400000 357.000000
11.500000 0.932324 0.500000 4.455667 1.570796 0.400000 357.000000
11.750000 0.973300 0.517241 4.231060 1.570796 0.400000 357.000000
12.000000 1.015158 0.518868 3.921958 1.570796 0.400000 357.000000
12.250000 1.057896 0.508475 3.478762 1.570796 0.400000 357.000000
12.500000 1.101516 0.500000 2.863431 1.570796 0.400000 357.000000
12.750000 1.146018 0.503195 1.932230 1.570796 0.400000 357.000000
13.000000 1.191400 0.500000 0.226507 1.570796 0.400000 357.000000
13.250000 1.237664 0.540865 -0.486443 1.570796 0.400000 357.000000
13.500000 1.284809 0.497630 -1.145170 1.570796 0.400000 357.000000
13.750000 1.332835 0.560345 -1.522607 1.570796 0.400000 357.000000
14.000000 1.381742 0.494924 -1.297905 1.570796 0.400000 357.000000
14.250000 1.431531 0.533175 -1.289032 1.570796 0.400000 357.000000
14.500000 1.482201 0.494924 -1.474422 1.570796 0.400000 357.000000
14.750000 1.533752 0.535714 -1.335245 1.570796 0.400000 357.000000
15.000000 1.586184 0.530973 -1.386556 1.570796 0.400000 357.000000
15.250000 1.639497 1.000000 0.381536 4.712389 0.400000 357.000000
15.500000 1.693692 1.000000 2.628144 4.712389 0.400000 357.000000
15.750000 1.748768 0.995851 2.797798 4.712389 0.400000 357.000000
16.000000 1.804725 0.707547 5.279719 3.141593 0.400000 357.000000
16.250000 1.861563 0.512821 7.554561 3.141593 0.400000 357.000000
16.500000 1.919282 0.495283 9.673475 3.141593 0.400000 357.000000
16.750000 1.977883 0.500000 11.760347 3.141593 0.400000 357.000000
17.000000 2.037365 0.517241 13.189904 3.141593 0.400000 357.000000
17.250000 2.097728 0.535714 14.020341 3.141593 0.400000 357.000000
17.500000 2.158972 0.500000 15.179861 3.141593 0.400000 357.000000
17.750000 2.221098 0.500000 16.207014 3.141593 0.400000 357.000000
18.000000 2.284105 0.566038 17.211768 3.141593 0.400000 357.000000
18.250000 2.347993 0.535714 18.079658 3.141593 0.400000 357.000000
18.500000 2.412762 0.562500 18.984148 3.141593 0.400000 357.000000
18.750000 2.478412 0.576923 19.905247 3.141593 0.400000 357.000000
19.000000 2.544944 0.500000 20.807044 3.141593 0.400000 357.000000
