6.000000 0.253789 1.829268 -1.740713 1.570796 0.400000 915.000000
6.250000 0.275379 1.897590 -1.779691 1.570796 0.400000 915.000000
6.500000 0.297850 1.896552 -1.759279 1.570796 0.400000 915.000000
6.750000 0.321202 1.982759 -1.828432 1.570796 0.400000 915.000000
7.000000 0.345436 1.583333 -1.784755 1.570796 0.400000 915.000000
7.250000 0.370550 1.854839 -1.809726 1.570796 0.400000 915.000000
7.500000 0.396546 1.397059 -1.685889 1.570796 0.400000 915.000000
7.750000 0.423423 1.675532 -1.775023 1.570796 0.400000 915.000000
8.000000 0.451181 1.617647 -1.760087 1.570796 0.400000 915.000000
8.250000 0.479821 0.503049 -1.152041 1.570796 0.400000 915.000000
8.500000 0.509341 0.500000 1.028757 1.570796 0.400000 915.000000
8.750000 0.539743 0.500000 1.816705 1.570796 0.400000 915.000000
9.000000 0.571026 0.497118 2.067254 1.570796 0.400000 915.000000
9.250000 0.603190 0.507519 2.280683 1.570796 0.400000 915.000000
9.500000 0.636236 0.512821 2.670982 1.570796 0.400000 915.000000
9.750000 0.670163 0.512048 2.628940 1.570796 0.400000 915.000000
10.000000 0.704971 0.500000 3.520190 1.570796 0.400000 915.000000
10.250000 0.740660 0.511364 3.757655 1.570796 0.400000 915.000000
10.500000 0.777230 0.518868 3.858129 1.570796 0.400000 915.000000
10.750000 0.814682 0.500000 3.838781 1.570796 0.400000 915.000000
11.000000 0.853014 0.500000 3.702461 1.570796 0.400000 915.000000
11.250000 0.892228 0.514286 3.432998 1.570796 0.400000 915.000000
11.500000 0.932324 0.512195 3.018127 1.570796 0.400000 915.000000
11.750000 0.973300 0.500000 2.425419 1.570796 0.400000 915.000000
12.000000 1.015158 0.500000 1.491282 1.570796 0.400000 915.000000
12.250000 1.057896 0.500000 -0.788458 1.570796 0.400000 915.000000
12.500000 1.101516 0.586592 -0.764549 1.570796 0.400000 915.000000
12.750000 1.146018 0.580110 -1.256905 1.570796 0.400000 915.000000
13.000000 1.191400 0.685976 -1.538107 1.570796 0.400000 915.000000
13.250000 1.237664 0.632022 -1.369069 1.570796 0.400000 915.000000
13.500000 1.284809 0.798817 -1.686123 1.570796 0.400000 915.000000
13.750000 1.332835 0.704420 -1.532666 1.570796 0.400000 915.000000
14.000000 1.381742 0.701970 -1.283268 1.570796 0.400000 915.000000
14.250000 1.431531 0.675000 -1.486400 1.570796 0.400000 915.000000
14.500000 1.482201 0.645933 -1.394409 1.570796 0.400000 915.000000
14.750000 1.533752 0.700000 -1.403867 1.570796 0.400000 915.000000
15.000000 1.586184 0.766667 -1.797552 4.712389 0.400000 915.000000
15.250000 1.639497 1.000000 0.328450 4.712389 0.400000 915.000000
15.500000 1.693692 1.000000 2.622764 4.712389 0.400000 915.000000
15.750000 1.748768 1.000000 3.674800 4.712389 0.400000 915.000000
16.000000 1.804725 0.625000 6.842946 3.141593 0.400000 915.000000
16.250000 1.861563 0.500000 9.572210 3.141593 0.400000 915.000000
16.500000 1.919282 0.500000 11.444086 3.141593 0.400000 915.000000
16.750000 1.977883 0.500000 12.894314 3.141593 0.400000 915.000000
17.000000 2.037365 0.500000 13.877724 3.141593 0.400000 915.000000
17.250000 2.097728 0.500000 14.865469 3.141593 0.400000 915.000000
17.500000 2.158972 0.500000 15.709577 3.141593 0.400000 915.000000
17.750000 2.221098 0.545455 16.522962 3.141593 0.400000 915.000000
18.000000 2.284105 0.523256 17.533627 3.141593 0.400000 915.000000
18.250000 2.347993 0.548780 18.238854 3.141593 0.400000 915.000000
18.500000 2.412762 0.562500 19.114979 3.141593 0.400000 915.000000
18.750000 2.478412 0.576923 20.003347 3.141593 0.400000 915.000000
19.000000 2.544944 0.500000 20.762377 3.141593 0.400000 915.000000
