6.000000 0.253789 1.095506 -1.568170 1.570796 0.400000 200.000000
6.250000 0.275379 1.278409 -1.587344 1.570796 0.400000 200.000000
6.500000 0.297850 1.500000 -1.721398 1.570796 0.400000 200.000000
6.750000 0.321202 1.179775 -1.689774 1.570796 0.400000 200.000000
7.000000 0.345436 1.342105 -1.582717 1.570796 0.400000 200.000000
7.250000 0.370550 0.902778 -1.388152 1.570796 0.400000 200.000000
7.500000 0.396546 0.504202 -1.073915 1.570796 0.400000 200.000000
7.750000 0.423423 0.500000 0.627167 1.570796 0.400000 200.000000
8.000000 0.451181 0.500000 1.226752 1.570796 0.400000 200.000000
8.250000 0.479821 0.500000 1.485320 1.570796 0.400000 200.000000
8.500000 0.509341 0.500000 1.506998 1.570796 0.400000 200.000000
8.750000 0.539743 0.500000 1.289024 1.570796 0.400000 200.000000
9.000000 0.571026 0.501453 0.913897 1.570796 0.400000 200.000000
9.250000 0.603190 0.500000 2.090620 1.570796 0.400000 200.000000
9.500000 0.636236 0.500000 2.768873 1.570796 0.400000 200.000000
9.750000 0.670163 0.514706 3.205908 1.570796 0.400000 200.000000
10.000000 0.704971 0.500000 3.505741 1.570796 0.400000 200.000000
10.250000 0.740660 0.514286 3.642094 1.570796 0.400000 200.000000
10.500000 0.777230 0.512422 3.672120 1.570796 0.400000 200.000000
10.750000 0.814682 0.511364 3.579374 1.570796 0.400000 200.000000
11.000000 0.853014 0.500000 3.396397 1.570796 0.400000 200.000000
11.250000 0.892228 0.502392 3.027417 1.570796 0.400000 200.000000
11.500000 0.932324 0.500000 2.514098 1.570796 0.400000 200.000000
11.750000 0.973300 0.500000 1.691481 1.570796 0.400000 200.000000
12.000000 1.015158 0.500000 0.176548 1.570796 0.400000 200.000000
12.250000 1.057896 0.541237 -0.417406 1.570796 0.400000 200.000000
12.500000 1.101516 0.615385 -1.255486 1.570796 0.400000 200.000000
12.750000 1.146018 0.673653 -1.450667 1.570796 0.400000 200.000000
13.000000 1.191400 0.621547 -1.180850 1.570796 0.400000 200.000000
13.250000 1.237664 0.586592 -1.505172 1.570796 0.400000 200.000000
13.500000 1.284809 0.513158 -1.347790 1.570796 0.400000 200.000000
13.750000 1.332835 0.628272 -1.492934 1.570796 0.400000 200.000000
14.000000 1.381742 0.605769 -0.923872 1.570796 0.400000 200.000000
14.250000 1.431531 0.681818 -1.780958 1.570796 0.400000 200.000000
14.500000 1.482201 0.549738 -1.654944 1.570796 0.400000 200.000000
14.750000 1.533752 0.500000 0.772338 3.141593 0.400000 200.000000
15.000000 1.586184 0.500000 4.341022 3.141593 0.400000 200.000000
15.250000 1.639497 0.500000 6.345313 3.141593 0.400000 200.000000
15.500000 1.693692 0.500000 7.999208 3.141593 0.400000 200.000000
15.750000 1.748768 0.500000 9.446800 3.141593 0.400000 200.000000
16.000000 1.804725 0.495283 10.435057 3.141593 0.400000 200.000000
16.250000 1.861563 0.495283 9.308341 3.141593 0.400000 200.000000
16.500000 1.919282 0.517241 11.836610 3.141593 0.400000 200.000000
16.750000 1.977883 0.500000 13.566923 3.141593 0.400000 200.000000
17.000000 2.037365 0.500000 14.533014 3.141593 0.400000 200.000000
17.250000 2.097728 0.500000 15.324960 3.141593 0.400000 200.000000
17.500000 2.158972 0.555556 15.852260 3.141593 0.400000 200.000000
17.750000 2.221098 0.526316 16.522109 3.141593 0.400000 200.000000
18.000000 2.284105 0.555556 17.243419 3.141593 0.400000 200.000000
18.250000 2.347993 0.500000 18.247683 3.141593 0.400000 200.000000
18.500000 2.412762 0.500000 18.975865 3.141593 0.400000 200.000000
18.750000 2.478412 0.535714 19.669548 3.141593 0.400000 200.000000
19.000000 2.544944 0.562500 20.195453 3.141593 0.400000 200.000000
