6.000000 0.253789 0.813253 -1.566371 1.570796 0.400000 349.000000
6.250000 0.275379 1.379310 -1.639965 1.570796 0.400000 349.000000
6.500000 0.297850 1.083333 -1.587429 1.570796 0.400000 349.000000
6.750000 0.321202 1.196809 -1.594080 1.570796 0.400000 349.000000
7.000000 0.345436 1.206897 -1.642644 1.570796 0.400000 349.000000
7.250000 0.370550 1.019417 -1.584133 1.570796 0.400000 349.000000
7.500000 0.396546 0.902778 -1.548514 1.570796 0.400000 349.000000
7.750000 0.423423 0.810811 -1.527352 1.570796 0.400000 349.000000
8.000000 0.451181 1.136364 -1.578828 1.570796 0.400000 349.000000
8.250000 0.479821 0.630252 -1.411655 1.570796 0.400000 349.000000
8.500000 0.509341 0.827206 -0.881344 1.570796 0.400000 349.000000
8.750000 0.539743 0.500000 0.185468 1.570796 0.400000 349.000000
9.000000 0.571026 0.500000 1.647756 1.570796 0.400000 349.000000
9.250000 0.603190 0.500000 2.365010 1.570796 0.400000 349.000000
9.500000 0.636236 0.497925 2.863973 1.570796 0.400000 349.000000
9.750000 0.670163 0.513158 3.203970 1.570796 0.400000 349.000000
10.000000 0.704971 0.500000 3.390809 1.570796 0.400000 349.000000
10.250000 0.740660 0.500000 3.509025 1.570796 0.400000 349.000000
10.500000 0.777230 0.500000 3.545987 1.570796 0.400000 349.000000
10.750000 0.814682 0.500000 3.526547 1.570796 0.400000 349.000000
11.000000 0.853014 0.500000 3.439103 1.570796 0.400000 349.000000
11.250000 0.892228 0.513158 3.293227 1.570796 0.400000 349.000000
11.500000 0.932324 0.506757 2.970907 1.570796 0.400000 349.000000
11.750000 0.973300 0.500000 2.396737 1.570796 0.400000 349.000000
12.000000 1.015158 0.500000 1.442878 1.570796 0.400000 349.000000
12.250000 1.057896 0.500000 -1.017971 1.570796 0.400000 349.000000
12.500000 1.101516 0.546875 -1.077641 1.570796 0.400000 349.000000
12.750000 1.146018 0.453297 -1.397730 1.570796 0.400000 349.000000
13.000000 1.191400 0.535714 -1.608875 1.570796 0.400000 349.000000
13.250000 1.237664 0.576923 -1.439457 1.570796 0.400000 349.000000
13.500000 1.284809 0.538922 -1.623056 1.570796 0.400000 349.000000
13.750000 1.332835 0.481283 -1.465339 1.570796 0.400000 349.000000
14.000000 1.381742 0.491071 -1.568029 1.570796 0.400000 349.000000
14.250000 1.431531 0.541667 -1.498095 1.570796 0.400000 349.000000
14.500000 1.482201 0.484914 -1.256801 1.570796 0.400000 349.000000
14.750000 1.533752 0.630531 -1.356388 1.570796 0.400000 349.000000
15.000000 1.586184 0.566038 -1.448488 1.570796 0.400000 349.000000
15.250000 1.639497 1.000000 -0.401367 4.712389 0.400000 349.000000
15.500000 1.693692 1.000000 2.422184 4.712389 0.400000 349.000000
15.750000 1.748768 0.500000 4.143401 3.141593 0.400000 349.000000
16.000000 1.804725 0.500000 6.726277 3.141593 0.400000 349.000000
16.250000 1.861563 0.509709 8.811715 3.141593 0.400000 349.000000
16.500000 1.919282 0.519802 10.602862 3.141593 0.400000 349.000000
16.750000 1.977883 0.500000 11.970437 3.141593 0.400000 349.000000
17.000000 2.037365 0.500000 13.156900 3.141593 0.400000 349.000000
17.250000 2.097728 0.535714 14.537137 3.141593 0.400000 349.000000
17.500000 2.158972 0.500000 15.712366 3.141593 0.400000 349.000000
17.750000 2.221098 0.500000 16.614936 3.141593 0.400000 349.000000
18.000000 2.284105 0.555556 17.431449 3.141593 0.400000 349.000000
18.250000 2.347993 0.523256 18.404841 3.141593 0.400000 349.000000
18.500000 2.412762 0.548780 19.043191 3.141593 0.400000 349.000000
18.750000 2.478412 0.576923 19.855712 3.141593 0.400000 349.000000
19.000000 2.544944 0.592105 20.598020 3.141593 0.400000 349.000000
