6.000000 0.253789 1.206897 -1.696292 1.570796 0.400000 112.000000
6.250000 0.275379 1.406250 -1.744231 1.570796 0.400000 112.000000
6.500000 0.297850 1.355422 -1.800335 1.570796 0.400000 112.000000
6.750000 0.321202 1.264045 -1.787635 1.570796 0.400000 112.000000
7.000000 0.345436 1.395349 -1.803042 1.570796 0.400000 112.000000
7.250000 0.370550 1.250000 -1.743838 1.570796 0.400000 112.000000
7.500000 0.396546 1.276596 -1.786845 1.570796 0.400000 112.000000
7.750000 0.423423 1.630435 -1.871147 1.570796 0.400000 112.000000
8.000000 0.451181 1.262376 -1.707788 1.570796 0.400000 112.000000
8.250000 0.479821 0.867769 -1.520325 1.570796 0.400000 112.000000
8.500000 0.509341 0.803571 -0.757113 1.570796 0.400000 112.000000
8.750000 0.539743 1.032110 -1.341046 1.570796 0.400000 112.000000
9.000000 0.571026 0.509259 2.252281 1.570796 0.400000 112.000000
9.250000 0.603190 0.505051 2.273443 1.570796 0.400000 112.000000
9.500000 0.636236 0.500000 2.409694 1.570796 0.400000 112.000000
9.750000 0.670163 0.500000 3.074265 1.570796 0.400000 112.000000
10.000000 0.704971 0.500000 3.568661 1.570796 0.400000 112.000000
10.250000 0.740660 0.500000 3.929313 1.570796 0.400000 112.000000
10.500000 0.777230 0.500000 4.135005 1.570796 0.400000 112.000000
10.750000 0.814682 0.500000 4.225623 1.570796 0.400000 112.000000
11.000000 0.853014 0.500000 4.214281 1.570796 0.400000 112.000000
11.250000 0.892228 0.517241 4.093670 1.570796 0.400000 112.000000
11.500000 0.932324 0.515625 3.866715 1.570796 0.400000 112.000000
11.750000 0.973300 0.514286 3.521673 1.570796 0.400000 112.000000
12.000000 1.015158 0.512195 3.021264 1.570796 0.400000 112.000000
12.250000 1.057896 0.505618 2.297014 1.570796 0.400000 112.000000
12.500000 1.101516 0.500000 1.139401 1.570796 0.400000 112.000000
12.750000 1.146018 0.494012 -2.633318 1.570796 0.400000 112.000000
13.000000 1.191400 0.583832 -1.400405 1.570796 0.400000 112.000000
13.250000 1.237664 0.538674 -1.266887 1.570796 0.400000 112.000000
13.500000 1.284809 0.661765 -1.565442 1.570796 0.400000 112.000000
13.750000 1.332835 0.583832 -1.327207 1.570796 0.400000 112.000000
14.000000 1.381742 0.633117 -1.630958 1.570796 0.400000 112.000000
14.250000 1.431531 0.587349 -1.501870 1.570796 0.400000 112.000000
14.500000 1.482201 0.674157 -1.665392 1.570796 0.400000 112.000000
14.750000 1.533752 0.730769 -1.689344 1.570796 0.400000 112.000000
15.000000 1.586184 0.615942 -1.656545 1.570796 0.400000 112.000000
15.250000 1.639497 1.000000 -0.270373 4.712389 0.400000 112.000000
15.500000 1.693692 1.000000 2.494557 4.712389 0.400000 112.000000
15.750000 1.748768 0.917553 4.199702 3.141593 0.400000 112.000000
16.000000 1.804725 0.813253 5.340698 3.141593 0.400000 112.000000
16.250000 1.861563 0.629371 7.225858 3.141593 0.400000 112.000000
16.500000 1.919282 0.508475 10.610680 3.141593 0.400000 112.000000
16.750000 1.977883 0.514706 12.749097 3.141593 0.400000 112.000000
17.000000 2.037365 0.500000 13.409867 3.141593 0.400000 112.000000
17.250000 2.097728 0.500000 13.992643 3.141593 0.400000 112.000000
17.500000 2.158972 0.528169 14.979159 3.141593 0.400000 112.000000
17.750000 2.221098 0.545455 15.949013 3.141593 0.400000 112.000000
18.000000 2.284105 0.526316 17.038911 3.141593 0.400000 112.000000
18.250000 2.347993 0.566038 18.075982 3.141593 0.400000 112.000000
18.500000 2.412762 0.500000 19.109423 3.141593 0.400000 112.000000
18.750000 2.478412 0.523256 19.981369 3.141593 0.400000 112.000000
19.000000 2.544944 0.562500 20.658877 3.141593 0.400000 112.000000
