6.000000 0.253789 0.959302 -1.638767 1.570796 0.400000 427.000000
6.250000 0.275379 1.071429 -1.616582 1.570796 0.400000 427.000000
6.500000 0.297850 0.967742 -1.626929 1.570796 0.400000 427.000000
6.750000 0.321202 0.852273 -1.677201 1.570796 0.400000 427.000000
7.000000 0.345436 0.989011 -1.723195 1.570796 0.400000 427.000000
7.250000 0.370550 0.891089 -1.659625 1.570796 0.400000 427.000000
7.500000 0.396546 0.886364 -1.594001 1.570796 0.400000 427.000000
7.750000 0.423423 0.873786 -1.659742 1.570796 0.400000 427.000000
8.000000 0.451181 1.009615 -1.642579 1.570796 0.400000 427.000000
8.250000 0.479821 0.853659 -1.354132 1.570796 0.400000 427.000000
8.500000 0.509341 0.500000 -0.078635 1.570796 0.400000 427.000000
8.750000 0.539743 0.500000 1.421380 1.570796 0.400000 427.000000
9.000000 0.571026 0.500000 2.153754 1.570796 0.400000 427.000000
9.250000 0.603190 0.498155 2.310579 1.570796 0.400000 427.000000
9.500000 0.636236 0.506329 2.666738 1.570796 0.400000 427.000000
9.750000 0.670163 0.500000 2.995871 1.570796 0.400000 427.000000
10.000000 0.704971 0.502577 3.301115 1.570796 0.400000 427.000000
10.250000 0.740660 0.517241 3.839795 1.570796 0.400000 427.000000
10.500000 0.777230 0.518868 4.075494 1.570796 0.400000 427.000000
10.750000 0.814682 0.520833 4.183584 1.570796 0.400000 427.000000
11.000000 0.853014 0.500000 4.180498 1.570796 0.400000 427.000000
11.250000 0.892228 0.510204 4.054038 1.570796 0.400000 427.000000
11.500000 0.932324 0.509259 3.811962 1.570796 0.400000 427.000000
11.750000 0.973300 0.500000 3.454388 1.570796 0.400000 427.000000
12.000000 1.015158 0.512195 2.929095 1.570796 0.400000 427.000000
12.250000 1.057896 0.505319 2.159510 1.570796 0.400000 427.000000
12.500000 1.101516 0.500000 0.908215 1.570796 0.400000 427.000000
12.750000 1.146018 0.472441 -0.086134 1.570796 0.400000 427.000000
13.000000 1.191400 0.562500 -1.570840 1.570796 0.400000 427.000000
13.250000 1.237664 0.542169 -1.264486 1.570796 0.400000 427.000000
13.500000 1.284809 0.576923 -1.199054 1.570796 0.400000 427.000000
13.750000 1.332835 0.505618 -1.648148 1.570796 0.400000 427.000000
14.000000 1.381742 0.459184 -1.374970 1.570796 0.400000 427.000000
14.250000 1.431531 0.502392 -1.309914 1.570796 0.400000 427.000000
14.500000 1.482201 0.514706 -1.489451 1.570796 0.400000 427.000000
14.750000 1.533752 0.559211 -1.354862 1.570796 0.400000 427.000000
15.000000 1.586184 0.551948 -1.487251 1.570796 0.400000 427.000000
15.250000 1.639497 0.791016 -1.441709 1.570796 0.400000 427.000000
15.500000 1.693692 1.000000 1.717954 4.712389 0.400000 427.000000
15.750000 1.748768 1.000000 3.267301 4.712389 0.400000 427.000000
16.000000 1.804725 1.000000 4.059927 4.712389 0.400000 427.000000
16.250000 1.861563 0.500000 6.345491 3.141593 0.400000 427.000000
16.500000 1.919282 0.500000 9.065599 3.141593 0.400000 427.000000
16.750000 1.977883 0.500000 11.638385 3.141593 0.400000 427.000000
17.000000 2.037365 0.523256 13.138571 3.141593 0.400000 427.000000
17.250000 2.097728 0.520833 13.934686 3.141593 0.400000 427.000000
17.500000 2.158972 0.543478 15.115054 3.141593 0.400000 427.000000
17.750000 2.221098 0.568182 16.238043 3.141593 0.400000 427.000000
18.000000 2.284105 0.545455 17.156236 3.141593 0.400000 427.000000
18.250000 2.347993 0.523256 18.226002 3.141593 0.400000 427.000000
18.500000 2.412762 0.548780 19.002904 3.141593 0.400000 427.000000
18.750000 2.478412 0.576923 19.948636 3.141593 0.400000 427.000000
19.000000 2.544944 0.500000 20.925663 3.141593 0.400000 427.000000
