6.000000 0.253789 0.767045 -1.607143 1.570796 0.400000 220.000000
6.250000 0.275379 1.097561 -1.677018 1.570796 0.400000 220.000000
6.500000 0.297850 0.833333 -1.766697 1.570796 0.400000 220.000000
6.750000 0.321202 0.705882 -1.663710 1.570796 0.400000 220.000000
7.000000 0.345436 1.095506 -1.823620 1.570796 0.400000 220.000000
7.250000 0.370550 0.714286 -1.267433 1.570796 0.400000 220.000000
7.500000 0.396546 0.511364 -1.844687 1.570796 0.400000 220.000000
7.750000 0.423423 0.500000 0.290025 1.570796 0.400000 220.000000
8.000000 0.451181 0.500000 1.109488 1.570796 0.400000 220.000000
8.250000 0.479821 0.500000 1.484403 1.570796 0.400000 220.000000
8.500000 0.509341 0.505865 1.604547 1.570796 0.400000 220.000000
8.750000 0.539743 0.500000 1.508415 1.570796 0.400000 220.000000
9.000000 0.571026 0.500000 1.155925 1.570796 0.400000 220.000000
9.250000 0.603190 0.502915 0.782731 1.570796 0.400000 220.000000
9.500000 0.636236 0.500000 2.205812 1.570796 0.400000 220.000000
9.750000 0.670163 0.500000 3.010072 1.570796 0.400000 220.000000
10.000000 0.704971 0.502232 3.551354 1.570796 0.400000 220.000000
10.250000 0.740660 0.515873 3.928395 1.570796 0.400000 220.000000
10.500000 0.777230 0.500000 4.189660 1.570796 0.400000 220.000000
10.750000 0.814682 0.512422 4.312235 1.570796 0.400000 220.000000
11.000000 0.853014 0.512422 4.347014 1.570796 0.400000 220.000000
11.250000 0.892228 0.500000 4.286516 1.570796 0.400000 220.000000
11.500000 0.932324 0.509259 4.130423 1.570796 0.400000 220.000000
11.750000 0.973300 0.514286 3.842754 1.570796 0.400000 220.000000
12.000000 1.015158 0.500000 3.462226 1.570796 0.400000 220.000000
12.250000 1.057896 0.500000 2.865212 1.570796 0.400000 220.000000
12.500000 1.101516 0.498615 1.923235 1.570796 0.400000 220.000000
12.750000 1.146018 0.500000 0.587762 1.570796 0.400000 220.000000
13.000000 1.191400 0.463918 -0.709789 1.570796 0.400000 220.000000
13.250000 1.237664 0.463918 -1.421475 1.570796 0.400000 220.000000
13.500000 1.284809 0.636364 -1.508421 1.570796 0.400000 220.000000
13.750000 1.332835 0.560166 -0.962628 1.570796 0.400000 220.000000
14.000000 1.381742 0.622271 -1.058810 1.570796 0.400000 220.000000
14.250000 1.431531 0.628492 -1.717440 1.570796 0.400000 220.000000
14.500000 1.482201 0.634921 -1.516185 1.570796 0.400000 220.000000
14.750000 1.533752 0.640704 -1.608131 1.570796 0.400000 220.000000
15.000000 1.586184 0.819838 -1.601935 1.570796 0.400000 220.000000
15.250000 1.639497 1.000000 1.537732 4.712389 0.400000 220.000000
15.500000 1.693692 1.000000 2.845947 4.712389 0.400000 220.000000
15.750000 1.748768 0.603448 4.738464 3.141593 0.400000 220.000000
16.000000 1.804725 0.507519 7.266696 3.141593 0.400000 220.000000
16.250000 1.861563 0.500000 9.341009 3.141593 0.400000 220.000000
16.500000 1.919282 0.500000 11.138354 3.141593 0.400000 220.000000
16.750000 1.977883 0.548780 12.643955 3.141593 0.400000 220.000000
17.000000 2.037365 0.523256 13.831883 3.141593 0.400000 220.000000
17.250000 2.097728 0.535714 14.589511 3.141593 0.400000 220.000000
17.500000 2.158972 0.535714 15.492626 3.141593 0.400000 220.000000
17.750000 2.221098 0.555556 16.433350 3.141593 0.400000 220.000000
18.000000 2.284105 0.526316 17.341215 3.141593 0.400000 220.000000
18.250000 2.347993 0.545455 18.153249 3.141593 0.400000 220.000000
18.500000 2.412762 0.500000 19.273381 3.141593 0.400000 220.000000
18.750000 2.478412 0.500000 19.983085 3.141593 0.400000 220.000000
19.000000 2.544944 0.535714 20.659470 3.141593 0.400000 220.000000
