6.000000 0.253789 1.987952 -1.697844 1.570796 0.400000 1000.000000
6.250000 0.275379 2.068966 -1.681994 1.570796 0.400000 1000.000000
6.500000 0.297850 2.180233 -1.708087 1.570796 0.400000 1000.000000
6.750000 0.321202 2.068966 -1.747043 1.570796 0.400000 1000.000000
7.000000 0.345436 2.155172 -1.694327 1.570796 0.400000 1000.000000
7.250000 0.370550 1.529126 -1.629363 1.570796 0.400000 1000.000000
7.500000 0.396546 1.442308 -1.710482 1.570796 0.400000 1000.000000
7.750000 0.423423 1.237113 -1.659956 1.570796 0.400000 1000.000000
8.000000 0.451181 0.507519 -1.217896 1.570796 0.400000 1000.000000
8.250000 0.479821 0.500000 0.798353 1.570796 0.400000 1000.000000
8.500000 0.509341 0.500000 1.478584 1.570796 0.400000 1000.000000
8.750000 0.539743 0.500000 1.875528 1.570796 0.400000 1000.000000
9.000000 0.571026 0.505618 2.217748 1.570796 0.400000 1000.000000
9.250000 0.603190 0.510638 2.474178 1.570796 0.400000 1000.000000
9.500000 0.636236 0.511364 2.560183 1.570796 0.400000 1000.000000
9.750000 0.670163 0.509050 2.488379 1.570796 0.400000 1000.000000
10.000000 0.704971 0.507968 2.244092 1.570796 0.400000 1000.000000
10.250000 0.740660 0.500000 1.774591 1.570796 0.400000 1000.000000
10.500000 0.777230 0.500000 0.924998 1.570796 0.400000 1000.000000
10.750000 0.814682 0.497238 -1.590908 1.570796 0.400000 1000.000000
11.000000 0.853014 0.707547 -1.144411 1.570796 0.400000 1000.000000
11.250000 0.892228 0.685976 -1.425161 1.570796 0.400000 1000.000000
11.500000 0.932324 0.641447 -1.512466 1.570796 0.400000 1000.000000
11.750000 0.973300 0.636364 -1.317152 1.570796 0.400000 1000.000000
12.000000 1.015158 0.805369 -1.529360 1.570796 0.400000 1000.000000
12.250000 1.057896 0.650000 -1.539352 1.570796 0.400000 1000.000000
12.500000 1.101516 0.827922 -1.502056 1.570796 0.400000 1000.000000
12.750000 1.146018 0.925325 -1.676976 1.570796 0.400000 1000.000000
13.000000 1.191400 0.874233 -1.506379 1.570796 0.400000 1000.000000
13.250000 1.237664 0.988024 -1.752517 1.570796 0.400000 1000.000000
13.500000 1.284809 0.627907 -1.042515 1.570796 0.400000 1000.000000
13.750000 1.332835 0.726872 -0.989360 1.570796 0.400000 1000.000000
14.000000 1.381742 0.875000 -1.627215 1.570796 0.400000 1000.000000
14.250000 1.431531 0.842697 -1.631956 1.570796 0.400000 1000.000000
14.500000 1.482201 0.895522 -1.580059 1.570796 0.400000 1000.000000
14.750000 1.533752 0.825688 -1.571263 1.570796 0.400000 1000.000000
15.000000 1.586184 0.500000 2.823193 3.141593 0.400000 1000.000000
15.250000 1.639497 0.496689 5.431217 3.141593 0.400000 1000.000000
15.500000 1.693692 0.500000 7.198757 3.141593 0.400000 1000.000000
15.750000 1.748768 0.500000 8.819906 3.141593 0.400000 1000.000000
16.000000 1.804725 0.495283 10.298895 3.141593 0.400000 1000.000000
16.250000 1.861563 0.500000 11.571987 3.141593 0.400000 1000.000000
16.500000 1.919282 0.500000 12.559526 3.141593 0.400000 1000.000000
16.750000 1.977883 0.500000 13.482780 3.141593 0.400000 1000.000000
17.000000 2.037365 0.500000 13.884351 3.141593 0.400000 1000.000000
17.250000 2.097728 0.543478 14.631935 3.141593 0.400000 1000.000000
17.500000 2.158972 0.500000 15.582391 3.141593 0.400000 1000.000000
17.750000 2.221098 0.576923 16.472214 3.141593 0.400000 1000.000000
18.000000 2.284105 0.526316 17.260608 3.141593 0.400000 1000.000000
18.250000 2.347993 0.555556 18.120975 3.141593 0.400000 1000.000000
18.500000 2.412762 0.500000 19.185639 3.141593 0.400000 1000.000000
18.750000 2.478412 0.500000 19.939219 3.141593 0.400000 1000.000000
19.000000 2.544944 0.548780 20.539304 3.141593 0.400000 1000.000000
