6.000000 0.253789 0.750000 -1.517522 1.570796 0.400000 938.000000
6.250000 0.275379 1.084337 -1.655953 1.570796 0.400000 938.000000
6.500000 0.297850 1.058824 -1.676959 1.570796 0.400000 938.000000
6.750000 0.321202 0.926966 -1.681992 1.570796 0.400000 938.000000
7.000000 0.345436 1.037234 -1.535753 1.570796 0.400000 938.000000
7.250000 0.370550 0.896739 -1.643924 1.570796 0.400000 938.000000
7.500000 0.396546 0.735294 -1.523979 1.570796 0.400000 938.000000
7.750000 0.423423 0.833333 -1.291012 1.570796 0.400000 938.000000
8.000000 0.451181 0.517241 -1.930523 1.570796 0.400000 938.000000
8.250000 0.479821 0.500000 0.516107 1.570796 0.400000 938.000000
8.500000 0.509341 0.500000 1.473802 1.570796 0.400000 938.000000
8.750000 0.539743 1.640625 -1.932561 1.570796 0.400000 938.000000
9.000000 0.571026 0.500000 2.251177 1.570796 0.400000 938.000000
9.250000 0.603190 0.500000 2.342411 1.570796 0.400000 938.000000
9.500000 0.636236 0.505952 2.226085 1.570796 0.400000 938.000000
9.750000 0.670163 0.504202 2.493440 1.570796 0.400000 938.000000
10.000000 0.704971 0.504202 3.059428 1.570796 0.400000 938.000000
10.250000 0.740660 0.517241 3.934401 1.570796 0.400000 938.000000
10.500000 0.777230 0.515625 4.263457 1.570796 0.400000 938.000000
10.750000 0.814682 0.520833 4.475155 1.570796 0.400000 938.000000
11.000000 0.853014 0.500000 4.577364 1.570796 0.400000 938.000000
11.250000 0.892228 0.510204 4.573933 1.570796 0.400000 938.000000
11.500000 0.932324 0.517241 4.481370 1.570796 0.400000 938.000000
11.750000 0.973300 0.500000 4.315638 1.570796 0.400000 938.000000
12.000000 1.015158 0.509259 3.996365 1.570796 0.400000 938.000000
12.250000 1.057896 0.510471 3.550015 1.570796 0.400000 938.000000
12.500000 1.101516 0.509050 2.945255 1.570796 0.400000 938.000000
12.750000 1.146018 0.500000 2.072048 1.570796 0.400000 938.000000
13.000000 1.191400 0.500000 0.521244 1.570796 0.400000 938.000000
13.250000 1.237664 0.502392 -0.563245 1.570796 0.400000 938.000000
13.500000 1.284809 0.462085 -1.221680 1.570796 0.400000 938.000000
13.750000 1.332835 0.488166 -1.664310 1.570796 0.400000 938.000000
14.000000 1.381742 0.657371 -0.962287 1.570796 0.400000 938.000000
14.250000 1.431531 0.546117 -1.390612 1.570796 0.400000 938.000000
14.500000 1.482201 0.566667 -1.225110 1.570796 0.400000 938.000000
14.750000 1.533752 0.552995 -1.498105 1.570796 0.400000 938.000000
15.000000 1.586184 0.675966 -1.541486 1.570796 0.400000 938.000000
15.250000 1.639497 1.000000 0.362025 4.712389 0.400000 938.000000
15.500000 1.693692 0.500000 3.237262 3.141593 0.400000 938.000000
15.750000 1.748768 0.496324 6.058367 3.141593 0.400000 938.000000
16.000000 1.804725 0.500000 8.244770 3.141593 0.400000 938.000000
16.250000 1.861563 0.514706 10.054602 3.141593 0.400000 938.000000
16.500000 1.919282 0.517241 11.447973 3.141593 0.400000 938.000000
16.750000 1.977883 0.523256 12.510884 3.141593 0.400000 938.000000
17.000000 2.037365 0.500000 12.237745 3.141593 0.400000 938.000000
17.250000 2.097728 0.520833 14.431298 3.141593 0.400000 938.000000
17.500000 2.158972 0.559701 15.700551 3.141593 0.400000 938.000000
17.750000 2.221098 0.566038 16.648765 3.141593 0.400000 938.000000
18.000000 2.284105 0.535714 17.425537 3.141593 0.400000 938.000000
18.250000 2.347993 0.555556 18.233138 3.141593 0.400000 938.000000
18.500000 2.412762 0.500000 19.221998 3.141593 0.400000 938.000000
18.750000 2.478412 0.500000 19.895564 3.141593 0.400000 938.000000
19.000000 2.544944 0.548780 20.424858 3.141593 0.400000 938.000000
