6.000000 0.253789 0.948276 -1.610824 1.570796 0.400000 998.000000
6.250000 0.275379 0.906593 -1.652508 1.570796 0.400000 998.000000
6.500000 0.297850 0.948276 -1.669685 1.570796 0.400000 998.000000
6.750000 0.321202 0.865385 -1.675089 1.570796 0.400000 998.000000
7.000000 0.345436 0.978261 -1.669694 1.570796 0.400000 998.000000
7.250000 0.370550 0.841837 -1.674172 1.570796 0.400000 998.000000
7.500000 0.396546 0.825688 -1.613443 1.570796 0.400000 998.000000
7.750000 0.423423 0.735294 -1.654684 1.570796 0.400000 998.000000
8.000000 0.451181 0.984848 -1.635882 1.570796 0.400000 998.000000
8.250000 0.479821 0.500000 0.797862 1.570796 0.400000 998.000000
8.500000 0.509341 0.500000 1.568709 1.570796 0.400000 998.000000
8.750000 0.539743 0.841121 -1.568557 1.570796 0.400000 998.000000
9.000000 0.571026 0.500000 2.174233 1.570796 0.400000 998.000000
9.250000 0.603190 0.496988 2.016281 1.570796 0.400000 998.000000
9.500000 0.636236 0.500000 2.260461 1.570796 0.400000 998.000000
9.750000 0.670163 0.511364 3.033655 1.570796 0.400000 998.000000
10.000000 0.704971 0.500000 3.572948 1.570796 0.400000 998.000000
10.250000 0.740660 0.500000 3.948072 1.570796 0.400000 998.000000
10.500000 0.777230 0.510204 4.184167 1.570796 0.400000 998.000000
10.750000 0.814682 0.517241 4.301734 1.570796 0.400000 998.000000
11.000000 0.853014 0.520833 4.327453 1.570796 0.400000 998.000000
11.250000 0.892228 0.517241 4.256460 1.570796 0.400000 998.000000
11.500000 0.932324 0.500000 4.108661 1.570796 0.400000 998.000000
11.750000 0.973300 0.512422 3.797778 1.570796 0.400000 998.000000
12.000000 1.015158 0.511364 3.377687 1.570796 0.400000 998.000000
12.250000 1.057896 0.509050 2.767603 1.570796 0.400000 998.000000
12.500000 1.101516 0.500000 1.880001 1.570796 0.400000 998.000000
12.750000 1.146018 0.500000 0.197681 1.570796 0.400000 998.000000
13.000000 1.191400 0.568720 -0.598430 1.570796 0.400000 998.000000
13.250000 1.237664 0.497630 -1.163506 1.570796 0.400000 998.000000
13.500000 1.284809 0.548780 -1.453543 1.570796 0.400000 998.000000
13.750000 1.332835 0.570652 -1.219532 1.570796 0.400000 998.000000
14.000000 1.381742 0.462085 -1.289829 1.570796 0.400000 998.000000
14.250000 1.431531 0.450000 -1.411716 1.570796 0.400000 998.000000
14.500000 1.482201 0.412500 -1.401592 1.570796 0.400000 998.000000
14.750000 1.533752 0.413136 -1.383550 1.570796 0.400000 998.000000
15.000000 1.586184 0.544355 -1.496697 1.570796 0.400000 998.000000
15.250000 1.639497 1.000000 0.708524 4.712389 0.400000 998.000000
15.500000 1.693692 0.653670 3.413410 3.141593 0.400000 998.000000
15.750000 1.748768 0.546358 5.915791 3.141593 0.400000 998.000000
16.000000 1.804725 0.527344 7.784108 3.141593 0.400000 998.000000
16.250000 1.861563 0.500000 7.648950 3.141593 0.400000 998.000000
16.500000 1.919282 0.500000 11.192821 3.141593 0.400000 998.000000
16.750000 1.977883 0.517241 13.004730 3.141593 0.400000 998.000000
17.000000 2.037365 0.543478 13.982337 3.141593 0.400000 998.000000
17.250000 2.097728 0.500000 14.897530 3.141593 0.400000 998.000000
17.500000 2.158972 0.576923 15.741037 3.141593 0.400000 998.000000
17.750000 2.221098 0.545455 16.498873 3.141593 0.400000 998.000000
18.000000 2.284105 0.500000 17.520728 3.141593 0.400000 998.000000
18.250000 2.347993 0.548780 18.191241 3.141593 0.400000 998.000000
18.500000 2.412762 0.562500 19.082164 3.141593 0.400000 998.000000
18.750000 2.478412 0.588235 20.075024 3.141593 0.400000 998.000000
19.000000 2.544944 0.500000 20.813086 3.141593 0.400000 998.000000
