6.000000 0.253789 1.189024 -1.709531 1.570796 0.400000 976.000000
6.250000 0.275379 1.034483 -1.743733 1.570796 0.400000 976.000000
6.500000 0.297850 1.406250 -1.802186 1.570796 0.400000 976.000000
6.750000 0.321202 1.348315 -1.831887 1.570796 0.400000 976.000000
7.000000 0.345436 1.206897 -1.786975 1.570796 0.400000 976.000000
7.250000 0.370550 1.236264 -1.902979 1.570796 0.400000 976.000000
7.500000 0.396546 1.004464 -1.448084 1.570796 0.400000 976.000000
7.750000 0.423423 0.509709 -1.352056 1.570796 0.400000 976.000000
8.000000 0.451181 0.500000 0.667844 1.570796 0.400000 976.000000
8.250000 0.479821 0.500000 1.388257 1.570796 0.400000 976.000000
8.500000 0.509341 0.500000 1.747329 1.570796 0.400000 976.000000
8.750000 0.539743 0.508065 1.878631 1.570796 0.400000 976.000000
9.000000 0.571026 0.505051 1.807738 1.570796 0.400000 976.000000
9.250000 0.603190 0.500000 1.530369 1.570796 0.400000 976.000000
9.500000 0.636236 0.501453 1.390572 1.570796 0.400000 976.000000
9.750000 0.670163 0.512048 2.626011 1.570796 0.400000 976.000000
10.000000 0.704971 0.500000 3.391209 1.570796 0.400000 976.000000
10.250000 0.740660 0.500000 3.930541 1.570796 0.400000 976.000000
10.500000 0.777230 0.512422 4.316937 1.570796 0.400000 976.000000
10.750000 0.814682 0.517241 4.585002 1.570796 0.400000 976.000000
11.000000 0.853014 0.513699 4.746789 1.570796 0.400000 976.000000
11.250000 0.892228 0.520833 4.808033 1.570796 0.400000 976.000000
11.500000 0.932324 0.520833 4.788286 1.570796 0.400000 976.000000
11.750000 0.973300 0.513699 4.675780 1.570796 0.400000 976.000000
12.000000 1.015158 0.517241 4.479886 1.570796 0.400000 976.000000
12.250000 1.057896 0.518868 4.159677 1.570796 0.400000 976.000000
12.500000 1.101516 0.500000 3.734792 1.570796 0.400000 976.000000
12.750000 1.146018 0.500000 3.105589 1.570796 0.400000 976.000000
13.000000 1.191400 0.506431 2.227679 1.570796 0.400000 976.000000
13.250000 1.237664 0.500000 0.762114 1.570796 0.400000 976.000000
13.500000 1.284809 0.466667 -0.408365 1.570796 0.400000 976.000000
13.750000 1.332835 0.533175 -1.151903 1.570796 0.400000 976.000000
14.000000 1.381742 0.527027 -1.511016 1.570796 0.400000 976.000000
14.250000 1.431531 0.621547 -1.502686 1.570796 0.400000 976.000000
14.500000 1.482201 0.571429 -1.489716 1.570796 0.400000 976.000000
14.750000 1.533752 0.512821 -1.346347 1.570796 0.400000 976.000000
15.000000 1.586184 0.808190 -1.847976 1.570796 0.400000 976.000000
15.250000 1.639497 1.000000 0.855683 4.712389 0.400000 976.000000
15.500000 1.693692 0.678571 3.488494 3.141593 0.400000 976.000000
15.750000 1.748768 0.613208 5.760033 3.141593 0.400000 976.000000
16.000000 1.804725 0.625000 7.248940 3.141593 0.400000 976.000000
16.250000 1.861563 0.544355 9.402671 3.141593 0.400000 976.000000
16.500000 1.919282 0.500000 11.587528 3.141593 0.400000 976.000000
16.750000 1.977883 0.535714 12.800275 3.141593 0.400000 976.000000
17.000000 2.037365 0.500000 13.739931 3.141593 0.400000 976.000000
17.250000 2.097728 0.500000 14.804832 3.141593 0.400000 976.000000
17.500000 2.158972 0.500000 15.692826 3.141593 0.400000 976.000000
17.750000 2.221098 0.545455 16.519404 3.141593 0.400000 976.000000
18.000000 2.284105 0.500000 17.558805 3.141593 0.400000 976.000000
18.250000 2.347993 0.535714 18.258867 3.141593 0.400000 976.000000
18.500000 2.412762 0.548780 18.999041 3.141593 0.400000 976.000000
18.750000 2.478412 0.576923 19.807071 3.141593 0.400000 976.000000
19.000000 2.544944 0.576923 20.559147 3.141593 0.400000 976.000000
