6.000000 0.253789 1.646341 -1.717969 1.570796 0.400000 449.000000
6.250000 0.275379 1.461039 -1.826154 1.570796 0.400000 449.000000
6.500000 0.297850 1.395349 -1.732759 1.570796 0.400000 449.000000
6.750000 0.321202 1.428571 -1.841191 1.570796 0.400000 449.000000
7.000000 0.345436 1.536145 -1.878547 1.570796 0.400000 449.000000
7.250000 0.370550 1.395349 -1.821250 1.570796 0.400000 449.000000
7.500000 0.396546 0.975000 -1.624313 1.570796 0.400000 449.000000
7.750000 0.423423 1.059783 -1.671719 1.570796 0.400000 449.000000
8.000000 0.451181 0.925926 -2.435319 1.570796 0.400000 449.000000
8.250000 0.479821 0.500000 -0.200130 1.570796 0.400000 449.000000
8.500000 0.509341 0.500000 1.253735 1.570796 0.400000 449.000000
8.750000 0.539743 0.500000 1.928691 1.570796 0.400000 449.000000
9.000000 0.571026 0.505319 2.310631 1.570796 0.400000 449.000000
9.250000 0.603190 0.500000 2.493252 1.570796 0.400000 449.000000
9.500000 0.636236 0.512821 2.517991 1.570796 0.400000 449.000000
9.750000 0.670163 0.508475 2.418493 1.570796 0.400000 449.000000
10.000000 0.704971 0.502577 3.305167 1.570796 0.400000 449.000000
10.250000 0.740660 0.500000 3.835987 1.570796 0.400000 449.000000
10.500000 0.777230 0.509259 4.070785 1.570796 0.400000 449.000000
10.750000 0.814682 0.500000 4.164261 1.570796 0.400000 449.000000
11.000000 0.853014 0.512422 4.122916 1.570796 0.400000 449.000000
11.250000 0.892228 0.508475 3.985103 1.570796 0.400000 449.000000
11.500000 0.932324 0.515873 3.732594 1.570796 0.400000 449.000000
11.750000 0.973300 0.500000 3.358370 1.570796 0.400000 449.000000
12.000000 1.015158 0.507968 2.800414 1.570796 0.400000 449.000000
12.250000 1.057896 0.504386 1.986679 1.570796 0.400000 449.000000
12.500000 1.101516 0.500000 0.569757 1.570796 0.400000 449.000000
12.750000 1.146018 0.538462 -0.775228 1.570796 0.400000 449.000000
13.000000 1.191400 0.544693 -1.519324 1.570796 0.400000 449.000000
13.250000 1.237664 0.823171 -1.479092 1.570796 0.400000 449.000000
13.500000 1.284809 0.580110 -1.393257 1.570796 0.400000 449.000000
13.750000 1.332835 0.652174 -1.529981 1.570796 0.400000 449.000000
14.000000 1.381742 0.681818 -1.538801 1.570796 0.400000 449.000000
14.250000 1.431531 0.870166 -1.683223 1.570796 0.400000 449.000000
14.500000 1.482201 0.647208 -1.419352 1.570796 0.400000 449.000000
14.750000 1.533752 0.714286 -1.625528 1.570796 0.400000 449.000000
15.000000 1.586184 0.736607 -1.728686 1.570796 0.400000 449.000000
15.250000 1.639497 1.000000 0.141195 4.712389 0.400000 449.000000
15.500000 1.693692 1.000000 2.577772 4.712389 0.400000 449.000000
15.750000 1.748768 0.997340 3.921717 4.712389 0.400000 449.000000
16.000000 1.804725 0.660377 5.923243 3.141593 0.400000 449.000000
16.250000 1.861563 0.500000 9.096384 3.141593 0.400000 449.000000
16.500000 1.919282 0.500000 11.044284 3.141593 0.400000 449.000000
16.750000 1.977883 0.517241 12.347888 3.141593 0.400000 449.000000
17.000000 2.037365 0.535714 13.391277 3.141593 0.400000 449.000000
17.250000 2.097728 0.528169 14.463576 3.141593 0.400000 449.000000
17.500000 2.158972 0.535714 15.410810 3.141593 0.400000 449.000000
17.750000 2.221098 0.517241 16.446687 3.141593 0.400000 449.000000
18.000000 2.284105 0.500000 17.497200 3.141593 0.400000 449.000000
18.250000 2.347993 0.535714 18.201202 3.141593 0.400000 449.000000
18.500000 2.412762 0.562500 19.010743 3.141593 0.400000 449.000000
18.750000 2.478412 0.592105 19.861198 3.141593 0.400000 449.000000
19.000000 2.544944 0.576923 20.723525 3.141593 0.400000 449.000000
