6.000000 0.253789 1.107955 -1.634672 1.570796 0.400000 151.000000
6.250000 0.275379 1.278409 -1.674565 1.570796 0.400000 151.000000
6.500000 0.297850 1.133721 -1.712138 1.570796 0.400000 151.000000
6.750000 0.321202 1.095506 -1.685367 1.570796 0.400000 151.000000
7.000000 0.345436 1.059783 -1.658803 1.570796 0.400000 151.000000
7.250000 0.370550 1.029412 -1.647229 1.570796 0.400000 151.000000
7.500000 0.396546 1.000000 -1.686268 1.570796 0.400000 151.000000
7.750000 0.423423 1.188119 -1.698270 1.570796 0.400000 151.000000
8.000000 0.451181 0.963303 -1.645031 1.570796 0.400000 151.000000
8.250000 0.479821 0.500000 0.687131 1.570796 0.400000 151.000000
8.500000 0.509341 0.500000 1.537604 1.570796 0.400000 151.000000
8.750000 0.539743 0.500000 1.996657 1.570796 0.400000 151.000000
9.000000 0.571026 0.500000 2.227501 1.570796 0.400000 151.000000
9.250000 0.603190 0.500000 2.277990 1.570796 0.400000 151.000000
9.500000 0.636236 0.504808 1.874551 1.570796 0.400000 151.000000
9.750000 0.670163 0.500000 2.634290 1.570796 0.400000 151.000000
10.000000 0.704971 0.512195 3.393593 1.570796 0.400000 151.000000
10.250000 0.740660 0.513158 3.938721 1.570796 0.400000 151.000000
10.500000 0.777230 0.500000 4.333809 1.570796 0.400000 151.000000
10.750000 0.814682 0.500000 4.602896 1.570796 0.400000 151.000000
11.000000 0.853014 0.500000 4.767705 1.570796 0.400000 151.000000
11.250000 0.892228 0.515267 4.819484 1.570796 0.400000 151.000000
11.500000 0.932324 0.515267 4.795049 1.570796 0.400000 151.000000
11.750000 0.973300 0.500000 4.700665 1.570796 0.400000 151.000000
12.000000 1.015158 0.511364 4.495423 1.570796 0.400000 151.000000
12.250000 1.057896 0.517241 4.169425 1.570796 0.400000 151.000000
12.500000 1.101516 0.512422 3.720980 1.570796 0.400000 151.000000
12.750000 1.146018 0.512195 3.100982 1.570796 0.400000 151.000000
13.000000 1.191400 0.507117 2.234280 1.570796 0.400000 151.000000
13.250000 1.237664 0.500000 0.770715 1.570796 0.400000 151.000000
13.500000 1.284809 0.510638 -0.386695 1.570796 0.400000 151.000000
13.750000 1.332835 0.464602 -1.107384 1.570796 0.400000 151.000000
14.000000 1.381742 0.535714 -1.531804 1.570796 0.400000 151.000000
14.250000 1.431531 0.509709 -1.246615 1.570796 0.400000 151.000000
14.500000 1.482201 0.428571 -1.303451 1.570796 0.400000 151.000000
14.750000 1.533752 0.559701 -1.527027 1.570796 0.400000 151.000000
15.000000 1.586184 0.530660 -1.487781 1.570796 0.400000 151.000000
15.250000 1.639497 1.000000 -0.415012 4.712389 0.400000 151.000000
15.500000 1.693692 1.000000 2.409886 4.712389 0.400000 151.000000
15.750000 1.748768 0.542169 4.807711 3.141593 0.400000 151.000000
16.000000 1.804725 0.507519 7.168058 3.141593 0.400000 151.000000
16.250000 1.861563 0.508475 8.545217 3.141593 0.400000 151.000000
16.500000 1.919282 0.519802 10.504378 3.141593 0.400000 151.000000
16.750000 1.977883 0.517241 12.472779 3.141593 0.400000 151.000000
17.000000 2.037365 0.500000 13.663976 3.141593 0.400000 151.000000
17.250000 2.097728 0.500000 14.798911 3.141593 0.400000 151.000000
17.500000 2.158972 0.500000 15.689528 3.141593 0.400000 151.000000
17.750000 2.221098 0.576923 16.684602 3.141593 0.400000 151.000000
18.000000 2.284105 0.535714 17.468826 3.141593 0.400000 151.000000
18.250000 2.347993 0.562500 18.250988 3.141593 0.400000 151.000000
18.500000 2.412762 0.592105 19.169430 3.141593 0.400000 151.000000
18.750000 2.478412 0.500000 19.947816 3.141593 0.400000 151.000000
19.000000 2.544944 0.500000 20.506710 3.141593 0.400000 151.000000
