6.000000 0.253789 1.220930 -1.657287 1.570796 0.400000 131.000000
6.250000 0.275379 1.166667 -1.672105 1.570796 0.400000 131.000000
6.500000 0.297850 1.333333 -1.702564 1.570796 0.400000 131.000000
6.750000 0.321202 1.276596 -1.713485 1.570796 0.400000 131.000000
7.000000 0.345436 1.356383 -1.749534 1.570796 0.400000 131.000000
7.250000 0.370550 1.102941 -1.688737 1.570796 0.400000 131.000000
7.500000 0.396546 1.000000 -1.720894 1.570796 0.400000 131.000000
7.750000 0.423423 1.224490 -1.823185 1.570796 0.400000 131.000000
8.000000 0.451181 1.142857 -1.578309 1.570796 0.400000 131.000000
8.250000 0.479821 0.528169 -1.406559 1.570796 0.400000 131.000000
8.500000 0.509341 0.500000 0.965448 1.570796 0.400000 131.000000
8.750000 0.539743 0.500000 1.797514 1.570796 0.400000 131.000000
9.000000 0.571026 0.500000 2.268521 1.570796 0.400000 131.000000
9.250000 0.603190 0.500000 2.533359 1.570796 0.400000 131.000000
9.500000 0.636236 0.497925 2.613901 1.570796 0.400000 131.000000
9.750000 0.670163 0.500000 2.461210 1.570796 0.400000 131.000000
10.000000 0.704971 0.517241 3.105515 1.570796 0.400000 131.000000
10.250000 0.740660 0.512048 2.889933 1.570796 0.400000 131.000000
10.500000 0.777230 0.518868 4.323267 1.570796 0.400000 131.000000
10.750000 0.814682 0.513699 4.676483 1.570796 0.400000 131.000000
11.000000 0.853014 0.519231 4.915652 1.570796 0.400000 131.000000
11.250000 0.892228 0.515267 5.044564 1.570796 0.400000 131.000000
11.500000 0.932324 0.519231 5.085576 1.570796 0.400000 131.000000
11.750000 0.973300 0.519231 5.047286 1.570796 0.400000 131.000000
12.000000 1.015158 0.500000 4.944722 1.570796 0.400000 131.000000
12.250000 1.057896 0.511364 4.732064 1.570796 0.400000 131.000000
12.500000 1.101516 0.517241 4.404301 1.570796 0.400000 131.000000
12.750000 1.146018 0.512422 3.959743 1.570796 0.400000 131.000000
13.000000 1.191400 0.510471 3.360212 1.570796 0.400000 131.000000
13.250000 1.237664 0.500000 2.535348 1.570796 0.400000 131.000000
13.500000 1.284809 0.500000 1.222936 1.570796 0.400000 131.000000
13.750000 1.332835 0.528169 -0.062772 1.570796 0.400000 131.000000
14.000000 1.381742 0.464602 -1.157576 1.570796 0.400000 131.000000
14.250000 1.431531 0.555556 -0.969969 1.570796 0.400000 131.000000
14.500000 1.482201 0.497630 -1.321250 1.570796 0.400000 131.000000
14.750000 1.533752 0.497788 -1.368966 1.570796 0.400000 131.000000
15.000000 1.586184 0.453629 -1.371745 1.570796 0.400000 131.000000
15.250000 1.639497 1.000000 -1.692755 4.712389 0.400000 131.000000
15.500000 1.693692 1.000000 2.166242 4.712389 0.400000 131.000000
15.750000 1.748768 1.000000 3.586704 4.712389 0.400000 131.000000
16.000000 1.804725 0.645695 5.856386 3.141593 0.400000 131.000000
16.250000 1.861563 0.508475 8.241677 3.141593 0.400000 131.000000
16.500000 1.919282 0.514706 10.239533 3.141593 0.400000 131.000000
16.750000 1.977883 0.500000 12.141541 3.141593 0.400000 131.000000
17.000000 2.037365 0.500000 13.131387 3.141593 0.400000 131.000000
17.250000 2.097728 0.520833 13.589641 3.141593 0.400000 131.000000
17.500000 2.158972 0.500000 14.790649 3.141593 0.400000 131.000000
17.750000 2.221098 0.500000 15.775145 3.141593 0.400000 131.000000
18.000000 2.284105 0.576923 17.076636 3.141593 0.400000 131.000000
18.250000 2.347993 0.523256 18.072568 3.141593 0.400000 131.000000
18.500000 2.412762 0.548780 18.887480 3.141593 0.400000 131.000000
18.750000 2.478412 0.576923 19.857288 3.141593 0.400000 131.000000
19.000000 2.544944 0.489130 20.797479 3.141593 0.400000 131.000000
