6.000000 0.253789 0.852273 -1.559636 1.570796 0.400000 15.000000
6.250000 0.275379 1.006098 -1.618116 1.570796 0.400000 15.000000
6.500000 0.297850 1.006098 -1.669163 1.570796 0.400000 15.000000
6.750000 0.321202 0.674157 -1.613607 1.570796 0.400000 15.000000
7.000000 0.345436 0.896739 -1.609353 1.570796 0.400000 15.000000
7.250000 0.370550 0.793269 -1.534542 1.570796 0.400000 15.000000
7.500000 0.396546 0.588235 -1.576505 1.570796 0.400000 15.000000
7.750000 0.423423 0.806452 -1.611848 1.570796 0.400000 15.000000
8.000000 0.451181 0.812500 -0.860502 1.570796 0.400000 15.000000
8.250000 0.479821 0.500000 -0.447139 1.570796 0.400000 15.000000
8.500000 0.509341 0.500000 1.178902 1.570796 0.400000 15.000000
8.750000 0.539743 0.500000 1.885601 1.570796 0.400000 15.000000
9.000000 0.571026 0.500000 2.283924 1.570796 0.400000 15.000000
9.250000 0.603190 0.500000 2.492336 1.570796 0.400000 15.000000
9.500000 0.636236 0.511364 2.521400 1.570796 0.400000 15.000000
9.750000 0.670163 0.509050 2.407401 1.570796 0.400000 15.000000
10.000000 0.704971 0.517241 2.731538 1.570796 0.400000 15.000000
10.250000 0.740660 0.502392 3.452519 1.570796 0.400000 15.000000
10.500000 0.777230 0.500000 4.298880 1.570796 0.400000 15.000000
10.750000 0.814682 0.500000 4.642721 1.570796 0.400000 15.000000
11.000000 0.853014 0.500000 4.830066 1.570796 0.400000 15.000000
11.250000 0.892228 0.520833 4.913900 1.570796 0.400000 15.000000
11.500000 0.932324 0.500000 4.959053 1.570796 0.400000 15.000000
11.750000 0.973300 0.513699 4.847568 1.570796 0.400000 15.000000
12.000000 1.015158 0.517241 4.686934 1.570796 0.400000 15.000000
12.250000 1.057896 0.512422 4.410006 1.570796 0.400000 15.000000
12.500000 1.101516 0.511364 4.024035 1.570796 0.400000 15.000000
12.750000 1.146018 0.509709 3.494772 1.570796 0.400000 15.000000
13.000000 1.191400 0.505952 2.767003 1.570796 0.400000 15.000000
13.250000 1.237664 0.500000 1.674365 1.570796 0.400000 15.000000
13.500000 1.284809 0.500000 -1.221352 1.570796 0.400000 15.000000
13.750000 1.332835 0.486486 -1.287557 1.570796 0.400000 15.000000
14.000000 1.381742 0.535714 -1.354614 1.570796 0.400000 15.000000
14.250000 1.431531 0.660920 -0.858106 1.570796 0.400000 15.000000
14.500000 1.482201 0.628079 -1.706674 1.570796 0.400000 15.000000
14.750000 1.533752 0.560748 -1.519021 1.570796 0.400000 15.000000
15.000000 1.586184 0.549569 -1.492833 1.570796 0.400000 15.000000
15.250000 1.639497 1.000000 -1.195907 4.712389 0.400000 15.000000
15.500000 1.693692 1.000000 2.245579 4.712389 0.400000 15.000000
15.750000 1.748768 0.496689 5.046173 3.141593 0.400000 15.000000
16.000000 1.804725 0.500000 7.471570 3.141593 0.400000 15.000000
16.250000 1.861563 0.500000 9.465035 3.141593 0.400000 15.000000
16.500000 1.919282 0.517241 11.087136 3.141593 0.400000 15.000000
16.750000 1.977883 0.500000 12.499947 3.141593 0.400000 15.000000
17.000000 2.037365 0.517241 13.597443 3.141593 0.400000 15.000000
17.250000 2.097728 0.523256 13.497148 3.141593 0.400000 15.000000
17.500000 2.158972 0.500000 14.796930 3.141593 0.400000 15.000000
17.750000 2.221098 0.526316 16.017462 3.141593 0.400000 15.000000
18.000000 2.284105 0.517241 17.163870 3.141593 0.400000 15.000000
18.250000 2.347993 0.555556 18.096446 3.141593 0.400000 15.000000
18.500000 2.412762 0.500000 19.135709 3.141593 0.400000 15.000000
18.750000 2.478412 0.523256 19.963662 3.141593 0.400000 15.000000
19.000000 2.544944 0.562500 20.582652 3.141593 0.400000 15.000000
