6.000000 0.253789 1.011236 -1.615605 1.570796 0.400000 57.000000
6.250000 0.275379 0.948276 -1.677058 1.570796 0.400000 57.000000
6.500000 0.297850 1.147059 -1.719101 1.570796 0.400000 57.000000
6.750000 0.321202 1.022727 -1.692084 1.570796 0.400000 57.000000
7.000000 0.345436 1.278409 -1.726891 1.570796 0.400000 57.000000
7.250000 0.370550 1.184211 -1.713789 1.570796 0.400000 57.000000
7.500000 0.396546 1.250000 -1.708994 1.570796 0.400000 57.000000
7.750000 0.423423 1.212121 -1.772920 1.570796 0.400000 57.000000
8.000000 0.451181 1.250000 -1.727604 1.570796 0.400000 57.000000
8.250000 0.479821 0.500000 0.265147 1.570796 0.400000 57.000000
8.500000 0.509341 0.500000 1.386010 1.570796 0.400000 57.000000
8.750000 0.539743 0.500000 1.958268 1.570796 0.400000 57.000000
9.000000 0.571026 0.508065 2.272695 1.570796 0.400000 57.000000
9.250000 0.603190 0.506757 2.402993 1.570796 0.400000 57.000000
9.500000 0.636236 0.498339 2.271915 1.570796 0.400000 57.000000
9.750000 0.670163 0.502092 2.393816 1.570796 0.400000 57.000000
10.000000 0.704971 0.500000 3.272465 1.570796 0.400000 57.000000
10.250000 0.740660 0.500000 3.895439 1.570796 0.400000 57.000000
10.500000 0.777230 0.515625 4.340525 1.570796 0.400000 57.000000
10.750000 0.814682 0.500000 4.679458 1.570796 0.400000 57.000000
11.000000 0.853014 0.500000 4.882266 1.570796 0.400000 57.000000
11.250000 0.892228 0.523256 4.988534 1.570796 0.400000 57.000000
11.500000 0.932324 0.500000 5.053423 1.570796 0.400000 57.000000
11.750000 0.973300 0.500000 5.012867 1.570796 0.400000 57.000000
12.000000 1.015158 0.511364 4.832847 1.570796 0.400000 57.000000
12.250000 1.057896 0.515267 4.606580 1.570796 0.400000 57.000000
12.500000 1.101516 0.517241 4.260908 1.570796 0.400000 57.000000
12.750000 1.146018 0.509259 3.788369 1.570796 0.400000 57.000000
13.000000 1.191400 0.509709 3.131609 1.570796 0.400000 57.000000
13.250000 1.237664 0.500000 2.217479 1.570796 0.400000 57.000000
13.500000 1.284809 0.500000 0.642618 1.570796 0.400000 57.000000
13.750000 1.332835 0.516055 -0.383288 1.570796 0.400000 57.000000
14.000000 1.381742 0.462085 -1.113404 1.570796 0.400000 57.000000
14.250000 1.431531 0.515021 -1.033742 1.570796 0.400000 57.000000
14.500000 1.482201 0.544041 -1.259463 1.570796 0.400000 57.000000
14.750000 1.533752 0.462085 -1.284173 1.570796 0.400000 57.000000
15.000000 1.586184 0.615942 -1.576329 1.570796 0.400000 57.000000
15.250000 1.639497 1.001484 -1.665847 4.712389 0.400000 57.000000
15.500000 1.693692 0.998201 2.217480 4.712389 0.400000 57.000000
15.750000 1.748768 0.542169 4.887584 3.141593 0.400000 57.000000
16.000000 1.804725 0.511364 7.178199 3.141593 0.400000 57.000000
16.250000 1.861563 0.512821 8.708922 3.141593 0.400000 57.000000
16.500000 1.919282 0.514706 10.603366 3.141593 0.400000 57.000000
16.750000 1.977883 0.517241 12.489933 3.141593 0.400000 57.000000
17.000000 2.037365 0.500000 13.674926 3.141593 0.400000 57.000000
17.250000 2.097728 0.500000 14.817664 3.141593 0.400000 57.000000
17.500000 2.158972 0.500000 15.712761 3.141593 0.400000 57.000000
17.750000 2.221098 0.566038 16.656402 3.141593 0.400000 57.000000
18.000000 2.284105 0.535714 17.488606 3.141593 0.400000 57.000000
18.250000 2.347993 0.562500 18.268563 3.141593 0.400000 57.000000
18.500000 2.412762 0.608108 19.185624 3.141593 0.400000 57.000000
18.750000 2.478412 0.500000 19.964356 3.141593 0.400000 57.000000
19.000000 2.544944 0.500000 20.704245 3.141593 0.400000 57.000000
