6.000000 0.253789 1.607143 -1.634438 1.570796 0.400000 525.000000
6.250000 0.275379 1.536145 -1.705790 1.570796 0.400000 525.000000
6.500000 0.297850 1.448864 -1.701911 1.570796 0.400000 525.000000
6.750000 0.321202 1.328125 -1.679847 1.570796 0.400000 525.000000
7.000000 0.345436 1.348315 -1.744805 1.570796 0.400000 525.000000
7.250000 0.370550 1.377551 -1.685077 1.570796 0.400000 525.000000
7.500000 0.396546 1.273585 -1.636176 1.570796 0.400000 525.000000
7.750000 0.423423 1.136364 -1.731212 1.570796 0.400000 525.000000
8.000000 0.451181 1.454082 -1.844274 1.570796 0.400000 525.000000
8.250000 0.479821 0.969828 -1.674518 1.570796 0.400000 525.000000
8.500000 0.509341 0.793269 -1.921027 1.570796 0.400000 525.000000
8.750000 0.539743 0.500000 0.477414 1.570796 0.400000 525.000000
9.000000 0.571026 0.500000 1.733015 1.570796 0.400000 525.000000
9.250000 0.603190 0.500000 2.077671 1.570796 0.400000 525.000000
9.500000 0.636236 0.500000 2.759259 1.570796 0.400000 525.000000
9.750000 0.670163 0.509709 3.188838 1.570796 0.400000 525.000000
10.000000 0.704971 0.514286 3.506355 1.570796 0.400000 525.000000
10.250000 0.740660 0.500000 3.728526 1.570796 0.400000 525.000000
10.500000 0.777230 0.500000 3.823182 1.570796 0.400000 525.000000
10.750000 0.814682 0.512422 3.793417 1.570796 0.400000 525.000000
11.000000 0.853014 0.515625 3.667007 1.570796 0.400000 525.000000
11.250000 0.892228 0.500000 3.419964 1.570796 0.400000 525.000000
11.500000 0.932324 0.512195 2.996998 1.570796 0.400000 525.000000
11.750000 0.973300 0.505952 2.389174 1.570796 0.400000 525.000000
12.000000 1.015158 0.500000 1.440649 1.570796 0.400000 525.000000
12.250000 1.057896 0.500000 -1.130935 1.570796 0.400000 525.000000
12.500000 1.101516 0.544693 -0.807231 1.570796 0.400000 525.000000
12.750000 1.146018 0.455801 -1.194202 1.570796 0.400000 525.000000
13.000000 1.191400 0.532544 -1.591814 1.570796 0.400000 525.000000
13.250000 1.237664 0.583333 -1.343775 1.570796 0.400000 525.000000
13.500000 1.284809 0.632530 -1.721290 1.570796 0.400000 525.000000
13.750000 1.332835 0.545455 -1.473926 1.570796 0.400000 525.000000
14.000000 1.381742 0.614035 -1.593903 1.570796 0.400000 525.000000
14.250000 1.431531 0.745614 -1.848886 1.570796 0.400000 525.000000
14.500000 1.482201 0.615385 -1.313114 1.570796 0.400000 525.000000
14.750000 1.533752 0.692308 -1.664037 1.570796 0.400000 525.000000
15.000000 1.586184 0.668317 -1.542663 1.570796 0.400000 525.000000
15.250000 1.639497 1.000000 -0.332452 4.712389 0.400000 525.000000
15.500000 1.693692 1.000000 2.443344 4.712389 0.400000 525.000000
15.750000 1.748768 0.757979 4.079564 3.141593 0.400000 525.000000
16.000000 1.804725 0.524476 6.546460 3.141593 0.400000 525.000000
16.250000 1.861563 0.512821 8.402598 3.141593 0.400000 525.000000
16.500000 1.919282 0.500000 9.284597 3.141593 0.400000 525.000000
16.750000 1.977883 0.500000 11.916111 3.141593 0.400000 525.000000
17.000000 2.037365 0.500000 13.347006 3.141593 0.400000 525.000000
17.250000 2.097728 0.559701 14.349933 3.141593 0.400000 525.000000
17.500000 2.158972 0.500000 15.332064 3.141593 0.400000 525.000000
17.750000 2.221098 0.500000 16.308202 3.141593 0.400000 525.000000
18.000000 2.284105 0.555556 17.224677 3.141593 0.400000 525.000000
18.250000 2.347993 0.523256 18.231531 3.141593 0.400000 525.000000
18.500000 2.412762 0.548780 18.955574 3.141593 0.400000 525.000000
18.750000 2.478412 0.576923 19.854741 3.141593 0.400000 525.000000
19.000000 2.544944 0.588235 20.817317 3.141593 0.400000 525.000000
