6.000000 0.253789 1.371951 -1.707668 1.570796 0.400000 496.000000
6.250000 0.275379 1.428571 -1.747166 1.570796 0.400000 496.000000
6.500000 0.297850 1.411765 -1.801978 1.570796 0.400000 496.000000
6.750000 0.321202 1.278409 -1.712844 1.570796 0.400000 496.000000
7.000000 0.345436 1.463415 -1.832648 1.570796 0.400000 496.000000
7.250000 0.370550 1.290323 -1.696553 1.570796 0.400000 496.000000
7.500000 0.396546 0.756881 -1.602855 1.570796 0.400000 496.000000
7.750000 0.423423 1.148649 -1.214415 1.570796 0.400000 496.000000
8.000000 0.451181 0.508475 -1.468155 1.570796 0.400000 496.000000
8.250000 0.479821 0.500000 0.764679 1.570796 0.400000 496.000000
8.500000 0.509341 0.500000 1.579074 1.570796 0.400000 496.000000
8.750000 0.539743 0.500000 2.020576 1.570796 0.400000 496.000000
9.000000 0.571026 0.500000 2.233327 1.570796 0.400000 496.000000
9.250000 0.603190 0.500000 2.274198 1.570796 0.400000 496.000000
9.500000 0.636236 0.500000 2.167343 1.570796 0.400000 496.000000
9.750000 0.670163 0.502232 2.918316 1.570796 0.400000 496.000000
10.000000 0.704971 0.500000 3.416421 1.570796 0.400000 496.000000
10.250000 0.740660 0.500000 3.594693 1.570796 0.400000 496.000000
10.500000 0.777230 0.510471 3.588673 1.570796 0.400000 496.000000
10.750000 0.814682 0.510471 3.471714 1.570796 0.400000 496.000000
11.000000 0.853014 0.500000 3.226559 1.570796 0.400000 496.000000
11.250000 0.892228 0.507968 2.810189 1.570796 0.400000 496.000000
11.500000 0.932324 0.500000 2.204870 1.570796 0.400000 496.000000
11.750000 0.973300 0.500000 1.229445 1.570796 0.400000 496.000000
12.000000 1.015158 0.497449 -1.402702 1.570796 0.400000 496.000000
12.250000 1.057896 0.731707 -1.376562 1.570796 0.400000 496.000000
12.500000 1.101516 0.603448 -1.520130 1.570796 0.400000 496.000000
12.750000 1.146018 0.865385 -1.603504 1.570796 0.400000 496.000000
13.000000 1.191400 0.710059 -1.472743 1.570796 0.400000 496.000000
13.250000 1.237664 0.731707 -1.572586 1.570796 0.400000 496.000000
13.500000 1.284809 0.762712 -1.511047 1.570796 0.400000 496.000000
13.750000 1.332835 0.655738 -1.599713 1.570796 0.400000 496.000000
14.000000 1.381742 0.666667 -1.506172 1.570796 0.400000 496.000000
14.250000 1.431531 0.492958 -1.335340 1.570796 0.400000 496.000000
14.500000 1.482201 0.833333 -1.763396 1.570796 0.400000 496.000000
14.750000 1.533752 0.724638 -1.407738 1.570796 0.400000 496.000000
15.000000 1.586184 0.853081 -1.670143 1.570796 0.400000 496.000000
15.250000 1.639497 1.000000 0.520446 4.712389 0.400000 496.000000
15.500000 1.693692 0.996979 2.174370 4.712389 0.400000 496.000000
15.750000 1.748768 0.791667 4.176715 3.141593 0.400000 496.000000
16.000000 1.804725 0.551471 5.828539 3.141593 0.400000 496.000000
16.250000 1.861563 0.500000 8.127019 3.141593 0.400000 496.000000
16.500000 1.919282 0.504808 10.588792 3.141593 0.400000 496.000000
16.750000 1.977883 0.500000 12.389687 3.141593 0.400000 496.000000
17.000000 2.037365 0.513699 13.725689 3.141593 0.400000 496.000000
17.250000 2.097728 0.520833 14.757379 3.141593 0.400000 496.000000
17.500000 2.158972 0.517241 15.775970 3.141593 0.400000 496.000000
17.750000 2.221098 0.500000 16.582158 3.141593 0.400000 496.000000
18.000000 2.284105 0.566038 17.485276 3.141593 0.400000 496.000000
18.250000 2.347993 0.523256 18.424886 3.141593 0.400000 496.000000
18.500000 2.412762 0.562500 19.048353 3.141593 0.400000 496.000000
18.750000 2.478412 0.576923 19.845363 3.141593 0.400000 496.000000
19.000000 2.544944 0.592105 20.570058 3.141593 0.400000 496.000000
