6.000000 0.253789 0.888158 -1.786214 1.570796 0.400000 929.000000
6.250000 0.275379 0.926966 -1.716069 1.570796 0.400000 929.000000
6.500000 0.297850 0.961538 -1.775141 1.570796 0.400000 929.000000
6.750000 0.321202 1.147059 -1.871033 1.570796 0.400000 929.000000
7.000000 0.345436 1.058824 -1.563578 1.570796 0.400000 929.000000
7.250000 0.370550 0.542169 -2.079544 1.570796 0.400000 929.000000
7.500000 0.396546 0.500000 -0.198446 1.570796 0.400000 929.000000
7.750000 0.423423 0.500000 0.847319 1.570796 0.400000 929.000000
8.000000 0.451181 1.328125 -2.038534 4.712389 0.400000 929.000000
8.250000 0.479821 0.500000 1.411628 1.570796 0.400000 929.000000
8.500000 0.509341 0.500000 1.309347 1.570796 0.400000 929.000000
8.750000 0.539743 0.500000 0.930098 1.570796 0.400000 929.000000
9.000000 0.571026 0.500000 0.037100 1.570796 0.400000 929.000000
9.250000 0.603190 0.500000 -0.643321 1.570796 0.400000 929.000000
9.500000 0.636236 0.500000 1.721074 1.570796 0.400000 929.000000
9.750000 0.670163 0.500000 2.751600 1.570796 0.400000 929.000000
10.000000 0.704971 0.508475 3.444169 1.570796 0.400000 929.000000
10.250000 0.740660 0.510471 3.933495 1.570796 0.400000 929.000000
10.500000 0.777230 0.509259 4.282177 1.570796 0.400000 929.000000
10.750000 0.814682 0.500000 4.523074 1.570796 0.400000 929.000000
11.000000 0.853014 0.520833 4.636094 1.570796 0.400000 929.000000
11.250000 0.892228 0.500000 4.675115 1.570796 0.400000 929.000000
11.500000 0.932324 0.517241 4.601149 1.570796 0.400000 929.000000
11.750000 0.973300 0.500000 4.467749 1.570796 0.400000 929.000000
12.000000 1.015158 0.515625 4.184142 1.570796 0.400000 929.000000
12.250000 1.057896 0.511364 3.797826 1.570796 0.400000 929.000000
12.500000 1.101516 0.507246 3.263277 1.570796 0.400000 929.000000
12.750000 1.146018 0.507117 2.501192 1.570796 0.400000 929.000000
13.000000 1.191400 0.500000 1.332152 1.570796 0.400000 929.000000
13.250000 1.237664 0.497238 -2.211638 1.570796 0.400000 929.000000
13.500000 1.284809 0.600000 -1.470436 1.570796 0.400000 929.000000
13.750000 1.332835 0.453297 -1.439403 1.570796 0.400000 929.000000
14.000000 1.381742 0.489130 -1.308232 1.570796 0.400000 929.000000
14.250000 1.431531 0.547753 -1.550613 1.570796 0.400000 929.000000
14.500000 1.482201 0.576923 -1.615503 1.570796 0.400000 929.000000
14.750000 1.533752 0.616438 -1.425199 1.570796 0.400000 929.000000
15.000000 1.586184 0.500000 -1.083401 3.141593 0.400000 929.000000
15.250000 1.639497 0.533333 3.556718 3.141593 0.400000 929.000000
15.500000 1.693692 0.745856 4.577101 3.141593 0.400000 929.000000
15.750000 1.748768 0.555556 7.509837 3.141593 0.400000 929.000000
16.000000 1.804725 0.500000 9.472700 3.141593 0.400000 929.000000
16.250000 1.861563 0.519802 11.033154 3.141593 0.400000 929.000000
16.500000 1.919282 0.529412 12.301877 3.141593 0.400000 929.000000
16.750000 1.977883 0.517241 13.272908 3.141593 0.400000 929.000000
17.000000 2.037365 0.500000 13.621593 3.141593 0.400000 929.000000
17.250000 2.097728 0.500000 14.081875 3.141593 0.400000 929.000000
17.500000 2.158972 0.526316 15.075627 3.141593 0.400000 929.000000
17.750000 2.221098 0.500000 16.123492 3.141593 0.400000 929.000000
18.000000 2.284105 0.576923 17.284368 3.141593 0.400000 929.000000
18.250000 2.347993 0.500000 18.292183 3.141593 0.400000 929.000000
18.500000 2.412762 0.535714 19.058808 3.141593 0.400000 929.000000
18.750000 2.478412 0.562500 19.882761 3.141593 0.400000 929.000000
19.000000 2.544944 0.592105 20.691880 3.141593 0.400000 929.000000
