6.000000 0.253789 6.000000 0.253789 1.265060 -1.715963 1.570796 0.400000 564.000000
6.250000 0.275379 6.250000 0.275379 1.234177 -1.698184 1.570796 0.400000 564.000000
6.500000 0.297850 6.500000 0.297850 1.000000 -1.725092 1.570796 0.400000 564.000000
6.750000 0.321202 6.750000 0.321202 1.034483 -1.690409 1.570796 0.400000 564.000000
7.000000 0.345436 7.000000 0.345436 1.250000 -1.741113 1.570796 0.400000 564.000000
7.250000 0.370550 7.250000 0.370550 1.019417 -1.620602 1.570796 0.400000 564.000000
7.500000 0.396546 1.125000 -1.743906 1.570796 0.400000 564.000000
7.500000 0.396546 1.125000 -1.743906 1.570796 0.400000 564.000000
7.750000 0.423423 0.800971 -1.654405 1.570796 0.400000 564.000000
7.750000 0.423423 0.800971 -1.654405 1.570796 0.400000 564.000000
8.000000 0.451181 1.148649 -1.222774 1.570796 0.400000 564.000000
8.000000 0.451181 1.148649 -1.222774 1.570796 0.400000 564.000000
8.250000 0.479821 0.519231 -1.914172 1.570796 0.400000 564.000000
8.250000 0.479821 0.519231 -1.914172 1.570796 0.400000 564.000000
8.500000 0.509341 8.500000 0.509341 0.500000 0.831018 1.570796 0.400000 564.000000
8.750000 0.539743 8.750000 0.539743 0.506135 1.746810 1.570796 0.400000 564.000000
9.000000 0.571026 9.000000 0.571026 0.500000 2.219375 1.570796 0.400000 564.000000
9.250000 0.603190 9.250000 0.603190 0.510638 2.564616 1.570796 0.400000 564.000000
9.500000 0.636236 9.500000 0.636236 0.506757 2.701031 1.570796 0.400000 564.000000
9.750000 0.670163 9.750000 0.670163 0.507246 2.685504 1.570796 0.400000 564.000000
10.000000 0.704971 10.000000 0.704971 0.509050 2.583428 1.570796 0.400000 564.000000
10.250000 0.740660 10.250000 0.740660 0.502232 2.835673 1.570796 0.400000 564.000000
10.500000 0.777230 10.500000 0.777230 0.502232 3.261297 1.570796 0.400000 564.000000
10.750000 0.814682 10.750000 0.814682 0.509050 3.337027 1.570796 0.400000 564.000000
11.000000 0.853014 11.000000 0.853014 0.502092 3.079448 1.570796 0.400000 564.000000
11.250000 0.892228 11.250000 0.892228 0.507117 2.621369 1.570796 0.400000 564.000000
11.500000 0.932324 11.500000 0.932324 0.500000 1.934232 1.570796 0.400000 564.000000
11.750000 0.973300 11.750000 0.973300 0.500000 0.757883 1.570796 0.400000 564.000000
12.000000 1.015158 0.625000 -1.412613 1.570796 0.400000 564.000000
12.000000 1.015158 0.625000 -1.412613 1.570796 0.400000 564.000000
12.250000 1.057896 0.677419 -1.678521 1.570796 0.400000 564.000000
12.250000 1.057896 0.677419 -1.678521 1.570796 0.400000 564.000000
12.500000 1.101516 0.590909 -1.478479 1.570796 0.400000 564.000000
12.500000 1.101516 0.590909 -1.478479 1.570796 0.400000 564.000000
12.750000 1.146018 0.703125 -1.604230 1.570796 0.400000 564.000000
12.750000 1.146018 0.703125 -1.604230 1.570796 0.400000 564.000000
13.000000 1.191400 0.570175 -1.496365 1.570796 0.400000 564.000000
13.000000 1.191400 0.570175 -1.496365 1.570796 0.400000 564.000000
13.250000 1.237664 0.580357 -1.612303 1.570796 0.400000 564.000000
13.250000 1.237664 0.580357 -1.612303 1.570796 0.400000 564.000000
13.500000 1.284809 0.670391 -1.595709 1.570796 0.400000 564.000000
13.500000 1.284809 0.670391 -1.595709 1.570796 0.400000 564.000000
13.750000 1.332835 0.659341 -1.522900 1.570796 0.400000 564.000000
13.750000 1.332835 0.659341 -1.522900 1.570796 0.400000 564.000000
14.000000 1.381742 0.567568 -1.406341 1.570796 0.400000 564.000000
14.000000 1.381742 0.567568 -1.406341 1.570796 0.400000 564.000000
14.250000 1.431531 0.519802 -1.403091 1.570796 0.400000 564.000000
14.250000 1.431531 0.519802 -1.403091 1.570796 0.400000 564.000000
14.500000 1.482201 0.621547 -1.554024 1.570796 0.400000 564.000000
14.500000 1.482201 0.621547 -1.554024 1.570796 0.400000 564.000000
14.750000 1.533752 0.715909 -1.450963 1.570796 0.400000 564.000000
14.750000 1.533752 0.715909 -1.450963 1.570796 0.400000 564.000000
15.000000 1.586184 0.669643 -1.417936 1.570796 0.400000 564.000000
15.000000 1.586184 0.669643 -1.417936 1.570796 0.400000 564.000000
15.250000 1.639497 0.500000 3.612108 3.141593 0.400000 564.000000
15.250000 1.639497 0.500000 3.612108 3.141593 0.400000 564.000000
15.500000 1.693692 0.496988 5.897059 3.141593 0.400000 564.000000
15.500000 1.693692 0.496988 5.897059 3.141593 0.400000 564.000000
15.750000 1.748768 0.695364 6.149428 3.141593 0.400000 564.000000
15.750000 1.748768 0.695364 6.149428 3.141593 0.400000 564.000000
16.000000 1.804725 0.738636 7.418579 3.141593 0.400000 564.000000
16.000000 1.804725 0.738636 7.418579 3.141593 0.400000 564.000000
16.250000 1.861563 0.566038 9.725154 3.141593 0.400000 564.000000
16.250000 1.861563 0.566038 9.725154 3.141593 0.400000 564.000000
16.500000 1.919282 0.517241 11.641562 3.141593 0.400000 564.000000
16.500000 1.919282 0.517241 11.641562 3.141593 0.400000 564.000000
16.750000 1.977883 0.529412 13.179476 3.141593 0.400000 564.000000
16.750000 1.977883 0.529412 13.179476 3.141593 0.400000 564.000000
17.000000 2.037365 0.528169 14.182606 3.141593 0.400000 564.000000
17.000000 2.037365 0.528169 14.182606 3.141593 0.400000 564.000000
17.250000 2.097728 0.520833 14.884944 3.141593 0.400000 564.000000
17.250000 2.097728 0.520833 14.884944 3.141593 0.400000 564.000000
17.500000 2.158972 0.500000 15.515390 3.141593 0.400000 564.000000
17.500000 2.158972 0.500000 15.515390 3.141593 0.400000 564.000000
17.750000 2.221098 0.500000 16.168823 3.141593 0.400000 564.000000
17.750000 2.221098 0.500000 16.168823 3.141593 0.400000 564.000000
18.000000 2.284105 0.555556 17.105236 3.141593 0.400000 564.000000
18.000000 2.284105 0.555556 17.105236 3.141593 0.400000 564.000000
18.250000 2.347993 0.523256 18.115430 3.141593 0.400000 564.000000
18.250000 2.347993 0.523256 18.115430 3.141593 0.400000 564.000000
18.500000 2.412762 0.548780 18.879189 3.141593 0.400000 564.000000
18.500000 2.412762 0.548780 18.879189 3.141593 0.400000 564.000000
18.750000 2.478412 0.576923 19.825256 3.141593 0.400000 564.000000
18.750000 2.478412 0.576923 19.825256 3.141593 0.400000 564.000000
19.000000 2.544944 0.588235 20.825921 3.141593 0.400000 564.000000
19.000000 2.544944 0.588235 20.825921 3.141593 0.400000 564.000000
