6.000000 0.253789 1.500000 -1.702983 1.570796 0.400000 277.000000
6.250000 0.275379 1.346154 -1.731693 1.570796 0.400000 277.000000
6.500000 0.297850 1.166667 -1.719453 1.570796 0.400000 277.000000
6.750000 0.321202 1.482558 -1.710393 1.570796 0.400000 277.000000
7.000000 0.345436 1.363636 -1.769053 1.570796 0.400000 277.000000
7.250000 0.370550 1.125000 -1.676629 1.570796 0.400000 277.000000
7.500000 0.396546 1.200000 -1.778183 1.570796 0.400000 277.000000
7.750000 0.423423 0.668317 -1.679448 1.570796 0.400000 277.000000
8.000000 0.451181 1.113861 -1.380663 1.570796 0.400000 277.000000
8.250000 0.479821 0.535714 -2.204741 1.570796 0.400000 277.000000
8.500000 0.509341 0.500000 0.655456 1.570796 0.400000 277.000000
8.750000 0.539743 0.500000 1.674196 1.570796 0.400000 277.000000
9.000000 0.571026 0.508065 2.091723 1.570796 0.400000 277.000000
9.250000 0.603190 0.500000 2.566564 1.570796 0.400000 277.000000
9.500000 0.636236 0.500000 2.739211 1.570796 0.400000 277.000000
9.750000 0.670163 0.512195 2.877471 1.570796 0.400000 277.000000
10.000000 0.704971 0.500000 3.073827 1.570796 0.400000 277.000000
10.250000 0.740660 0.515873 3.229576 1.570796 0.400000 277.000000
10.500000 0.777230 0.507812 3.233545 1.570796 0.400000 277.000000
10.750000 0.814682 0.509709 3.065608 1.570796 0.400000 277.000000
11.000000 0.853014 0.508475 2.697939 1.570796 0.400000 277.000000
11.250000 0.892228 0.504808 2.102795 1.570796 0.400000 277.000000
11.500000 0.932324 0.500000 1.136589 1.570796 0.400000 277.000000
11.750000 0.973300 0.497238 -1.474117 1.570796 0.400000 277.000000
12.000000 1.015158 0.555556 -1.154281 1.570796 0.400000 277.000000
12.250000 1.057896 0.545455 -1.336455 1.570796 0.400000 277.000000
12.500000 1.101516 0.590909 -1.391792 1.570796 0.400000 277.000000
12.750000 1.146018 0.674157 -1.290072 1.570796 0.400000 277.000000
13.000000 1.191400 0.535714 -1.454847 1.570796 0.400000 277.000000
13.250000 1.237664 0.628492 -1.598688 1.570796 0.400000 277.000000
13.500000 1.284809 0.586592 -1.513313 1.570796 0.400000 277.000000
13.750000 1.332835 0.621547 -1.609149 1.570796 0.400000 277.000000
14.000000 1.381742 0.464286 -1.246177 1.570796 0.400000 277.000000
14.250000 1.431531 0.535714 -1.414179 1.570796 0.400000 277.000000
14.500000 1.482201 0.609137 -1.297372 1.570796 0.400000 277.000000
14.750000 1.533752 0.628079 -1.528119 1.570796 0.400000 277.000000
15.000000 1.586184 0.725806 -1.814220 1.570796 0.400000 277.000000
15.250000 1.639497 1.000000 1.822816 4.712389 0.400000 277.000000
15.500000 1.693692 0.497449 4.521734 3.141593 0.400000 277.000000
15.750000 1.748768 0.520833 6.403716 3.141593 0.400000 277.000000
16.000000 1.804725 0.557851 7.931436 3.141593 0.400000 277.000000
16.250000 1.861563 0.521739 9.380496 3.141593 0.400000 277.000000
16.500000 1.919282 0.495283 9.976749 3.141593 0.400000 277.000000
16.750000 1.977883 0.500000 11.866300 3.141593 0.400000 277.000000
17.000000 2.037365 0.500000 13.497182 3.141593 0.400000 277.000000
17.250000 2.097728 0.513699 14.624129 3.141593 0.400000 277.000000
17.500000 2.158972 0.500000 15.639393 3.141593 0.400000 277.000000
17.750000 2.221098 0.500000 16.431349 3.141593 0.400000 277.000000
18.000000 2.284105 0.555556 17.264314 3.141593 0.400000 277.000000
18.250000 2.347993 0.500000 18.227612 3.141593 0.400000 277.000000
18.500000 2.412762 0.548780 18.857016 3.141593 0.400000 277.000000
18.750000 2.478412 0.562500 19.521210 3.141593 0.400000 277.000000
19.000000 2.544944 0.562500 20.223187 3.141593 0.400000 277.000000
