6.000000 0.253789 1.534091 -1.644395 1.570796 0.400000 886.000000
6.250000 0.275379 1.348315 -1.664404 1.570796 0.400000 886.000000
6.500000 0.297850 1.500000 -1.716827 1.570796 0.400000 886.000000
6.750000 0.321202 1.465517 -1.753938 1.570796 0.400000 886.000000
7.000000 0.345436 1.637931 -1.695943 1.570796 0.400000 886.000000
7.250000 0.370550 1.383495 -1.603898 1.570796 0.400000 886.000000
7.500000 0.396546 0.511364 -1.129165 1.570796 0.400000 886.000000
7.750000 0.423423 0.500000 0.630521 1.570796 0.400000 886.000000
8.000000 0.451181 0.500000 1.227389 1.570796 0.400000 886.000000
8.250000 0.479821 0.500000 1.484123 1.570796 0.400000 886.000000
8.500000 0.509341 0.500000 1.503786 1.570796 0.400000 886.000000
8.750000 0.539743 0.500000 1.284181 1.570796 0.400000 886.000000
9.000000 0.571026 0.500000 0.752731 1.570796 0.400000 886.000000
9.250000 0.603190 0.505319 -0.735998 1.570796 0.400000 886.000000
9.500000 0.636236 0.500000 1.728216 1.570796 0.400000 886.000000
9.750000 0.670163 0.510638 2.759462 1.570796 0.400000 886.000000
10.000000 0.704971 0.510638 3.447343 1.570796 0.400000 886.000000
10.250000 0.740660 0.500000 3.941376 1.570796 0.400000 886.000000
10.500000 0.777230 0.515625 4.278156 1.570796 0.400000 886.000000
10.750000 0.814682 0.500000 4.519655 1.570796 0.400000 886.000000
11.000000 0.853014 0.520833 4.627227 1.570796 0.400000 886.000000
11.250000 0.892228 0.500000 4.682394 1.570796 0.400000 886.000000
11.500000 0.932324 0.500000 4.629709 1.570796 0.400000 886.000000
11.750000 0.973300 0.500000 4.446609 1.570796 0.400000 886.000000
12.000000 1.015158 0.500000 4.208286 1.570796 0.400000 886.000000
12.250000 1.057896 0.500000 3.817748 1.570796 0.400000 886.000000
12.500000 1.101516 0.500000 3.271081 1.570796 0.400000 886.000000
12.750000 1.146018 0.505952 2.503658 1.570796 0.400000 886.000000
13.000000 1.191400 0.500000 1.329640 1.570796 0.400000 886.000000
13.250000 1.237664 0.497238 -2.471992 1.570796 0.400000 886.000000
13.500000 1.284809 0.562500 -1.197429 1.570796 0.400000 886.000000
13.750000 1.332835 0.576923 -1.349017 1.570796 0.400000 886.000000
14.000000 1.381742 0.525000 -1.244342 1.570796 0.400000 886.000000
14.250000 1.431531 0.576923 -1.602885 1.570796 0.400000 886.000000
14.500000 1.482201 0.520408 -1.025003 1.570796 0.400000 886.000000
14.750000 1.533752 0.672646 -1.336761 1.570796 0.400000 886.000000
15.000000 1.586184 0.500000 -0.436949 3.141593 0.400000 886.000000
15.250000 1.639497 0.500000 4.034448 3.141593 0.400000 886.000000
15.500000 1.693692 0.496324 6.127888 3.141593 0.400000 886.000000
15.750000 1.748768 0.500000 7.864450 3.141593 0.400000 886.000000
16.000000 1.804725 0.500000 9.518699 3.141593 0.400000 886.000000
16.250000 1.861563 0.495283 10.618960 3.141593 0.400000 886.000000
16.500000 1.919282 0.509709 11.294133 3.141593 0.400000 886.000000
16.750000 1.977883 0.500000 11.894299 3.141593 0.400000 886.000000
17.000000 2.037365 0.530303 13.009770 3.141593 0.400000 886.000000
17.250000 2.097728 0.520833 13.889481 3.141593 0.400000 886.000000
17.500000 2.158972 0.500000 15.120988 3.141593 0.400000 886.000000
17.750000 2.221098 0.500000 16.039329 3.141593 0.400000 886.000000
18.000000 2.284105 0.545455 17.098106 3.141593 0.400000 886.000000
18.250000 2.347993 0.500000 18.231402 3.141593 0.400000 886.000000
18.500000 2.412762 0.535714 19.014338 3.141593 0.400000 886.000000
18.750000 2.478412 0.548780 19.841411 3.141593 0.400000 886.000000
19.000000 2.544944 0.592105 20.713636 3.141593 0.400000 886.000000
