6.000000 0.253789 0.993976 -1.650873 1.570796 0.400000 480.000000
6.250000 0.275379 1.018519 -1.739539 1.570796 0.400000 480.000000
6.500000 0.297850 0.926966 -1.686312 1.570796 0.400000 480.000000
6.750000 0.321202 0.970588 -1.727670 1.570796 0.400000 480.000000
7.000000 0.345436 1.111111 -1.895790 1.570796 0.400000 480.000000
7.250000 0.370550 0.967742 -1.681531 1.570796 0.400000 480.000000
7.500000 0.396546 0.894495 -1.500212 1.570796 0.400000 480.000000
7.750000 0.423423 0.800971 -1.594116 1.570796 0.400000 480.000000
8.000000 0.451181 0.887097 -1.708361 1.570796 0.400000 480.000000
8.250000 0.479821 0.761719 -0.927951 1.570796 0.400000 480.000000
8.500000 0.509341 0.500000 -0.534275 1.570796 0.400000 480.000000
8.750000 0.539743 0.500000 1.304952 1.570796 0.400000 480.000000
9.000000 0.571026 0.500000 2.093995 1.570796 0.400000 480.000000
9.250000 0.603190 0.510753 2.551861 1.570796 0.400000 480.000000
9.500000 0.636236 0.509050 2.846888 1.570796 0.400000 480.000000
9.750000 0.670163 0.507812 2.980783 1.570796 0.400000 480.000000
10.000000 0.704971 0.500000 2.979141 1.570796 0.400000 480.000000
10.250000 0.740660 0.513158 3.010913 1.570796 0.400000 480.000000
10.500000 0.777230 0.500000 3.346719 1.570796 0.400000 480.000000
10.750000 0.814682 0.515873 3.735542 1.570796 0.400000 480.000000
11.000000 0.853014 0.510471 3.938309 1.570796 0.400000 480.000000
11.250000 0.892228 0.507812 3.875063 1.570796 0.400000 480.000000
11.500000 0.932324 0.509709 3.601374 1.570796 0.400000 480.000000
11.750000 0.973300 0.508475 3.177788 1.570796 0.400000 480.000000
12.000000 1.015158 0.506757 2.565986 1.570796 0.400000 480.000000
12.250000 1.057896 0.500000 1.633165 1.570796 0.400000 480.000000
12.500000 1.101516 0.500000 -0.414144 1.570796 0.400000 480.000000
12.750000 1.146018 0.545455 -1.313775 1.570796 0.400000 480.000000
13.000000 1.191400 0.583832 -1.585818 1.570796 0.400000 480.000000
13.250000 1.237664 0.580645 -1.637126 1.570796 0.400000 480.000000
13.500000 1.284809 0.482456 -1.618772 1.570796 0.400000 480.000000
13.750000 1.332835 0.535714 -1.358100 1.570796 0.400000 480.000000
14.000000 1.381742 0.523256 -1.746667 1.570796 0.400000 480.000000
14.250000 1.431531 0.617647 -0.981906 1.570796 0.400000 480.000000
14.500000 1.482201 0.519481 -1.381933 1.570796 0.400000 480.000000
14.750000 1.533752 0.502577 -1.418512 1.570796 0.400000 480.000000
15.000000 1.586184 0.587558 -1.512985 1.570796 0.400000 480.000000
15.250000 1.639497 0.816532 -1.811814 4.712389 0.400000 480.000000
15.500000 1.693692 0.500000 2.998818 3.141593 0.400000 480.000000
15.750000 1.748768 0.496324 5.791883 3.141593 0.400000 480.000000
16.000000 1.804725 0.500000 7.813090 3.141593 0.400000 480.000000
16.250000 1.861563 0.514706 9.636317 3.141593 0.400000 480.000000
16.500000 1.919282 0.523256 11.120973 3.141593 0.400000 480.000000
16.750000 1.977883 0.500000 12.537128 3.141593 0.400000 480.000000
17.000000 2.037365 0.541237 13.770631 3.141593 0.400000 480.000000
17.250000 2.097728 0.500000 14.934724 3.141593 0.400000 480.000000
17.500000 2.158972 0.528169 15.835878 3.141593 0.400000 480.000000
17.750000 2.221098 0.545455 16.666506 3.141593 0.400000 480.000000
18.000000 2.284105 0.526316 17.514120 3.141593 0.400000 480.000000
18.250000 2.347993 0.500000 18.524330 3.141593 0.400000 480.000000
18.500000 2.412762 0.500000 19.284447 3.141593 0.400000 480.000000
18.750000 2.478412 0.548780 19.858319 3.141593 0.400000 480.000000
19.000000 2.544944 0.562500 20.470266 3.141593 0.400000 480.000000
