6.000000 0.253789 0.842697 -1.593447 1.570796 0.400000 155.000000
6.250000 0.275379 0.823171 -1.628337 1.570796 0.400000 155.000000
6.500000 0.297850 0.926966 -1.620905 1.570796 0.400000 155.000000
6.750000 0.321202 0.784884 -1.615310 1.570796 0.400000 155.000000
7.000000 0.345436 1.071429 -1.690289 1.570796 0.400000 155.000000
7.250000 0.370550 0.891089 -1.524605 1.570796 0.400000 155.000000
7.500000 0.396546 0.919811 -1.607228 1.570796 0.400000 155.000000
7.750000 0.423423 0.906593 -1.859532 1.570796 0.400000 155.000000
8.000000 0.451181 0.963303 -1.118593 1.570796 0.400000 155.000000
8.250000 0.479821 0.507519 -1.662092 1.570796 0.400000 155.000000
8.500000 0.509341 0.500000 0.913158 1.570796 0.400000 155.000000
8.750000 0.539743 0.506135 1.775875 1.570796 0.400000 155.000000
9.000000 0.571026 0.506431 2.265318 1.570796 0.400000 155.000000
9.250000 0.603190 0.510638 2.543676 1.570796 0.400000 155.000000
9.500000 0.636236 0.504484 2.651370 1.570796 0.400000 155.000000
9.750000 0.670163 0.500000 2.590042 1.570796 0.400000 155.000000
10.000000 0.704971 0.502232 2.644447 1.570796 0.400000 155.000000
10.250000 0.740660 0.514113 2.479399 1.570796 0.400000 155.000000
10.500000 0.777230 0.508475 4.203529 1.570796 0.400000 155.000000
10.750000 0.814682 0.500000 4.699549 1.570796 0.400000 155.000000
11.000000 0.853014 0.517241 4.965677 1.570796 0.400000 155.000000
11.250000 0.892228 0.519231 5.146868 1.570796 0.400000 155.000000
11.500000 0.932324 0.500000 5.245909 1.570796 0.400000 155.000000
11.750000 0.973300 0.523256 5.233227 1.570796 0.400000 155.000000
12.000000 1.015158 0.515267 5.149869 1.570796 0.400000 155.000000
12.250000 1.057896 0.520833 4.961082 1.570796 0.400000 155.000000
12.500000 1.101516 0.517241 4.711880 1.570796 0.400000 155.000000
12.750000 1.146018 0.515625 4.337550 1.570796 0.400000 155.000000
13.000000 1.191400 0.513158 3.818964 1.570796 0.400000 155.000000
13.250000 1.237664 0.506757 3.148180 1.570796 0.400000 155.000000
13.500000 1.284809 0.506135 2.172184 1.570796 0.400000 155.000000
13.750000 1.332835 0.500000 0.454994 1.570796 0.400000 155.000000
14.000000 1.381742 0.475113 -1.006805 1.570796 0.400000 155.000000
14.250000 1.431531 0.605769 -0.958429 1.570796 0.400000 155.000000
14.500000 1.482201 0.603448 -1.156501 1.570796 0.400000 155.000000
14.750000 1.533752 0.497925 -1.216265 1.570796 0.400000 155.000000
15.000000 1.586184 0.595238 -1.358142 1.570796 0.400000 155.000000
15.250000 1.639497 1.000000 -1.322567 4.712389 0.400000 155.000000
15.500000 1.693692 1.000000 2.281099 4.712389 0.400000 155.000000
15.750000 1.748768 0.598404 3.915868 3.141593 0.400000 155.000000
16.000000 1.804725 0.500000 6.696738 3.141593 0.400000 155.000000
16.250000 1.861563 0.514706 8.915856 3.141593 0.400000 155.000000
16.500000 1.919282 0.500000 10.675585 3.141593 0.400000 155.000000
16.750000 1.977883 0.500000 12.150490 3.141593 0.400000 155.000000
17.000000 2.037365 0.517241 13.402187 3.141593 0.400000 155.000000
17.250000 2.097728 0.517241 13.879261 3.141593 0.400000 155.000000
17.500000 2.158972 0.535714 14.879690 3.141593 0.400000 155.000000
17.750000 2.221098 0.500000 16.272410 3.141593 0.400000 155.000000
18.000000 2.284105 0.500000 17.240708 3.141593 0.400000 155.000000
18.250000 2.347993 0.535714 18.188107 3.141593 0.400000 155.000000
18.500000 2.412762 0.576923 19.143049 3.141593 0.400000 155.000000
18.750000 2.478412 0.500000 20.054813 3.141593 0.400000 155.000000
19.000000 2.544944 0.548780 20.670857 3.141593 0.400000 155.000000
