6.000000 0.253789 1.574074 -1.748660 1.570796 0.400000 32.000000
6.250000 0.275379 2.117647 -1.773603 1.570796 0.400000 32.000000
6.500000 0.297850 1.829268 -1.825762 1.570796 0.400000 32.000000
6.750000 0.321202 1.920732 -1.838419 1.570796 0.400000 32.000000
7.000000 0.345436 1.500000 -1.786802 1.570796 0.400000 32.000000
7.250000 0.370550 1.105263 -1.871549 1.570796 0.400000 32.000000
7.500000 0.396546 0.500000 0.006862 1.570796 0.400000 32.000000
7.750000 0.423423 0.500000 0.895847 1.570796 0.400000 32.000000
8.000000 0.451181 0.500000 1.263720 1.570796 0.400000 32.000000
8.250000 0.479821 0.500000 1.354540 1.570796 0.400000 32.000000
8.500000 0.509341 0.500000 1.185993 1.570796 0.400000 32.000000
8.750000 0.539743 0.501453 1.527486 1.570796 0.400000 32.000000
9.000000 0.571026 0.500000 2.188234 1.570796 0.400000 32.000000
9.250000 0.603190 0.500000 2.579489 1.570796 0.400000 32.000000
9.500000 0.636236 0.500000 2.788423 1.570796 0.400000 32.000000
9.750000 0.670163 0.500000 2.847718 1.570796 0.400000 32.000000
10.000000 0.704971 0.513699 2.747289 1.570796 0.400000 32.000000
10.250000 0.740660 0.510638 2.500465 1.570796 0.400000 32.000000
10.500000 0.777230 0.500000 2.067217 1.570796 0.400000 32.000000
10.750000 0.814682 0.500000 1.340473 1.570796 0.400000 32.000000
11.000000 0.853014 0.500000 -0.170091 1.570796 0.400000 32.000000
11.250000 0.892228 0.712291 -0.640929 1.570796 0.400000 32.000000
11.500000 0.932324 0.700000 -1.802569 1.570796 0.400000 32.000000
11.750000 0.973300 0.600000 -1.387287 1.570796 0.400000 32.000000
12.000000 1.015158 0.797872 -1.699309 1.570796 0.400000 32.000000
12.250000 1.057896 0.812102 -1.589983 1.570796 0.400000 32.000000
12.500000 1.101516 0.851064 -1.773098 1.570796 0.400000 32.000000
12.750000 1.146018 0.876623 -1.610203 1.570796 0.400000 32.000000
13.000000 1.191400 0.978261 -1.634446 1.570796 0.400000 32.000000
13.250000 1.237664 0.833333 -1.584976 1.570796 0.400000 32.000000
13.500000 1.284809 0.820312 -1.454129 1.570796 0.400000 32.000000
13.750000 1.332835 0.657895 -1.555147 1.570796 0.400000 32.000000
14.000000 1.381742 0.808383 -1.542837 1.570796 0.400000 32.000000
14.250000 1.431531 0.742188 -1.448824 1.570796 0.400000 32.000000
14.500000 1.482201 0.866834 -1.624988 1.570796 0.400000 32.000000
14.750000 1.533752 0.844156 -1.862475 4.712389 0.400000 32.000000
15.000000 1.586184 1.000000 0.399921 4.712389 0.400000 32.000000
15.250000 1.639497 0.714286 3.372815 3.141593 0.400000 32.000000
15.500000 1.693692 0.546358 5.912157 3.141593 0.400000 32.000000
15.750000 1.748768 0.500000 7.942671 3.141593 0.400000 32.000000
16.000000 1.804725 0.512821 9.462835 3.141593 0.400000 32.000000
16.250000 1.861563 0.495283 10.102729 3.141593 0.400000 32.000000
16.500000 1.919282 0.509709 11.948633 3.141593 0.400000 32.000000
16.750000 1.977883 0.500000 13.476822 3.141593 0.400000 32.000000
17.000000 2.037365 0.535714 14.432199 3.141593 0.400000 32.000000
17.250000 2.097728 0.535714 15.270503 3.141593 0.400000 32.000000
17.500000 2.158972 0.535714 16.051271 3.141593 0.400000 32.000000
17.750000 2.221098 0.500000 16.812567 3.141593 0.400000 32.000000
18.000000 2.284105 0.545455 17.507353 3.141593 0.400000 32.000000
18.250000 2.347993 0.566038 18.261739 3.141593 0.400000 32.000000
18.500000 2.412762 0.500000 19.224801 3.141593 0.400000 32.000000
18.750000 2.478412 0.500000 19.901283 3.141593 0.400000 32.000000
19.000000 2.544944 0.535714 20.437387 3.141593 0.400000 32.000000
