6.000000 0.253789 1.022727 -1.589325 1.570796 0.400000 246.000000
6.250000 0.275379 1.193182 -1.632357 1.570796 0.400000 246.000000
6.500000 0.297850 1.034483 -1.684330 1.570796 0.400000 246.000000
6.750000 0.321202 1.133721 -1.671720 1.570796 0.400000 246.000000
7.000000 0.345436 0.993976 -1.679756 1.570796 0.400000 246.000000
7.250000 0.370550 0.857143 -1.714088 1.570796 0.400000 246.000000
7.500000 0.396546 0.963303 -1.274671 1.570796 0.400000 246.000000
7.750000 0.423423 0.514706 -1.804666 1.570796 0.400000 246.000000
8.000000 0.451181 0.500000 0.436849 1.570796 0.400000 246.000000
8.250000 0.479821 0.500000 1.309632 1.570796 0.400000 246.000000
8.500000 0.509341 0.500000 1.748040 1.570796 0.400000 246.000000
8.750000 0.539743 0.506757 1.944998 1.570796 0.400000 246.000000
9.000000 0.571026 0.500000 1.941757 1.570796 0.400000 246.000000
9.250000 0.603190 0.500000 1.751548 1.570796 0.400000 246.000000
9.500000 0.636236 0.500000 1.308813 1.570796 0.400000 246.000000
9.750000 0.670163 0.511364 2.537553 1.570796 0.400000 246.000000
10.000000 0.704971 0.510638 3.356731 1.570796 0.400000 246.000000
10.250000 0.740660 0.500000 3.921445 1.570796 0.400000 246.000000
10.500000 0.777230 0.508475 4.326320 1.570796 0.400000 246.000000
10.750000 0.814682 0.512422 4.606584 1.570796 0.400000 246.000000
11.000000 0.853014 0.517241 4.786499 1.570796 0.400000 246.000000
11.250000 0.892228 0.500000 4.883368 1.570796 0.400000 246.000000
11.500000 0.932324 0.500000 4.875514 1.570796 0.400000 246.000000
11.750000 0.973300 0.513699 4.774011 1.570796 0.400000 246.000000
12.000000 1.015158 0.515625 4.571008 1.570796 0.400000 246.000000
12.250000 1.057896 0.500000 4.305507 1.570796 0.400000 246.000000
12.500000 1.101516 0.510471 3.868870 1.570796 0.400000 246.000000
12.750000 1.146018 0.500000 3.305710 1.570796 0.400000 246.000000
13.000000 1.191400 0.506757 2.501069 1.570796 0.400000 246.000000
13.250000 1.237664 0.500000 1.254300 1.570796 0.400000 246.000000
13.500000 1.284809 0.511364 -2.225593 1.570796 0.400000 246.000000
13.750000 1.332835 0.525000 -1.429308 1.570796 0.400000 246.000000
14.000000 1.381742 0.633803 -1.264800 1.570796 0.400000 246.000000
14.250000 1.431531 0.628272 -1.515014 1.570796 0.400000 246.000000
14.500000 1.482201 0.710900 -1.506825 1.570796 0.400000 246.000000
14.750000 1.533752 0.812808 -1.792188 1.570796 0.400000 246.000000
15.000000 1.586184 0.801282 -1.613323 1.570796 0.400000 246.000000
15.250000 1.639497 1.000000 0.254968 4.712389 0.400000 246.000000
15.500000 1.693692 0.933333 2.995930 3.141593 0.400000 246.000000
15.750000 1.748768 0.818966 4.662051 3.141593 0.400000 246.000000
16.000000 1.804725 0.500000 8.011005 3.141593 0.400000 246.000000
16.250000 1.861563 0.500000 10.105068 3.141593 0.400000 246.000000
16.500000 1.919282 0.529412 11.617073 3.141593 0.400000 246.000000
16.750000 1.977883 0.500000 12.787102 3.141593 0.400000 246.000000
17.000000 2.037365 0.500000 13.962334 3.141593 0.400000 246.000000
17.250000 2.097728 0.555556 14.858273 3.141593 0.400000 246.000000
17.500000 2.158972 0.535714 15.810306 3.141593 0.400000 246.000000
17.750000 2.221098 0.500000 16.782578 3.141593 0.400000 246.000000
18.000000 2.284105 0.562500 17.449008 3.141593 0.400000 246.000000
18.250000 2.347993 0.592105 18.368779 3.141593 0.400000 246.000000
18.500000 2.412762 0.588235 19.224653 3.141593 0.400000 246.000000
18.750000 2.478412 0.500000 19.932930 3.141593 0.400000 246.000000
19.000000 2.544944 0.500000 20.646856 3.141593 0.400000 246.000000
