6.000000 0.253789 0.833333 -1.670346 1.570796 0.400000 783.000000
6.250000 0.275379 0.803571 -1.573955 1.570796 0.400000 783.000000
6.500000 0.297850 1.022727 -1.540659 1.570796 0.400000 783.000000
6.750000 0.321202 0.900000 -2.147736 1.570796 0.400000 783.000000
7.000000 0.345436 0.508475 -1.085653 1.570796 0.400000 783.000000
7.250000 0.370550 0.500000 0.356374 1.570796 0.400000 783.000000
7.500000 0.396546 2.155172 -1.987393 4.712389 0.400000 783.000000
7.750000 0.423423 0.500000 0.955701 1.570796 0.400000 783.000000
8.000000 0.451181 0.500000 0.773083 1.570796 0.400000 783.000000
8.250000 0.479821 0.500000 0.172507 1.570796 0.400000 783.000000
8.500000 0.509341 0.495868 -1.492504 1.570796 0.400000 783.000000
8.750000 0.539743 0.572034 -0.917196 1.570796 0.400000 783.000000
9.000000 0.571026 0.669643 -1.648784 1.570796 0.400000 783.000000
9.250000 0.603190 0.652174 -1.787955 1.570796 0.400000 783.000000
9.500000 0.636236 0.500000 1.339921 1.570796 0.400000 783.000000
9.750000 0.670163 0.500000 2.571443 1.570796 0.400000 783.000000
10.000000 0.704971 0.512821 3.361234 1.570796 0.400000 783.000000
10.250000 0.740660 0.500000 3.924318 1.570796 0.400000 783.000000
10.500000 0.777230 0.517241 4.326135 1.570796 0.400000 783.000000
10.750000 0.814682 0.515625 4.605645 1.570796 0.400000 783.000000
11.000000 0.853014 0.517241 4.791208 1.570796 0.400000 783.000000
11.250000 0.892228 0.500000 4.883470 1.570796 0.400000 783.000000
11.500000 0.932324 0.500000 4.876910 1.570796 0.400000 783.000000
11.750000 0.973300 0.517241 4.776775 1.570796 0.400000 783.000000
12.000000 1.015158 0.518868 4.580956 1.570796 0.400000 783.000000
12.250000 1.057896 0.512422 4.299888 1.570796 0.400000 783.000000
12.500000 1.101516 0.513158 3.876617 1.570796 0.400000 783.000000
12.750000 1.146018 0.509050 3.313562 1.570796 0.400000 783.000000
13.000000 1.191400 0.505319 2.523420 1.570796 0.400000 783.000000
13.250000 1.237664 0.500000 1.288971 1.570796 0.400000 783.000000
13.500000 1.284809 0.454545 -2.315336 1.570796 0.400000 783.000000
13.750000 1.332835 0.497788 -1.295531 1.570796 0.400000 783.000000
14.000000 1.381742 0.685484 -1.399593 1.570796 0.400000 783.000000
14.250000 1.431531 0.606061 -1.270021 1.570796 0.400000 783.000000
14.500000 1.482201 0.666667 -1.409902 1.570796 0.400000 783.000000
14.750000 1.533752 0.779221 -1.832784 3.141593 0.400000 783.000000
15.000000 1.586184 0.500000 2.370012 3.141593 0.400000 783.000000
15.250000 1.639497 0.496689 4.981539 3.141593 0.400000 783.000000
15.500000 1.693692 0.500000 6.793817 3.141593 0.400000 783.000000
15.750000 1.748768 0.511364 8.076320 3.141593 0.400000 783.000000
16.000000 1.804725 0.495283 9.989135 3.141593 0.400000 783.000000
16.250000 1.861563 0.517241 11.393434 3.141593 0.400000 783.000000
16.500000 1.919282 0.500000 12.524555 3.141593 0.400000 783.000000
16.750000 1.977883 0.500000 13.487372 3.141593 0.400000 783.000000
17.000000 2.037365 0.543478 14.340348 3.141593 0.400000 783.000000
17.250000 2.097728 0.535714 15.137443 3.141593 0.400000 783.000000
17.500000 2.158972 0.500000 15.904060 3.141593 0.400000 783.000000
17.750000 2.221098 0.555556 16.531125 3.141593 0.400000 783.000000
18.000000 2.284105 0.500000 17.422021 3.141593 0.400000 783.000000
18.250000 2.347993 0.500000 18.061741 3.141593 0.400000 783.000000
18.500000 2.412762 0.500000 18.617802 3.141593 0.400000 783.000000
18.750000 2.478412 0.500000 19.195441 3.141593 0.400000 783.000000
19.000000 2.544944 0.535714 19.684331 3.141593 0.400000 783.000000
