6.000000 0.253789 0.892857 -1.598097 1.570796 0.400000 236.000000
6.250000 0.275379 1.107955 -1.653196 1.570796 0.400000 236.000000
6.500000 0.297850 1.129032 -1.643318 1.570796 0.400000 236.000000
6.750000 0.321202 1.015625 -1.632746 1.570796 0.400000 236.000000
7.000000 0.345436 0.926966 -1.663900 1.570796 0.400000 236.000000
7.250000 0.370550 0.965347 -1.583729 1.570796 0.400000 236.000000
7.500000 0.396546 0.972222 -1.639309 1.570796 0.400000 236.000000
7.750000 0.423423 0.975000 -1.831375 1.570796 0.400000 236.000000
8.000000 0.451181 0.500000 0.142343 1.570796 0.400000 236.000000
8.250000 0.479821 0.500000 1.206899 1.570796 0.400000 236.000000
8.500000 0.509341 0.500000 1.721877 1.570796 0.400000 236.000000
8.750000 0.539743 0.500000 1.978501 1.570796 0.400000 236.000000
9.000000 0.571026 0.500000 2.032519 1.570796 0.400000 236.000000
9.250000 0.603190 0.506431 1.898175 1.570796 0.400000 236.000000
9.500000 0.636236 0.501592 1.810341 1.570796 0.400000 236.000000
9.750000 0.670163 0.500000 2.821076 1.570796 0.400000 236.000000
10.000000 0.704971 0.500000 3.486492 1.570796 0.400000 236.000000
10.250000 0.740660 0.500000 3.961037 1.570796 0.400000 236.000000
10.500000 0.777230 0.510204 4.288319 1.570796 0.400000 236.000000
10.750000 0.814682 0.517241 4.490976 1.570796 0.400000 236.000000
11.000000 0.853014 0.515267 4.614285 1.570796 0.400000 236.000000
11.250000 0.892228 0.519231 4.625498 1.570796 0.400000 236.000000
11.500000 0.932324 0.515267 4.553058 1.570796 0.400000 236.000000
11.750000 0.973300 0.513699 4.360933 1.570796 0.400000 236.000000
12.000000 1.015158 0.510204 4.099694 1.570796 0.400000 236.000000
12.250000 1.057896 0.500000 3.701605 1.570796 0.400000 236.000000
12.500000 1.101516 0.512195 3.103844 1.570796 0.400000 236.000000
12.750000 1.146018 0.507519 2.295814 1.570796 0.400000 236.000000
13.000000 1.191400 0.500000 0.973557 1.570796 0.400000 236.000000
13.250000 1.237664 0.503953 -0.197645 1.570796 0.400000 236.000000
13.500000 1.284809 0.497788 -1.106554 1.570796 0.400000 236.000000
13.750000 1.332835 0.496988 -1.365432 1.570796 0.400000 236.000000
14.000000 1.381742 0.475610 -1.233845 1.570796 0.400000 236.000000
14.250000 1.431531 0.483871 -1.597293 1.570796 0.400000 236.000000
14.500000 1.482201 0.512821 -1.215112 1.570796 0.400000 236.000000
14.750000 1.533752 0.516055 -1.454371 1.570796 0.400000 236.000000
15.000000 1.586184 0.495868 -1.516730 1.570796 0.400000 236.000000
15.250000 1.639497 1.000000 0.648524 4.712389 0.400000 236.000000
15.500000 1.693692 0.995851 2.821979 3.141593 0.400000 236.000000
15.750000 1.748768 0.732759 5.087775 3.141593 0.400000 236.000000
16.000000 1.804725 0.563910 7.554849 3.141593 0.400000 236.000000
16.250000 1.861563 0.500000 9.432318 3.141593 0.400000 236.000000
16.500000 1.919282 0.514706 11.263718 3.141593 0.400000 236.000000
16.750000 1.977883 0.523256 12.803316 3.141593 0.400000 236.000000
17.000000 2.037365 0.529412 13.150715 3.141593 0.400000 236.000000
17.250000 2.097728 0.500000 13.945893 3.141593 0.400000 236.000000
17.500000 2.158972 0.526316 15.030291 3.141593 0.400000 236.000000
17.750000 2.221098 0.526316 16.180226 3.141593 0.400000 236.000000
18.000000 2.284105 0.500000 17.270241 3.141593 0.400000 236.000000
18.250000 2.347993 0.535714 18.134026 3.141593 0.400000 236.000000
18.500000 2.412762 0.562500 19.041262 3.141593 0.400000 236.000000
18.750000 2.478412 0.592105 20.049647 3.141593 0.400000 236.000000
19.000000 2.544944 0.500000 20.900264 3.141593 0.400000 236.000000
