6.000000 0.253789 1.235294 -1.659762 1.570796 0.400000 382.000000
6.250000 0.275379 1.234177 -1.512235 1.570796 0.400000 382.000000
6.500000 0.297850 0.970588 -1.665848 1.570796 0.400000 382.000000
6.750000 0.321202 0.959302 -1.679031 1.570796 0.400000 382.000000
7.000000 0.345436 0.989011 -1.755070 1.570796 0.400000 382.000000
7.250000 0.370550 0.868421 -1.611200 1.570796 0.400000 382.000000
7.500000 0.396546 0.825000 -1.726251 1.570796 0.400000 382.000000
7.750000 0.423423 0.800971 -1.707130 1.570796 0.400000 382.000000
8.000000 0.451181 0.703125 -1.489504 1.570796 0.400000 382.000000
8.250000 0.479821 0.551471 -1.392104 1.570796 0.400000 382.000000
8.500000 0.509341 0.500000 0.488927 1.570796 0.400000 382.000000
8.750000 0.539743 0.500000 1.616098 1.570796 0.400000 382.000000
9.000000 0.571026 0.506757 2.227043 1.570796 0.400000 382.000000
9.250000 0.603190 0.510000 2.479306 1.570796 0.400000 382.000000
9.500000 0.636236 0.513699 2.751224 1.570796 0.400000 382.000000
9.750000 0.670163 0.509709 2.822521 1.570796 0.400000 382.000000
10.000000 0.704971 0.515873 3.315547 1.570796 0.400000 382.000000
10.250000 0.740660 0.500000 3.769317 1.570796 0.400000 382.000000
10.500000 0.777230 0.512422 3.964734 1.570796 0.400000 382.000000
10.750000 0.814682 0.500000 4.045571 1.570796 0.400000 382.000000
11.000000 0.853014 0.512422 3.955978 1.570796 0.400000 382.000000
11.250000 0.892228 0.509259 3.787802 1.570796 0.400000 382.000000
11.500000 0.932324 0.511364 3.479300 1.570796 0.400000 382.000000
11.750000 0.973300 0.500000 3.028281 1.570796 0.400000 382.000000
12.000000 1.015158 0.500000 2.352624 1.570796 0.400000 382.000000
12.250000 1.057896 0.500000 1.314563 1.570796 0.400000 382.000000
12.500000 1.101516 0.497630 -1.875460 1.570796 0.400000 382.000000
12.750000 1.146018 0.560345 -1.242184 1.570796 0.400000 382.000000
13.000000 1.191400 0.455801 -1.265810 1.570796 0.400000 382.000000
13.250000 1.237664 0.500000 -1.224393 1.570796 0.400000 382.000000
13.500000 1.284809 0.497238 -1.476822 1.570796 0.400000 382.000000
13.750000 1.332835 0.500000 -1.332979 1.570796 0.400000 382.000000
14.000000 1.381742 0.485075 -1.543449 1.570796 0.400000 382.000000
14.250000 1.431531 0.456853 -1.261572 1.570796 0.400000 382.000000
14.500000 1.482201 0.500000 -1.446540 1.570796 0.400000 382.000000
14.750000 1.533752 0.619565 -1.341408 1.570796 0.400000 382.000000
15.000000 1.586184 0.633333 -1.516890 1.570796 0.400000 382.000000
15.250000 1.639497 1.000000 -0.655132 4.712389 0.400000 382.000000
15.500000 1.693692 1.000000 2.304200 4.712389 0.400000 382.000000
15.750000 1.748768 0.542169 4.945887 3.141593 0.400000 382.000000
16.000000 1.804725 0.500000 7.080159 3.141593 0.400000 382.000000
16.250000 1.861563 0.500000 8.882878 3.141593 0.400000 382.000000
16.500000 1.919282 0.495283 10.375173 3.141593 0.400000 382.000000
16.750000 1.977883 0.525000 11.734441 3.141593 0.400000 382.000000
17.000000 2.037365 0.500000 12.743018 3.141593 0.400000 382.000000
17.250000 2.097728 0.500000 14.193595 3.141593 0.400000 382.000000
17.500000 2.158972 0.500000 15.278489 3.141593 0.400000 382.000000
17.750000 2.221098 0.500000 16.322759 3.141593 0.400000 382.000000
18.000000 2.284105 0.500000 17.216283 3.141593 0.400000 382.000000
18.250000 2.347993 0.555556 18.168596 3.141593 0.400000 382.000000
18.500000 2.412762 0.500000 19.208555 3.141593 0.400000 382.000000
18.750000 2.478412 0.523256 20.055039 3.141593 0.400000 382.000000
19.000000 2.544944 0.562500 20.686571 3.141593 0.400000 382.000000
