6.000000 0.253789 0.974026 -1.815705 1.570796 0.400000 369.000000
6.250000 0.275379 0.937500 -1.794971 1.570796 0.400000 369.000000
6.500000 0.297850 0.948276 -1.729925 1.570796 0.400000 369.000000
6.750000 0.321202 0.970588 -1.699549 1.570796 0.400000 369.000000
7.000000 0.345436 1.174699 -1.805462 1.570796 0.400000 369.000000
7.250000 0.370550 0.957447 -1.657018 1.570796 0.400000 369.000000
7.500000 0.396546 0.927835 -1.816613 1.570796 0.400000 369.000000
7.750000 0.423423 0.808824 -1.660917 1.570796 0.400000 369.000000
8.000000 0.451181 1.009615 -1.397740 1.570796 0.400000 369.000000
8.250000 0.479821 0.519802 -2.335678 1.570796 0.400000 369.000000
8.500000 0.509341 0.500000 0.567147 1.570796 0.400000 369.000000
8.750000 0.539743 0.500000 1.648190 1.570796 0.400000 369.000000
9.000000 0.571026 0.500000 2.246880 1.570796 0.400000 369.000000
9.250000 0.603190 0.500000 2.596735 1.570796 0.400000 369.000000
9.500000 0.636236 0.511364 2.776584 1.570796 0.400000 369.000000
9.750000 0.670163 0.509709 2.808238 1.570796 0.400000 369.000000
10.000000 0.704971 0.512195 2.862804 1.570796 0.400000 369.000000
10.250000 0.740660 0.515873 3.332125 1.570796 0.400000 369.000000
10.500000 0.777230 0.500000 3.744091 1.570796 0.400000 369.000000
10.750000 0.814682 0.500000 3.923720 1.570796 0.400000 369.000000
11.000000 0.853014 0.500000 3.885221 1.570796 0.400000 369.000000
11.250000 0.892228 0.509709 3.683780 1.570796 0.400000 369.000000
11.500000 0.932324 0.511364 3.355740 1.570796 0.400000 369.000000
11.750000 0.973300 0.509434 2.859719 1.570796 0.400000 369.000000
12.000000 1.015158 0.504386 2.134178 1.570796 0.400000 369.000000
12.250000 1.057896 0.500000 0.933950 1.570796 0.400000 369.000000
12.500000 1.101516 0.478723 -1.999886 1.570796 0.400000 369.000000
12.750000 1.146018 0.645695 -1.521946 1.570796 0.400000 369.000000
13.000000 1.191400 0.566860 -1.478598 1.570796 0.400000 369.000000
13.250000 1.237664 0.580357 -1.597738 1.570796 0.400000 369.000000
13.500000 1.284809 0.590909 -1.687396 1.570796 0.400000 369.000000
13.750000 1.332835 0.535714 -1.599273 1.570796 0.400000 369.000000
14.000000 1.381742 0.570652 -1.662213 1.570796 0.400000 369.000000
14.250000 1.431531 0.580357 -1.796330 1.570796 0.400000 369.000000
14.500000 1.482201 0.555556 -1.541270 1.570796 0.400000 369.000000
14.750000 1.533752 0.568182 -1.538093 1.570796 0.400000 369.000000
15.000000 1.586184 0.709459 -1.643426 1.570796 0.400000 369.000000
15.250000 1.639497 1.000000 -1.110475 4.712389 0.400000 369.000000
15.500000 1.693692 0.500000 2.997297 3.141593 0.400000 369.000000
15.750000 1.748768 0.496689 5.666317 3.141593 0.400000 369.000000
16.000000 1.804725 0.508475 7.498162 3.141593 0.400000 369.000000
16.250000 1.861563 0.562500 8.694049 3.141593 0.400000 369.000000
16.500000 1.919282 0.514706 10.575337 3.141593 0.400000 369.000000
16.750000 1.977883 0.500000 12.545774 3.141593 0.400000 369.000000
17.000000 2.037365 0.551471 13.814871 3.141593 0.400000 369.000000
17.250000 2.097728 0.500000 14.914502 3.141593 0.400000 369.000000
17.500000 2.158972 0.555556 15.757071 3.141593 0.400000 369.000000
17.750000 2.221098 0.535714 16.624016 3.141593 0.400000 369.000000
18.000000 2.284105 0.500000 17.626267 3.141593 0.400000 369.000000
18.250000 2.347993 0.548780 18.234952 3.141593 0.400000 369.000000
18.500000 2.412762 0.576923 19.017683 3.141593 0.400000 369.000000
18.750000 2.478412 0.592105 19.741810 3.141593 0.400000 369.000000
19.000000 2.544944 0.576923 20.456921 3.141593 0.400000 369.000000
