6.000000 0.253789 0.865385 -1.625403 1.570796 0.400000 223.000000
6.250000 0.275379 1.265060 -1.735685 1.570796 0.400000 223.000000
6.500000 0.297850 1.308140 -1.698695 1.570796 0.400000 223.000000
6.750000 0.321202 1.308140 -1.751468 1.570796 0.400000 223.000000
7.000000 0.345436 1.105263 -1.723874 1.570796 0.400000 223.000000
7.250000 0.370550 1.301020 -1.723950 1.570796 0.400000 223.000000
7.500000 0.396546 0.619266 -1.677678 1.570796 0.400000 223.000000
7.750000 0.423423 1.125000 -1.388290 1.570796 0.400000 223.000000
8.000000 0.451181 0.509709 -1.662641 1.570796 0.400000 223.000000
8.250000 0.479821 0.500000 0.677089 1.570796 0.400000 223.000000
8.500000 0.509341 0.500000 1.537786 1.570796 0.400000 223.000000
8.750000 0.539743 0.500000 2.000930 1.570796 0.400000 223.000000
9.000000 0.571026 0.507519 2.233295 1.570796 0.400000 223.000000
9.250000 0.603190 0.510000 2.287678 1.570796 0.400000 223.000000
9.500000 0.636236 0.509434 2.137081 1.570796 0.400000 223.000000
9.750000 0.670163 0.502092 2.644680 1.570796 0.400000 223.000000
10.000000 0.704971 0.505618 2.761152 1.570796 0.400000 223.000000
10.250000 0.740660 0.500000 3.949485 1.570796 0.400000 223.000000
10.500000 0.777230 0.500000 4.269068 1.570796 0.400000 223.000000
10.750000 0.814682 0.520833 4.459422 1.570796 0.400000 223.000000
11.000000 0.853014 0.500000 4.557563 1.570796 0.400000 223.000000
11.250000 0.892228 0.500000 4.555042 1.570796 0.400000 223.000000
11.500000 0.932324 0.517241 4.452545 1.570796 0.400000 223.000000
11.750000 0.973300 0.500000 4.280596 1.570796 0.400000 223.000000
12.000000 1.015158 0.509259 3.953707 1.570796 0.400000 223.000000
12.250000 1.057896 0.507812 3.499727 1.570796 0.400000 223.000000
12.500000 1.101516 0.508475 2.877211 1.570796 0.400000 223.000000
12.750000 1.146018 0.504386 1.968064 1.570796 0.400000 223.000000
13.000000 1.191400 0.500000 0.308784 1.570796 0.400000 223.000000
13.250000 1.237664 0.639810 -0.717099 1.570796 0.400000 223.000000
13.500000 1.284809 0.500000 -1.265590 1.570796 0.400000 223.000000
13.750000 1.332835 0.557143 -1.537128 1.570796 0.400000 223.000000
14.000000 1.381742 0.585938 -1.267466 1.570796 0.400000 223.000000
14.250000 1.431531 0.497449 -1.412320 1.570796 0.400000 223.000000
14.500000 1.482201 0.692308 -1.512040 1.570796 0.400000 223.000000
14.750000 1.533752 0.642857 -1.529866 1.570796 0.400000 223.000000
15.000000 1.586184 0.705128 -1.551556 1.570796 0.400000 223.000000
15.250000 1.639497 1.000000 0.742718 4.712389 0.400000 223.000000
15.500000 1.693692 0.753425 3.354755 3.141593 0.400000 223.000000
15.750000 1.748768 0.695364 5.372354 3.141593 0.400000 223.000000
16.000000 1.804725 0.568182 7.714940 3.141593 0.400000 223.000000
16.250000 1.861563 0.495283 9.890678 3.141593 0.400000 223.000000
16.500000 1.919282 0.525000 11.382699 3.141593 0.400000 223.000000
16.750000 1.977883 0.500000 12.045698 3.141593 0.400000 223.000000
17.000000 2.037365 0.528169 12.850581 3.141593 0.400000 223.000000
17.250000 2.097728 0.535714 13.992549 3.141593 0.400000 223.000000
17.500000 2.158972 0.545455 15.024764 3.141593 0.400000 223.000000
17.750000 2.221098 0.535714 16.164207 3.141593 0.400000 223.000000
18.000000 2.284105 0.500000 17.255169 3.141593 0.400000 223.000000
18.250000 2.347993 0.535714 18.108643 3.141593 0.400000 223.000000
18.500000 2.412762 0.562500 19.024388 3.141593 0.400000 223.000000
18.750000 2.478412 0.576923 19.939122 3.141593 0.400000 223.000000
19.000000 2.544944 0.500000 20.894594 3.141593 0.400000 223.000000
