6.000000 0.253789 0.750000 -1.746749 1.570796 0.400000 222.000000
6.250000 0.275379 0.722892 -1.678928 1.570796 0.400000 222.000000
6.500000 0.297850 0.758427 -1.757857 1.570796 0.400000 222.000000
6.750000 0.321202 0.882353 -1.776759 1.570796 0.400000 222.000000
7.000000 0.345436 0.733696 -1.683732 1.570796 0.400000 222.000000
7.250000 0.370550 0.652174 -1.754680 1.570796 0.400000 222.000000
7.500000 0.396546 0.833333 -1.776930 1.570796 0.400000 222.000000
7.750000 0.423423 0.638298 -1.426639 1.570796 0.400000 222.000000
8.000000 0.451181 0.514706 -1.835779 1.570796 0.400000 222.000000
8.250000 0.479821 0.500000 0.611990 1.570796 0.400000 222.000000
8.500000 0.509341 0.500000 1.513737 1.570796 0.400000 222.000000
8.750000 0.539743 0.498555 1.964519 1.570796 0.400000 222.000000
9.000000 0.571026 0.509434 2.219810 1.570796 0.400000 222.000000
9.250000 0.603190 0.501969 2.331748 1.570796 0.400000 222.000000
9.500000 0.636236 0.502092 2.408880 1.570796 0.400000 222.000000
9.750000 0.670163 0.517241 3.008501 1.570796 0.400000 222.000000
10.000000 0.704971 0.513158 3.265566 1.570796 0.400000 222.000000
10.250000 0.740660 0.515873 3.301673 1.570796 0.400000 222.000000
10.500000 0.777230 0.500000 3.194289 1.570796 0.400000 222.000000
10.750000 0.814682 0.506757 2.917784 1.570796 0.400000 222.000000
11.000000 0.853014 0.505952 2.499956 1.570796 0.400000 222.000000
11.250000 0.892228 0.504386 1.841022 1.570796 0.400000 222.000000
11.500000 0.932324 0.500000 0.711589 1.570796 0.400000 222.000000
11.750000 0.973300 0.503356 -2.137714 1.570796 0.400000 222.000000
12.000000 1.015158 0.500000 -1.521804 1.570796 0.400000 222.000000
12.250000 1.057896 0.454545 -1.436109 1.570796 0.400000 222.000000
12.500000 1.101516 0.520231 -1.531825 1.570796 0.400000 222.000000
12.750000 1.146018 0.494012 -1.594486 1.570796 0.400000 222.000000
13.000000 1.191400 0.458333 -1.520445 1.570796 0.400000 222.000000
13.250000 1.237664 0.450000 -1.683603 1.570796 0.400000 222.000000
13.500000 1.284809 0.471429 -1.424529 1.570796 0.400000 222.000000
13.750000 1.332835 0.455801 -1.592897 1.570796 0.400000 222.000000
14.000000 1.381742 0.557143 -1.744973 1.570796 0.400000 222.000000
14.250000 1.431531 0.525701 -1.149412 1.570796 0.400000 222.000000
14.500000 1.482201 0.566667 -1.324086 1.570796 0.400000 222.000000
14.750000 1.533752 0.722477 -1.655564 1.570796 0.400000 222.000000
15.000000 1.586184 0.500000 2.020987 3.141593 0.400000 222.000000
15.250000 1.639497 0.609137 4.346916 3.141593 0.400000 222.000000
15.500000 1.693692 0.608108 6.275547 3.141593 0.400000 222.000000
15.750000 1.748768 0.500000 8.513330 3.141593 0.400000 222.000000
16.000000 1.804725 0.494505 10.216312 3.141593 0.400000 222.000000
16.250000 1.861563 0.523256 11.529888 3.141593 0.400000 222.000000
16.500000 1.919282 0.535714 12.524441 3.141593 0.400000 222.000000
16.750000 1.977883 0.528169 13.490302 3.141593 0.400000 222.000000
17.000000 2.037365 0.500000 14.378084 3.141593 0.400000 222.000000
17.250000 2.097728 0.500000 15.208499 3.141593 0.400000 222.000000
17.500000 2.158972 0.545455 15.880067 3.141593 0.400000 222.000000
17.750000 2.221098 0.500000 16.794423 3.141593 0.400000 222.000000
18.000000 2.284105 0.535714 17.454093 3.141593 0.400000 222.000000
18.250000 2.347993 0.562500 18.159641 3.141593 0.400000 222.000000
18.500000 2.412762 0.576923 18.966004 3.141593 0.400000 222.000000
18.750000 2.478412 0.576923 19.701904 3.141593 0.400000 222.000000
19.000000 2.544944 0.576923 20.452577 3.141593 0.400000 222.000000
