6.000000 0.253789 1.206897 -1.659343 1.570796 0.400000 967.000000
6.250000 0.275379 1.278409 -1.701808 1.570796 0.400000 967.000000
6.500000 0.297850 1.308140 -1.754239 1.570796 0.400000 967.000000
6.750000 0.321202 1.125000 -1.694942 1.570796 0.400000 967.000000
7.000000 0.345436 1.356383 -1.706087 1.570796 0.400000 967.000000
7.250000 0.370550 1.039604 -1.638240 1.570796 0.400000 967.000000
7.500000 0.396546 1.209677 -1.692686 1.570796 0.400000 967.000000
7.750000 0.423423 1.136364 -1.809977 1.570796 0.400000 967.000000
8.000000 0.451181 1.169725 -1.580075 1.570796 0.400000 967.000000
8.250000 0.479821 0.593525 -1.419561 1.570796 0.400000 967.000000
8.500000 0.509341 0.500000 0.932295 1.570796 0.400000 967.000000
8.750000 0.539743 0.500000 1.773959 1.570796 0.400000 967.000000
9.000000 0.571026 0.498555 2.231209 1.570796 0.400000 967.000000
9.250000 0.603190 0.505319 2.215524 1.570796 0.400000 967.000000
9.500000 0.636236 0.500000 2.593971 1.570796 0.400000 967.000000
9.750000 0.670163 0.500000 2.609447 1.570796 0.400000 967.000000
10.000000 0.704971 0.510471 3.561789 1.570796 0.400000 967.000000
10.250000 0.740660 0.500000 3.858689 1.570796 0.400000 967.000000
10.500000 0.777230 0.518868 3.992217 1.570796 0.400000 967.000000
10.750000 0.814682 0.513699 4.035601 1.570796 0.400000 967.000000
11.000000 0.853014 0.500000 3.979993 1.570796 0.400000 967.000000
11.250000 0.892228 0.500000 3.779803 1.570796 0.400000 967.000000
11.500000 0.932324 0.508475 3.463275 1.570796 0.400000 967.000000
11.750000 0.973300 0.512195 2.997658 1.570796 0.400000 967.000000
12.000000 1.015158 0.500000 2.336001 1.570796 0.400000 967.000000
12.250000 1.057896 0.500000 1.264181 1.570796 0.400000 967.000000
12.500000 1.101516 0.497449 -2.153225 1.570796 0.400000 967.000000
12.750000 1.146018 0.520231 -1.196546 1.570796 0.400000 967.000000
13.000000 1.191400 0.576923 -1.256787 1.570796 0.400000 967.000000
13.250000 1.237664 0.544041 -1.132562 1.570796 0.400000 967.000000
13.500000 1.284809 0.535714 -1.411775 1.570796 0.400000 967.000000
13.750000 1.332835 0.459184 -1.393924 1.570796 0.400000 967.000000
14.000000 1.381742 0.583333 -1.439847 1.570796 0.400000 967.000000
14.250000 1.431531 0.414573 -1.266119 1.570796 0.400000 967.000000
14.500000 1.482201 0.530303 -1.569071 1.570796 0.400000 967.000000
14.750000 1.533752 0.636792 -1.503235 1.570796 0.400000 967.000000
15.000000 1.586184 0.561674 -1.529797 1.570796 0.400000 967.000000
15.250000 1.639497 1.000000 -0.466825 4.712389 0.400000 967.000000
15.500000 1.693692 0.600000 3.138042 3.141593 0.400000 967.000000
15.750000 1.748768 0.613208 5.517219 3.141593 0.400000 967.000000
16.000000 1.804725 0.695364 6.584498 3.141593 0.400000 967.000000
16.250000 1.861563 0.517241 9.532783 3.141593 0.400000 967.000000
16.500000 1.919282 0.517241 11.473751 3.141593 0.400000 967.000000
16.750000 1.977883 0.500000 12.901628 3.141593 0.400000 967.000000
17.000000 2.037365 0.513699 14.030614 3.141593 0.400000 967.000000
17.250000 2.097728 0.500000 15.015874 3.141593 0.400000 967.000000
17.500000 2.158972 0.500000 15.805623 3.141593 0.400000 967.000000
17.750000 2.221098 0.566038 16.691804 3.141593 0.400000 967.000000
18.000000 2.284105 0.535714 17.483597 3.141593 0.400000 967.000000
18.250000 2.347993 0.562500 18.250798 3.141593 0.400000 967.000000
18.500000 2.412762 0.576923 19.090753 3.141593 0.400000 967.000000
18.750000 2.478412 0.500000 20.035060 3.141593 0.400000 967.000000
19.000000 2.544944 0.500000 20.755678 3.141593 0.400000 967.000000
