6.000000 0.253789 0.854430 -1.699029 1.570796 0.400000 644.000000
6.250000 0.275379 0.833333 -1.733976 1.570796 0.400000 644.000000
6.500000 0.297850 1.006098 -1.724947 1.570796 0.400000 644.000000
6.750000 0.321202 0.794118 -1.687125 1.570796 0.400000 644.000000
7.000000 0.345436 0.903614 -1.730978 1.570796 0.400000 644.000000
7.250000 0.370550 0.965347 -1.572363 1.570796 0.400000 644.000000
7.500000 0.396546 0.841837 -1.695714 1.570796 0.400000 644.000000
7.750000 0.423423 0.868421 -1.922680 1.570796 0.400000 644.000000
8.000000 0.451181 0.972222 -1.185112 1.570796 0.400000 644.000000
8.250000 0.479821 0.508475 -1.744262 1.570796 0.400000 644.000000
8.500000 0.509341 0.500000 0.880921 1.570796 0.400000 644.000000
8.750000 0.539743 0.506135 1.774502 1.570796 0.400000 644.000000
9.000000 0.571026 0.500000 2.272362 1.570796 0.400000 644.000000
9.250000 0.603190 0.508475 2.571974 1.570796 0.400000 644.000000
9.500000 0.636236 0.509050 2.698530 1.570796 0.400000 644.000000
9.750000 0.670163 0.512195 2.692070 1.570796 0.400000 644.000000
10.000000 0.704971 0.514706 2.923367 1.570796 0.400000 644.000000
10.250000 0.740660 0.515873 3.437994 1.570796 0.400000 644.000000
10.500000 0.777230 0.513158 3.712689 1.570796 0.400000 644.000000
10.750000 0.814682 0.510471 3.766004 1.570796 0.400000 644.000000
11.000000 0.853014 0.500000 3.646554 1.570796 0.400000 644.000000
11.250000 0.892228 0.509050 3.357678 1.570796 0.400000 644.000000
11.500000 0.932324 0.500000 2.930887 1.570796 0.400000 644.000000
11.750000 0.973300 0.500000 2.299513 1.570796 0.400000 644.000000
12.000000 1.015158 0.500000 1.300675 1.570796 0.400000 644.000000
12.250000 1.057896 0.500000 -1.421832 1.570796 0.400000 644.000000
12.500000 1.101516 0.600000 -1.393710 1.570796 0.400000 644.000000
12.750000 1.146018 0.535714 -1.630853 1.570796 0.400000 644.000000
13.000000 1.191400 0.580357 -1.473774 1.570796 0.400000 644.000000
13.250000 1.237664 0.625000 -1.576885 1.570796 0.400000 644.000000
13.500000 1.284809 0.497238 -1.523000 1.570796 0.400000 644.000000
13.750000 1.332835 0.673653 -1.610180 1.570796 0.400000 644.000000
14.000000 1.381742 0.561497 -1.504518 1.570796 0.400000 644.000000
14.250000 1.431531 0.563584 -1.619058 1.570796 0.400000 644.000000
14.500000 1.482201 0.500000 -1.488665 1.570796 0.400000 644.000000
14.750000 1.533752 0.462085 -1.452945 1.570796 0.400000 644.000000
15.000000 1.586184 0.633803 -1.632327 3.141593 0.400000 644.000000
15.250000 1.639497 0.500000 2.179339 3.141593 0.400000 644.000000
15.500000 1.693692 0.496689 5.188289 3.141593 0.400000 644.000000
15.750000 1.748768 0.508475 7.077325 3.141593 0.400000 644.000000
16.000000 1.804725 0.500000 8.583953 3.141593 0.400000 644.000000
16.250000 1.861563 0.604839 9.290861 3.141593 0.400000 644.000000
16.500000 1.919282 0.500000 11.802829 3.141593 0.400000 644.000000
16.750000 1.977883 0.500000 13.136022 3.141593 0.400000 644.000000
17.000000 2.037365 0.500000 14.113813 3.141593 0.400000 644.000000
17.250000 2.097728 0.500000 15.104200 3.141593 0.400000 644.000000
17.500000 2.158972 0.566038 15.962980 3.141593 0.400000 644.000000
17.750000 2.221098 0.535714 16.673267 3.141593 0.400000 644.000000
18.000000 2.284105 0.500000 17.643437 3.141593 0.400000 644.000000
18.250000 2.347993 0.562500 18.122865 3.141593 0.400000 644.000000
18.500000 2.412762 0.562500 18.808060 3.141593 0.400000 644.000000
18.750000 2.478412 0.576923 19.495663 3.141593 0.400000 644.000000
19.000000 2.544944 0.576923 20.116040 3.141593 0.400000 644.000000
