6.000000 0.253789 1.018519 -1.628725 1.570796 0.400000 252.000000
6.250000 0.275379 0.903614 -1.706070 1.570796 0.400000 252.000000
6.500000 0.297850 0.982143 -1.660374 1.570796 0.400000 252.000000
6.750000 0.321202 0.906593 -1.697099 1.570796 0.400000 252.000000
7.000000 0.345436 1.196809 -1.617691 1.570796 0.400000 252.000000
7.250000 0.370550 0.918367 -1.655053 1.570796 0.400000 252.000000
7.500000 0.396546 0.816832 -1.552215 1.570796 0.400000 252.000000
7.750000 0.423423 0.750000 -1.507064 1.570796 0.400000 252.000000
8.000000 0.451181 0.674157 -2.256029 1.570796 0.400000 252.000000
8.250000 0.479821 0.500000 0.135006 1.570796 0.400000 252.000000
8.500000 0.509341 0.500000 1.333681 1.570796 0.400000 252.000000
8.750000 0.539743 0.500000 1.933191 1.570796 0.400000 252.000000
9.000000 0.571026 0.500000 2.247865 1.570796 0.400000 252.000000
9.250000 0.603190 0.500000 2.400357 1.570796 0.400000 252.000000
9.500000 0.636236 0.500000 2.404028 1.570796 0.400000 252.000000
9.750000 0.670163 0.513699 2.662688 1.570796 0.400000 252.000000
10.000000 0.704971 0.502577 3.319328 1.570796 0.400000 252.000000
10.250000 0.740660 0.510471 3.564322 1.570796 0.400000 252.000000
10.500000 0.777230 0.513158 3.586058 1.570796 0.400000 252.000000
10.750000 0.814682 0.507812 3.464676 1.570796 0.400000 252.000000
11.000000 0.853014 0.509709 3.207034 1.570796 0.400000 252.000000
11.250000 0.892228 0.508475 2.798465 1.570796 0.400000 252.000000
11.500000 0.932324 0.500000 2.183368 1.570796 0.400000 252.000000
11.750000 0.973300 0.500000 1.189729 1.570796 0.400000 252.000000
12.000000 1.015158 0.500000 -1.683663 1.570796 0.400000 252.000000
12.250000 1.057896 0.613208 -1.299203 1.570796 0.400000 252.000000
12.500000 1.101516 0.496988 -1.331555 1.570796 0.400000 252.000000
12.750000 1.146018 0.586592 -1.501771 1.570796 0.400000 252.000000
13.000000 1.191400 0.670391 -1.417139 1.570796 0.400000 252.000000
13.250000 1.237664 0.645161 -1.587693 1.570796 0.400000 252.000000
13.500000 1.284809 0.527027 -1.357260 1.570796 0.400000 252.000000
13.750000 1.332835 0.523256 -1.343141 1.570796 0.400000 252.000000
14.000000 1.381742 0.649606 -0.840833 1.570796 0.400000 252.000000
14.250000 1.431531 0.640244 -1.757552 1.570796 0.400000 252.000000
14.500000 1.482201 0.666667 -1.528785 1.570796 0.400000 252.000000
14.750000 1.533752 0.633803 -1.525575 1.570796 0.400000 252.000000
15.000000 1.586184 0.548780 -1.479560 1.570796 0.400000 252.000000
15.250000 1.639497 0.500000 2.113374 3.141593 0.400000 252.000000
15.500000 1.693692 0.496689 5.332494 3.141593 0.400000 252.000000
15.750000 1.748768 0.500000 7.256077 3.141593 0.400000 252.000000
16.000000 1.804725 0.500000 8.872656 3.141593 0.400000 252.000000
16.250000 1.861563 0.494505 10.280324 3.141593 0.400000 252.000000
16.500000 1.919282 0.525000 11.382681 3.141593 0.400000 252.000000
16.750000 1.977883 0.530303 12.037475 3.141593 0.400000 252.000000
17.000000 2.037365 0.500000 14.162765 3.141593 0.400000 252.000000
17.250000 2.097728 0.528169 15.144760 3.141593 0.400000 252.000000
17.500000 2.158972 0.526316 16.045030 3.141593 0.400000 252.000000
17.750000 2.221098 0.500000 16.815079 3.141593 0.400000 252.000000
18.000000 2.284105 0.566038 17.576921 3.141593 0.400000 252.000000
18.250000 2.347993 0.535714 18.456000 3.141593 0.400000 252.000000
18.500000 2.412762 0.548780 19.061911 3.141593 0.400000 252.000000
18.750000 2.478412 0.562500 19.663879 3.141593 0.400000 252.000000
19.000000 2.544944 0.576923 20.357365 3.141593 0.400000 252.000000
