6.000000 0.253789 0.775862 -1.635887 1.570796 0.400000 207.000000
6.250000 0.275379 1.006098 -1.651702 1.570796 0.400000 207.000000
6.500000 0.297850 0.882353 -1.673460 1.570796 0.400000 207.000000
6.750000 0.321202 0.970588 -1.610603 1.570796 0.400000 207.000000
7.000000 0.345436 0.970588 -1.726912 1.570796 0.400000 207.000000
7.250000 0.370550 0.825000 -1.555656 1.570796 0.400000 207.000000
7.500000 0.396546 0.833333 -1.698657 1.570796 0.400000 207.000000
7.750000 0.423423 0.668317 -1.751592 1.570796 0.400000 207.000000
8.000000 0.451181 0.900000 -1.225046 1.570796 0.400000 207.000000
8.250000 0.479821 0.521739 -2.185512 1.570796 0.400000 207.000000
8.500000 0.509341 0.500000 0.688553 1.570796 0.400000 207.000000
8.750000 0.539743 0.500000 1.683134 1.570796 0.400000 207.000000
9.000000 0.571026 0.500000 2.236136 1.570796 0.400000 207.000000
9.250000 0.603190 0.500000 2.564404 1.570796 0.400000 207.000000
9.500000 0.636236 0.509050 2.708721 1.570796 0.400000 207.000000
9.750000 0.670163 0.500000 2.711542 1.570796 0.400000 207.000000
10.000000 0.704971 0.509050 2.602890 1.570796 0.400000 207.000000
10.250000 0.740660 0.504484 2.834420 1.570796 0.400000 207.000000
10.500000 0.777230 0.505181 3.914049 1.570796 0.400000 207.000000
10.750000 0.814682 0.502793 4.360551 1.570796 0.400000 207.000000
11.000000 0.853014 0.500000 4.620197 1.570796 0.400000 207.000000
11.250000 0.892228 0.500000 4.636029 1.570796 0.400000 207.000000
11.500000 0.932324 0.508475 4.494296 1.570796 0.400000 207.000000
11.750000 0.973300 0.497238 4.441675 1.570796 0.400000 207.000000
12.000000 1.015158 0.500000 4.001171 1.570796 0.400000 207.000000
12.250000 1.057896 0.500000 3.448906 1.570796 0.400000 207.000000
12.500000 1.101516 0.500000 2.656710 1.570796 0.400000 207.000000
12.750000 1.146018 0.503356 2.084653 1.570796 0.400000 207.000000
13.000000 1.191400 0.498615 1.962073 1.570796 0.400000 207.000000
13.250000 1.237664 0.500000 0.915790 1.570796 0.400000 207.000000
13.500000 1.284809 0.487500 -1.186075 1.570796 0.400000 207.000000
13.750000 1.332835 0.532787 -1.507569 1.570796 0.400000 207.000000
14.000000 1.381742 0.518617 -1.610668 1.570796 0.400000 207.000000
14.250000 1.431531 0.600000 -0.920090 1.570796 0.400000 207.000000
14.500000 1.482201 0.649351 -1.103104 1.570796 0.400000 207.000000
14.750000 1.533752 0.398230 -1.334721 1.570796 0.400000 207.000000
15.000000 1.586184 0.701220 -1.421345 1.570796 0.400000 207.000000
15.250000 1.639497 0.997230 -0.364981 4.712389 0.400000 207.000000
15.500000 1.693692 1.000000 2.162692 4.712389 0.400000 207.000000
15.750000 1.748768 0.678191 4.058239 3.141593 0.400000 207.000000
16.000000 1.804725 0.500000 6.813390 3.141593 0.400000 207.000000
16.250000 1.861563 0.500000 8.934164 3.141593 0.400000 207.000000
16.500000 1.919282 0.494505 10.677746 3.141593 0.400000 207.000000
16.750000 1.977883 0.529412 12.095307 3.141593 0.400000 207.000000
17.000000 2.037365 0.500000 13.493156 3.141593 0.400000 207.000000
17.250000 2.097728 0.548780 13.641500 3.141593 0.400000 207.000000
17.500000 2.158972 0.500000 15.172254 3.141593 0.400000 207.000000
17.750000 2.221098 0.535714 16.254159 3.141593 0.400000 207.000000
18.000000 2.284105 0.517241 17.338990 3.141593 0.400000 207.000000
18.250000 2.347993 0.555556 18.245963 3.141593 0.400000 207.000000
18.500000 2.412762 0.500000 19.313013 3.141593 0.400000 207.000000
18.750000 2.478412 0.523256 20.121984 3.141593 0.400000 207.000000
19.000000 2.544944 0.562500 20.719400 3.141593 0.400000 207.000000
