6.000000 0.253789 0.888158 -1.637074 1.570796 0.400000 132.000000
6.250000 0.275379 0.892857 -1.767464 1.570796 0.400000 132.000000
6.500000 0.297850 0.813253 -1.694208 1.570796 0.400000 132.000000
6.750000 0.321202 0.948276 -1.727514 1.570796 0.400000 132.000000
7.000000 0.345436 0.916667 -1.798038 1.570796 0.400000 132.000000
7.250000 0.370550 1.029412 -1.536964 1.570796 0.400000 132.000000
7.500000 0.396546 0.710526 -2.101283 1.570796 0.400000 132.000000
7.750000 0.423423 0.500000 -0.183023 1.570796 0.400000 132.000000
8.000000 0.451181 0.500000 0.977783 1.570796 0.400000 132.000000
8.250000 0.479821 0.500000 1.483799 1.570796 0.400000 132.000000
8.500000 0.509341 0.507353 1.709891 1.570796 0.400000 132.000000
8.750000 0.539743 0.507692 1.717927 1.570796 0.400000 132.000000
9.000000 0.571026 0.500000 1.507887 1.570796 0.400000 132.000000
9.250000 0.603190 0.500000 1.017291 1.570796 0.400000 132.000000
9.500000 0.636236 0.502793 0.006930 1.570796 0.400000 132.000000
9.750000 0.670163 0.500000 2.079598 1.570796 0.400000 132.000000
10.000000 0.704971 0.510638 3.104501 1.570796 0.400000 132.000000
10.250000 0.740660 0.505319 3.804369 1.570796 0.400000 132.000000
10.500000 0.777230 0.500000 4.331752 1.570796 0.400000 132.000000
10.750000 0.814682 0.500000 4.729401 1.570796 0.400000 132.000000
11.000000 0.853014 0.513699 4.980669 1.570796 0.400000 132.000000
11.250000 0.892228 0.500000 5.178286 1.570796 0.400000 132.000000
11.500000 0.932324 0.519231 5.248108 1.570796 0.400000 132.000000
11.750000 0.973300 0.519231 5.249743 1.570796 0.400000 132.000000
12.000000 1.015158 0.511364 5.180862 1.570796 0.400000 132.000000
12.250000 1.057896 0.517241 4.995444 1.570796 0.400000 132.000000
12.500000 1.101516 0.513699 4.752468 1.570796 0.400000 132.000000
12.750000 1.146018 0.515625 4.387132 1.570796 0.400000 132.000000
13.000000 1.191400 0.510471 3.887049 1.570796 0.400000 132.000000
13.250000 1.237664 0.509050 3.224320 1.570796 0.400000 132.000000
13.500000 1.284809 0.508065 2.287006 1.570796 0.400000 132.000000
13.750000 1.332835 0.500000 0.701329 1.570796 0.400000 132.000000
14.000000 1.381742 0.506757 -0.626990 1.570796 0.400000 132.000000
14.250000 1.431531 0.500000 -1.302626 1.570796 0.400000 132.000000
14.500000 1.482201 0.540865 -1.398823 1.570796 0.400000 132.000000
14.750000 1.533752 0.565327 -1.684175 1.570796 0.400000 132.000000
15.000000 1.586184 0.714286 -1.724022 1.570796 0.400000 132.000000
15.250000 1.639497 1.000000 0.541111 4.712389 0.400000 132.000000
15.500000 1.693692 1.000000 2.619162 4.712389 0.400000 132.000000
15.750000 1.748768 0.768072 4.742505 3.141593 0.400000 132.000000
16.000000 1.804725 0.528169 7.266458 3.141593 0.400000 132.000000
16.250000 1.861563 0.500000 9.216969 3.141593 0.400000 132.000000
16.500000 1.919282 0.517241 11.198662 3.141593 0.400000 132.000000
16.750000 1.977883 0.500000 10.845073 3.141593 0.400000 132.000000
17.000000 2.037365 0.523256 12.523987 3.141593 0.400000 132.000000
17.250000 2.097728 0.500000 13.764221 3.141593 0.400000 132.000000
17.500000 2.158972 0.526316 15.011201 3.141593 0.400000 132.000000
17.750000 2.221098 0.526316 16.136573 3.141593 0.400000 132.000000
18.000000 2.284105 0.500000 17.261776 3.141593 0.400000 132.000000
18.250000 2.347993 0.535714 18.108318 3.141593 0.400000 132.000000
18.500000 2.412762 0.548780 18.980289 3.141593 0.400000 132.000000
18.750000 2.478412 0.576923 19.891198 3.141593 0.400000 132.000000
19.000000 2.544944 0.500000 20.774034 3.141593 0.400000 132.000000
