6.000000 0.253789 0.803571 -1.719661 1.570796 0.400000 178.000000
6.250000 0.275379 0.769231 -1.771544 1.570796 0.400000 178.000000
6.500000 0.297850 0.937500 -1.748131 1.570796 0.400000 178.000000
6.750000 0.321202 0.862069 -1.765798 1.570796 0.400000 178.000000
7.000000 0.345436 0.937500 -1.893620 1.570796 0.400000 178.000000
7.250000 0.370550 0.649038 -1.449639 1.570796 0.400000 178.000000
7.500000 0.396546 0.535714 -2.046050 1.570796 0.400000 178.000000
7.750000 0.423423 0.500000 0.164557 1.570796 0.400000 178.000000
8.000000 0.451181 0.500000 1.083262 1.570796 0.400000 178.000000
8.250000 0.479821 0.500000 1.504621 1.570796 0.400000 178.000000
8.500000 0.509341 0.505865 1.669615 1.570796 0.400000 178.000000
8.750000 0.539743 0.505865 1.614080 1.570796 0.400000 178.000000
9.000000 0.571026 0.500000 1.320736 1.570796 0.400000 178.000000
9.250000 0.603190 0.500000 0.691333 1.570796 0.400000 178.000000
9.500000 0.636236 0.500000 1.379996 1.570796 0.400000 178.000000
9.750000 0.670163 0.501969 2.587180 1.570796 0.400000 178.000000
10.000000 0.704971 0.500000 3.369479 1.570796 0.400000 178.000000
10.250000 0.740660 0.512195 3.922414 1.570796 0.400000 178.000000
10.500000 0.777230 0.514286 4.319223 1.570796 0.400000 178.000000
10.750000 0.814682 0.518868 4.599147 1.570796 0.400000 178.000000
11.000000 0.853014 0.520833 4.775575 1.570796 0.400000 178.000000
11.250000 0.892228 0.500000 4.860819 1.570796 0.400000 178.000000
11.500000 0.932324 0.500000 4.848897 1.570796 0.400000 178.000000
11.750000 0.973300 0.517241 4.740517 1.570796 0.400000 178.000000
12.000000 1.015158 0.518868 4.541514 1.570796 0.400000 178.000000
12.250000 1.057896 0.509259 4.255868 1.570796 0.400000 178.000000
12.500000 1.101516 0.510471 3.819780 1.570796 0.400000 178.000000
12.750000 1.146018 0.511364 3.236497 1.570796 0.400000 178.000000
13.000000 1.191400 0.500000 2.418453 1.570796 0.400000 178.000000
13.250000 1.237664 0.500000 1.111536 1.570796 0.400000 178.000000
13.500000 1.284809 0.468750 -0.555485 1.570796 0.400000 178.000000
13.750000 1.332835 0.508475 -1.802895 1.570796 0.400000 178.000000
14.000000 1.381742 0.502793 -1.548855 1.570796 0.400000 178.000000
14.250000 1.431531 0.538462 -1.431332 1.570796 0.400000 178.000000
14.500000 1.482201 0.662983 -1.688879 1.570796 0.400000 178.000000
14.750000 1.533752 0.668317 -1.470676 1.570796 0.400000 178.000000
15.000000 1.586184 0.734694 -1.641144 1.570796 0.400000 178.000000
15.250000 1.639497 0.498555 2.342125 3.141593 0.400000 178.000000
15.500000 1.693692 0.688776 4.348132 3.141593 0.400000 178.000000
15.750000 1.748768 0.572917 6.776042 3.141593 0.400000 178.000000
16.000000 1.804725 0.500000 8.766449 3.141593 0.400000 178.000000
16.250000 1.861563 0.495283 10.421277 3.141593 0.400000 178.000000
16.500000 1.919282 0.500000 11.951394 3.141593 0.400000 178.000000
16.750000 1.977883 0.529412 13.012057 3.141593 0.400000 178.000000
17.000000 2.037365 0.511364 12.940786 3.141593 0.400000 178.000000
17.250000 2.097728 0.543478 13.579387 3.141593 0.400000 178.000000
17.500000 2.158972 0.500000 14.870833 3.141593 0.400000 178.000000
17.750000 2.221098 0.500000 15.930277 3.141593 0.400000 178.000000
18.000000 2.284105 0.555556 17.088020 3.141593 0.400000 178.000000
18.250000 2.347993 0.500000 18.204989 3.141593 0.400000 178.000000
18.500000 2.412762 0.535714 19.010492 3.141593 0.400000 178.000000
18.750000 2.478412 0.562500 19.874773 3.141593 0.400000 178.000000
19.000000 2.544944 0.576923 20.790105 3.141593 0.400000 178.000000
