6.000000 0.253789 1.139241 -1.741598 1.570796 0.400000 326.000000
6.250000 0.275379 1.234177 -1.802552 1.570796 0.400000 326.000000
6.500000 0.297850 1.120690 -1.727313 1.570796 0.400000 326.000000
6.750000 0.321202 1.189024 -1.758401 1.570796 0.400000 326.000000
7.000000 0.345436 1.058824 -1.669912 1.570796 0.400000 326.000000
7.250000 0.370550 1.235294 -1.770988 1.570796 0.400000 326.000000
7.500000 0.396546 0.675676 -1.585828 1.570796 0.400000 326.000000
7.750000 0.423423 0.975000 -1.415841 1.570796 0.400000 326.000000
8.000000 0.451181 0.718085 -2.251835 1.570796 0.400000 326.000000
8.250000 0.479821 0.500000 0.271328 1.570796 0.400000 326.000000
8.500000 0.509341 0.500000 1.396302 1.570796 0.400000 326.000000
8.750000 0.539743 0.500000 1.976800 1.570796 0.400000 326.000000
9.000000 0.571026 0.507519 2.294630 1.570796 0.400000 326.000000
9.250000 0.603190 0.500000 2.426516 1.570796 0.400000 326.000000
9.500000 0.636236 0.500000 2.412133 1.570796 0.400000 326.000000
9.750000 0.670163 0.500000 2.277954 1.570796 0.400000 326.000000
10.000000 0.704971 0.504202 2.530588 1.570796 0.400000 326.000000
10.250000 0.740660 0.509050 3.566645 1.570796 0.400000 326.000000
10.500000 0.777230 0.500000 3.833442 1.570796 0.400000 326.000000
10.750000 0.814682 0.509709 3.818541 1.570796 0.400000 326.000000
11.000000 0.853014 0.512195 3.676134 1.570796 0.400000 326.000000
11.250000 0.892228 0.500000 3.419699 1.570796 0.400000 326.000000
11.500000 0.932324 0.500000 3.006104 1.570796 0.400000 326.000000
11.750000 0.973300 0.506431 2.393230 1.570796 0.400000 326.000000
12.000000 1.015158 0.500000 1.455896 1.570796 0.400000 326.000000
12.250000 1.057896 0.500000 -0.948093 1.570796 0.400000 326.000000
12.500000 1.101516 0.827206 -1.563566 1.570796 0.400000 326.000000
12.750000 1.146018 0.542169 -1.545239 1.570796 0.400000 326.000000
13.000000 1.191400 0.707547 -1.635137 1.570796 0.400000 326.000000
13.250000 1.237664 0.920245 -1.751223 1.570796 0.400000 326.000000
13.500000 1.284809 0.652174 -1.674580 1.570796 0.400000 326.000000
13.750000 1.332835 0.632022 -1.483926 1.570796 0.400000 326.000000
14.000000 1.381742 0.625000 -1.677845 1.570796 0.400000 326.000000
14.250000 1.431531 0.716292 -1.507904 1.570796 0.400000 326.000000
14.500000 1.482201 0.712291 -1.740722 1.570796 0.400000 326.000000
14.750000 1.533752 0.674157 -1.704020 1.570796 0.400000 326.000000
15.000000 1.586184 0.500000 -0.859278 3.141593 0.400000 326.000000
15.250000 1.639497 0.500000 4.302913 3.141593 0.400000 326.000000
15.500000 1.693692 0.496689 6.330355 3.141593 0.400000 326.000000
15.750000 1.748768 0.557851 7.349303 3.141593 0.400000 326.000000
16.000000 1.804725 0.657895 8.038028 3.141593 0.400000 326.000000
16.250000 1.861563 0.681818 8.033244 3.141593 0.400000 326.000000
16.500000 1.919282 0.535714 11.787675 3.141593 0.400000 326.000000
16.750000 1.977883 0.517241 13.323855 3.141593 0.400000 326.000000
17.000000 2.037365 0.528169 14.291440 3.141593 0.400000 326.000000
17.250000 2.097728 0.520833 15.084921 3.141593 0.400000 326.000000
17.500000 2.158972 0.500000 15.871131 3.141593 0.400000 326.000000
17.750000 2.221098 0.500000 16.519441 3.141593 0.400000 326.000000
18.000000 2.284105 0.535714 17.179380 3.141593 0.400000 326.000000
18.250000 2.347993 0.500000 18.190561 3.141593 0.400000 326.000000
18.500000 2.412762 0.523256 18.908623 3.141593 0.400000 326.000000
18.750000 2.478412 0.548780 19.616757 3.141593 0.400000 326.000000
19.000000 2.544944 0.562500 20.347729 3.141593 0.400000 326.000000
