6.000000 0.253789 0.959302 -1.682374 1.570796 0.400000 370.000000
6.250000 0.275379 1.031250 -1.723985 1.570796 0.400000 370.000000
6.500000 0.297850 0.937500 -1.699024 1.570796 0.400000 370.000000
6.750000 0.321202 0.989011 -1.693765 1.570796 0.400000 370.000000
7.000000 0.345436 0.852273 -1.769892 1.570796 0.400000 370.000000
7.250000 0.370550 0.882353 -1.650023 1.570796 0.400000 370.000000
7.500000 0.396546 0.778302 -1.723018 1.570796 0.400000 370.000000
7.750000 0.423423 0.857143 -1.688995 1.570796 0.400000 370.000000
8.000000 0.451181 1.039604 -1.364032 1.570796 0.400000 370.000000
8.250000 0.479821 0.514706 -1.987042 1.570796 0.400000 370.000000
8.500000 0.509341 0.500000 0.758951 1.570796 0.400000 370.000000
8.750000 0.539743 0.500000 1.724785 1.570796 0.400000 370.000000
9.000000 0.571026 0.500000 2.226705 1.570796 0.400000 370.000000
9.250000 0.603190 0.506329 2.543605 1.570796 0.400000 370.000000
9.500000 0.636236 0.500000 2.734931 1.570796 0.400000 370.000000
9.750000 0.670163 0.512195 2.761724 1.570796 0.400000 370.000000
10.000000 0.704971 0.515873 3.149290 1.570796 0.400000 370.000000
10.250000 0.740660 0.502793 3.568696 1.570796 0.400000 370.000000
10.500000 0.777230 0.500000 3.737669 1.570796 0.400000 370.000000
10.750000 0.814682 0.500000 3.729714 1.570796 0.400000 370.000000
11.000000 0.853014 0.500000 3.586819 1.570796 0.400000 370.000000
11.250000 0.892228 0.512195 3.270918 1.570796 0.400000 370.000000
11.500000 0.932324 0.508475 2.821148 1.570796 0.400000 370.000000
11.750000 0.973300 0.500000 2.151237 1.570796 0.400000 370.000000
12.000000 1.015158 0.500000 1.050725 1.570796 0.400000 370.000000
12.250000 1.057896 0.500000 -2.161556 1.570796 0.400000 370.000000
12.500000 1.101516 0.546358 -1.461708 1.570796 0.400000 370.000000
12.750000 1.146018 0.583333 -1.400438 1.570796 0.400000 370.000000
13.000000 1.191400 0.745342 -1.750294 1.570796 0.400000 370.000000
13.250000 1.237664 0.471429 -1.576711 1.570796 0.400000 370.000000
13.500000 1.284809 0.628743 -1.782137 1.570796 0.400000 370.000000
13.750000 1.332835 0.685976 -1.576712 1.570796 0.400000 370.000000
14.000000 1.381742 0.721154 -1.646761 1.570796 0.400000 370.000000
14.250000 1.431531 0.650510 -1.578890 1.570796 0.400000 370.000000
14.500000 1.482201 0.625000 -1.521267 1.570796 0.400000 370.000000
14.750000 1.533752 0.716080 -1.707779 1.570796 0.400000 370.000000
15.000000 1.586184 0.695122 -1.667900 1.570796 0.400000 370.000000
15.250000 1.639497 0.724138 -2.044095 4.712389 0.400000 370.000000
15.500000 1.693692 0.588235 3.726119 3.141593 0.400000 370.000000
15.750000 1.748768 0.668790 5.615564 3.141593 0.400000 370.000000
16.000000 1.804725 0.729167 6.579210 3.141593 0.400000 370.000000
16.250000 1.861563 0.557851 8.979977 3.141593 0.400000 370.000000
16.500000 1.919282 0.500000 11.513178 3.141593 0.400000 370.000000
16.750000 1.977883 0.523256 12.883497 3.141593 0.400000 370.000000
17.000000 2.037365 0.543478 13.901381 3.141593 0.400000 370.000000
17.250000 2.097728 0.535714 14.888202 3.141593 0.400000 370.000000
17.500000 2.158972 0.535714 15.766420 3.141593 0.400000 370.000000
17.750000 2.221098 0.500000 16.617609 3.141593 0.400000 370.000000
18.000000 2.284105 0.566038 17.426340 3.141593 0.400000 370.000000
18.250000 2.347993 0.523256 18.311351 3.141593 0.400000 370.000000
18.500000 2.412762 0.548780 18.963399 3.141593 0.400000 370.000000
18.750000 2.478412 0.562500 19.600603 3.141593 0.400000 370.000000
19.000000 2.544944 0.562500 20.282604 3.141593 0.400000 370.000000
