6.000000 0.253789 1.125000 -1.664664 1.570796 0.400000 518.000000
6.250000 0.275379 1.363636 -1.566368 1.570796 0.400000 518.000000
6.500000 0.297850 1.222826 -1.680929 1.570796 0.400000 518.000000
6.750000 0.321202 1.093750 -1.633628 1.570796 0.400000 518.000000
7.000000 0.345436 1.048387 -1.660449 1.570796 0.400000 518.000000
7.250000 0.370550 1.129032 -1.707399 1.570796 0.400000 518.000000
7.500000 0.396546 1.005155 -1.637686 1.570796 0.400000 518.000000
7.750000 0.423423 1.200000 -1.732673 1.570796 0.400000 518.000000
8.000000 0.451181 0.946602 -1.763114 1.570796 0.400000 518.000000
8.250000 0.479821 0.801527 -1.252590 1.570796 0.400000 518.000000
8.500000 0.509341 0.500000 1.352307 1.570796 0.400000 518.000000
8.750000 0.539743 0.500000 1.961645 1.570796 0.400000 518.000000
9.000000 0.571026 0.507353 2.302116 1.570796 0.400000 518.000000
9.250000 0.603190 0.500000 2.451680 1.570796 0.400000 518.000000
9.500000 0.636236 0.501520 1.704586 1.570796 0.400000 518.000000
9.750000 0.670163 0.511364 2.742342 1.570796 0.400000 518.000000
10.000000 0.704971 0.500000 3.453343 1.570796 0.400000 518.000000
10.250000 0.740660 0.508475 3.954227 1.570796 0.400000 518.000000
10.500000 0.777230 0.500000 4.315902 1.570796 0.400000 518.000000
10.750000 0.814682 0.500000 4.560937 1.570796 0.400000 518.000000
11.000000 0.853014 0.523256 4.690533 1.570796 0.400000 518.000000
11.250000 0.892228 0.500000 4.733427 1.570796 0.400000 518.000000
11.500000 0.932324 0.500000 4.687047 1.570796 0.400000 518.000000
11.750000 0.973300 0.515267 4.536628 1.570796 0.400000 518.000000
12.000000 1.015158 0.513699 4.280257 1.570796 0.400000 518.000000
12.250000 1.057896 0.512422 3.922121 1.570796 0.400000 518.000000
12.500000 1.101516 0.511364 3.416779 1.570796 0.400000 518.000000
12.750000 1.146018 0.500000 2.720788 1.570796 0.400000 518.000000
13.000000 1.191400 0.500000 1.655291 1.570796 0.400000 518.000000
13.250000 1.237664 0.500000 -1.258580 1.570796 0.400000 518.000000
13.500000 1.284809 0.515873 -1.129354 1.570796 0.400000 518.000000
13.750000 1.332835 0.497449 -1.191133 1.570796 0.400000 518.000000
14.000000 1.381742 0.535714 -1.070625 1.570796 0.400000 518.000000
14.250000 1.431531 0.481283 -1.443378 1.570796 0.400000 518.000000
14.500000 1.482201 0.497449 -1.340117 1.570796 0.400000 518.000000
14.750000 1.533752 0.583333 -1.512012 1.570796 0.400000 518.000000
15.000000 1.586184 0.517241 -1.592443 1.570796 0.400000 518.000000
15.250000 1.639497 1.000000 0.106340 4.712389 0.400000 518.000000
15.500000 1.693692 1.000000 2.528783 4.712389 0.400000 518.000000
15.750000 1.748768 0.846154 3.765891 3.141593 0.400000 518.000000
16.000000 1.804725 0.754717 5.266226 3.141593 0.400000 518.000000
16.250000 1.861563 0.500000 6.555309 3.141593 0.400000 518.000000
16.500000 1.919282 0.495283 9.764208 3.141593 0.400000 518.000000
16.750000 1.977883 0.500000 11.971876 3.141593 0.400000 518.000000
17.000000 2.037365 0.500000 13.470787 3.141593 0.400000 518.000000
17.250000 2.097728 0.513699 14.576937 3.141593 0.400000 518.000000
17.500000 2.158972 0.500000 15.555648 3.141593 0.400000 518.000000
17.750000 2.221098 0.500000 16.395137 3.141593 0.400000 518.000000
18.000000 2.284105 0.576923 17.377658 3.141593 0.400000 518.000000
18.250000 2.347993 0.535714 18.157831 3.141593 0.400000 518.000000
18.500000 2.412762 0.548780 18.979300 3.141593 0.400000 518.000000
18.750000 2.478412 0.576923 19.858677 3.141593 0.400000 518.000000
19.000000 2.544944 0.576923 20.725976 3.141593 0.400000 518.000000
