6.000000 0.253789 1.323529 -1.689976 1.570796 0.400000 895.000000
6.250000 0.275379 1.278409 -1.684017 1.570796 0.400000 895.000000
6.500000 0.297850 1.853933 -1.629766 1.570796 0.400000 895.000000
6.750000 0.321202 1.395349 -1.750321 1.570796 0.400000 895.000000
7.000000 0.345436 1.328125 -1.698779 1.570796 0.400000 895.000000
7.250000 0.370550 1.125000 -1.658891 1.570796 0.400000 895.000000
7.500000 0.396546 1.132075 -1.449379 1.570796 0.400000 895.000000
7.750000 0.423423 0.500000 -0.590397 1.570796 0.400000 895.000000
8.000000 0.451181 0.500000 0.867925 1.570796 0.400000 895.000000
8.250000 0.479821 0.500000 1.441560 1.570796 0.400000 895.000000
8.500000 0.509341 0.504202 1.708551 1.570796 0.400000 895.000000
8.750000 0.539743 0.509259 1.752381 1.570796 0.400000 895.000000
9.000000 0.571026 0.500000 1.597036 1.570796 0.400000 895.000000
9.250000 0.603190 0.498615 1.160881 1.570796 0.400000 895.000000
9.500000 0.636236 0.500000 2.132180 1.570796 0.400000 895.000000
9.750000 0.670163 0.500000 2.972636 1.570796 0.400000 895.000000
10.000000 0.704971 0.500000 3.544251 1.570796 0.400000 895.000000
10.250000 0.740660 0.500000 3.951847 1.570796 0.400000 895.000000
10.500000 0.777230 0.500000 4.214055 1.570796 0.400000 895.000000
10.750000 0.814682 0.513699 4.370714 1.570796 0.400000 895.000000
11.000000 0.853014 0.520833 4.423535 1.570796 0.400000 895.000000
11.250000 0.892228 0.517241 4.376794 1.570796 0.400000 895.000000
11.500000 0.932324 0.510204 4.245197 1.570796 0.400000 895.000000
11.750000 0.973300 0.503049 4.003047 1.570796 0.400000 895.000000
12.000000 1.015158 0.514286 3.617940 1.570796 0.400000 895.000000
12.250000 1.057896 0.509709 3.082609 1.570796 0.400000 895.000000
12.500000 1.101516 0.505319 2.315839 1.570796 0.400000 895.000000
12.750000 1.146018 0.500000 1.102125 1.570796 0.400000 895.000000
13.000000 1.191400 0.561024 -0.440366 1.570796 0.400000 895.000000
13.250000 1.237664 0.508475 -1.672222 1.570796 0.400000 895.000000
13.500000 1.284809 0.494505 -1.461079 1.570796 0.400000 895.000000
13.750000 1.332835 0.705882 -0.871758 1.570796 0.400000 895.000000
14.000000 1.381742 0.535714 -1.419683 1.570796 0.400000 895.000000
14.250000 1.431531 0.692308 -1.251002 1.570796 0.400000 895.000000
14.500000 1.482201 0.593023 -1.339464 1.570796 0.400000 895.000000
14.750000 1.533752 0.733333 -1.558616 1.570796 0.400000 895.000000
15.000000 1.586184 0.722477 -1.799728 1.570796 0.400000 895.000000
15.250000 1.639497 1.000000 1.219936 4.712389 0.400000 895.000000
15.500000 1.693692 0.497238 4.330467 3.141593 0.400000 895.000000
15.750000 1.748768 0.500000 6.756212 3.141593 0.400000 895.000000
16.000000 1.804725 0.509709 8.735140 3.141593 0.400000 895.000000
16.250000 1.861563 0.519802 10.446295 3.141593 0.400000 895.000000
16.500000 1.919282 0.500000 11.731582 3.141593 0.400000 895.000000
16.750000 1.977883 0.500000 11.960686 3.141593 0.400000 895.000000
17.000000 2.037365 0.513699 14.061375 3.141593 0.400000 895.000000
17.250000 2.097728 0.535714 15.067432 3.141593 0.400000 895.000000
17.500000 2.158972 0.555556 15.946695 3.141593 0.400000 895.000000
17.750000 2.221098 0.535714 16.783592 3.141593 0.400000 895.000000
18.000000 2.284105 0.500000 17.845346 3.141593 0.400000 895.000000
18.250000 2.347993 0.535714 18.536795 3.141593 0.400000 895.000000
18.500000 2.412762 0.562500 19.066451 3.141593 0.400000 895.000000
18.750000 2.478412 0.576923 19.778329 3.141593 0.400000 895.000000
19.000000 2.544944 0.592105 20.396506 3.141593 0.400000 895.000000
