6.000000 0.253789 1.031250 -1.734915 1.570796 0.400000 781.000000
6.250000 0.275379 1.203704 -1.720246 1.570796 0.400000 781.000000
6.500000 0.297850 1.339286 -1.771769 1.570796 0.400000 781.000000
6.750000 0.321202 1.179775 -1.731882 1.570796 0.400000 781.000000
7.000000 0.345436 1.569767 -1.834035 1.570796 0.400000 781.000000
7.250000 0.370550 1.290323 -1.659557 1.570796 0.400000 781.000000
7.500000 0.396546 1.264045 -1.813726 1.570796 0.400000 781.000000
7.750000 0.423423 1.395349 -2.054369 1.570796 0.400000 781.000000
8.000000 0.451181 1.081731 -1.460827 1.570796 0.400000 781.000000
8.250000 0.479821 0.633117 -0.659330 1.570796 0.400000 781.000000
8.500000 0.509341 0.497118 1.155292 1.570796 0.400000 781.000000
8.750000 0.539743 0.500000 1.624585 1.570796 0.400000 781.000000
9.000000 0.571026 0.500000 2.225500 1.570796 0.400000 781.000000
9.250000 0.603190 0.500000 2.602866 1.570796 0.400000 781.000000
9.500000 0.636236 0.500000 2.810909 1.570796 0.400000 781.000000
9.750000 0.670163 0.500000 2.866309 1.570796 0.400000 781.000000
10.000000 0.704971 0.500000 2.767773 1.570796 0.400000 781.000000
10.250000 0.740660 0.509050 2.518943 1.570796 0.400000 781.000000
10.500000 0.777230 0.500000 2.078518 1.570796 0.400000 781.000000
10.750000 0.814682 0.500000 1.347621 1.570796 0.400000 781.000000
11.000000 0.853014 0.500000 -0.194208 1.570796 0.400000 781.000000
11.250000 0.892228 0.632022 -0.376378 1.570796 0.400000 781.000000
11.500000 0.932324 0.676692 -1.745289 1.570796 0.400000 781.000000
11.750000 0.973300 0.493421 -1.336002 1.570796 0.400000 781.000000
12.000000 1.015158 0.671642 -1.695964 1.570796 0.400000 781.000000
12.250000 1.057896 0.629032 -1.436617 1.570796 0.400000 781.000000
12.500000 1.101516 0.695364 -1.747014 1.570796 0.400000 781.000000
12.750000 1.146018 0.583832 -1.497062 1.570796 0.400000 781.000000
13.000000 1.191400 0.750000 -1.644718 1.570796 0.400000 781.000000
13.250000 1.237664 0.779221 -1.810618 1.570796 0.400000 781.000000
13.500000 1.284809 0.657895 -1.665356 1.570796 0.400000 781.000000
13.750000 1.332835 0.621547 -1.563912 1.570796 0.400000 781.000000
14.000000 1.381742 0.754438 -1.612648 1.570796 0.400000 781.000000
14.250000 1.431531 0.645161 -1.590959 1.570796 0.400000 781.000000
14.500000 1.482201 0.648649 -1.639630 1.570796 0.400000 781.000000
14.750000 1.533752 0.669014 -1.478075 1.570796 0.400000 781.000000
15.000000 1.586184 0.875000 -1.100567 1.570796 0.400000 781.000000
15.250000 1.639497 0.612245 2.488979 3.141593 0.400000 781.000000
15.500000 1.693692 0.704420 4.649554 3.141593 0.400000 781.000000
15.750000 1.748768 0.858434 4.753779 3.141593 0.400000 781.000000
16.000000 1.804725 0.512821 8.844506 3.141593 0.400000 781.000000
16.250000 1.861563 0.514706 10.892972 3.141593 0.400000 781.000000
16.500000 1.919282 0.500000 12.232955 3.141593 0.400000 781.000000
16.750000 1.977883 0.520833 13.363247 3.141593 0.400000 781.000000
17.000000 2.037365 0.520833 14.403592 3.141593 0.400000 781.000000
17.250000 2.097728 0.500000 15.372700 3.141593 0.400000 781.000000
17.500000 2.158972 0.500000 16.177970 3.141593 0.400000 781.000000
17.750000 2.221098 0.535714 16.855817 3.141593 0.400000 781.000000
18.000000 2.284105 0.500000 17.813397 3.141593 0.400000 781.000000
18.250000 2.347993 0.500000 18.501401 3.141593 0.400000 781.000000
18.500000 2.412762 0.500000 19.203376 3.141593 0.400000 781.000000
18.750000 2.478412 0.535714 19.828610 3.141593 0.400000 781.000000
19.000000 2.544944 0.548780 20.361643 3.141593 0.400000 781.000000
