6.000000 0.253789 1.637931 -1.612873 1.570796 0.400000 300.000000
6.250000 0.275379 1.445783 -1.692376 1.570796 0.400000 300.000000
6.500000 0.297850 1.781250 -1.636052 1.570796 0.400000 300.000000
6.750000 0.321202 1.465517 -1.677676 1.570796 0.400000 300.000000
7.000000 0.345436 1.250000 -1.642458 1.570796 0.400000 300.000000
7.250000 0.370550 1.500000 -1.662473 1.570796 0.400000 300.000000
7.500000 0.396546 1.019417 -1.593283 1.570796 0.400000 300.000000
7.750000 0.423423 1.310680 -1.456824 1.570796 0.400000 300.000000
8.000000 0.451181 0.661765 -1.847843 1.570796 0.400000 300.000000
8.250000 0.479821 0.500000 0.486013 1.570796 0.400000 300.000000
8.500000 0.509341 0.500000 1.472716 1.570796 0.400000 300.000000
8.750000 0.539743 0.500000 1.996311 1.570796 0.400000 300.000000
9.000000 0.571026 0.507519 2.275993 1.570796 0.400000 300.000000
9.250000 0.603190 0.503953 2.375959 1.570796 0.400000 300.000000
9.500000 0.636236 0.507968 2.293637 1.570796 0.400000 300.000000
9.750000 0.670163 0.502092 2.316527 1.570796 0.400000 300.000000
10.000000 0.704971 0.502392 3.192588 1.570796 0.400000 300.000000
10.250000 0.740660 0.512195 3.858724 1.570796 0.400000 300.000000
10.500000 0.777230 0.500000 4.341528 1.570796 0.400000 300.000000
10.750000 0.814682 0.517241 4.653475 1.570796 0.400000 300.000000
11.000000 0.853014 0.523256 4.873010 1.570796 0.400000 300.000000
11.250000 0.892228 0.500000 4.991669 1.570796 0.400000 300.000000
11.500000 0.932324 0.515267 5.003476 1.570796 0.400000 300.000000
11.750000 0.973300 0.511364 4.947015 1.570796 0.400000 300.000000
12.000000 1.015158 0.519231 4.798744 1.570796 0.400000 300.000000
12.250000 1.057896 0.517241 4.539511 1.570796 0.400000 300.000000
12.500000 1.101516 0.500000 4.222941 1.570796 0.400000 300.000000
12.750000 1.146018 0.500000 3.706392 1.570796 0.400000 300.000000
13.000000 1.191400 0.500000 3.055469 1.570796 0.400000 300.000000
13.250000 1.237664 0.504808 2.079990 1.570796 0.400000 300.000000
13.500000 1.284809 0.500000 0.323333 1.570796 0.400000 300.000000
13.750000 1.332835 0.530660 -0.736443 1.570796 0.400000 300.000000
14.000000 1.381742 0.530660 -1.202898 1.570796 0.400000 300.000000
14.250000 1.431531 0.535714 -1.106957 1.570796 0.400000 300.000000
14.500000 1.482201 0.512195 -1.475157 1.570796 0.400000 300.000000
14.750000 1.533752 0.568720 -1.313098 1.570796 0.400000 300.000000
15.000000 1.586184 0.548780 -1.285427 1.570796 0.400000 300.000000
15.250000 1.639497 0.703125 -1.351064 1.570796 0.400000 300.000000
15.500000 1.693692 0.500000 2.934471 3.141593 0.400000 300.000000
15.750000 1.748768 0.642857 4.706160 3.141593 0.400000 300.000000
16.000000 1.804725 0.661765 6.723324 3.141593 0.400000 300.000000
16.250000 1.861563 0.576923 8.641403 3.141593 0.400000 300.000000
16.500000 1.919282 0.495283 10.299942 3.141593 0.400000 300.000000
16.750000 1.977883 0.500000 12.077699 3.141593 0.400000 300.000000
17.000000 2.037365 0.500000 12.882889 3.141593 0.400000 300.000000
17.250000 2.097728 0.529412 13.145076 3.141593 0.400000 300.000000
17.500000 2.158972 0.520833 14.524162 3.141593 0.400000 300.000000
17.750000 2.221098 0.545455 15.673492 3.141593 0.400000 300.000000
18.000000 2.284105 0.545455 16.859142 3.141593 0.400000 300.000000
18.250000 2.347993 0.500000 18.038140 3.141593 0.400000 300.000000
18.500000 2.412762 0.548780 18.837125 3.141593 0.400000 300.000000
18.750000 2.478412 0.576923 19.848984 3.141593 0.400000 300.000000
19.000000 2.544944 0.500000 20.848539 3.141593 0.400000 300.000000
