6.000000 0.253789 0.759494 -1.718908 1.570796 0.400000 878.000000
6.250000 0.275379 0.813253 -1.607051 1.570796 0.400000 878.000000
6.500000 0.297850 0.784884 -1.698257 1.570796 0.400000 878.000000
6.750000 0.321202 0.872093 -1.807786 1.570796 0.400000 878.000000
7.000000 0.345436 0.797872 -1.623882 1.570796 0.400000 878.000000
7.250000 0.370550 0.789474 -1.808333 1.570796 0.400000 878.000000
7.500000 0.396546 0.594059 -1.576822 1.570796 0.400000 878.000000
7.750000 0.423423 0.824176 -1.509400 1.570796 0.400000 878.000000
8.000000 0.451181 0.742574 -2.194900 1.570796 0.400000 878.000000
8.250000 0.479821 0.500000 -0.094700 1.570796 0.400000 878.000000
8.500000 0.509341 0.500000 1.267852 1.570796 0.400000 878.000000
8.750000 0.539743 0.500000 1.919589 1.570796 0.400000 878.000000
9.000000 0.571026 0.509434 2.282430 1.570796 0.400000 878.000000
9.250000 0.603190 0.500000 2.463045 1.570796 0.400000 878.000000
9.500000 0.636236 0.500000 2.476519 1.570796 0.400000 878.000000
9.750000 0.670163 0.506329 2.311763 1.570796 0.400000 878.000000
10.000000 0.704971 0.503953 2.252423 1.570796 0.400000 878.000000
10.250000 0.740660 0.505952 2.909933 1.570796 0.400000 878.000000
10.500000 0.777230 0.510638 4.085201 1.570796 0.400000 878.000000
10.750000 0.814682 0.512195 4.633998 1.570796 0.400000 878.000000
11.000000 0.853014 0.500000 4.855902 1.570796 0.400000 878.000000
11.250000 0.892228 0.500000 4.964061 1.570796 0.400000 878.000000
11.500000 0.932324 0.507812 4.996394 1.570796 0.400000 878.000000
11.750000 0.973300 0.500000 4.942076 1.570796 0.400000 878.000000
12.000000 1.015158 0.500000 4.793997 1.570796 0.400000 878.000000
12.250000 1.057896 0.500000 4.561952 1.570796 0.400000 878.000000
12.500000 1.101516 0.502092 4.186867 1.570796 0.400000 878.000000
12.750000 1.146018 0.501859 3.709632 1.570796 0.400000 878.000000
13.000000 1.191400 0.503049 3.016791 1.570796 0.400000 878.000000
13.250000 1.237664 0.500000 2.133308 1.570796 0.400000 878.000000
13.500000 1.284809 0.500000 0.372311 1.570796 0.400000 878.000000
13.750000 1.332835 0.441176 -1.385623 1.570796 0.400000 878.000000
14.000000 1.381742 0.532995 -1.369404 1.570796 0.400000 878.000000
14.250000 1.431531 0.632530 -0.900728 1.570796 0.400000 878.000000
14.500000 1.482201 0.500000 -1.682205 1.570796 0.400000 878.000000
14.750000 1.533752 0.494924 -1.557087 1.570796 0.400000 878.000000
15.000000 1.586184 0.579710 -1.507003 1.570796 0.400000 878.000000
15.250000 1.639497 1.000000 -0.894580 4.712389 0.400000 878.000000
15.500000 1.693692 1.000000 2.145102 4.712389 0.400000 878.000000
15.750000 1.748768 0.496988 4.861184 3.141593 0.400000 878.000000
16.000000 1.804725 0.500000 7.323946 3.141593 0.400000 878.000000
16.250000 1.861563 0.500000 9.289422 3.141593 0.400000 878.000000
16.500000 1.919282 0.500000 10.921432 3.141593 0.400000 878.000000
16.750000 1.977883 0.500000 12.074138 3.141593 0.400000 878.000000
17.000000 2.037365 0.519802 12.080757 3.141593 0.400000 878.000000
17.250000 2.097728 0.500000 14.638760 3.141593 0.400000 878.000000
17.500000 2.158972 0.535714 15.738303 3.141593 0.400000 878.000000
17.750000 2.221098 0.555556 16.623302 3.141593 0.400000 878.000000
18.000000 2.284105 0.526316 17.511401 3.141593 0.400000 878.000000
18.250000 2.347993 0.566038 18.346516 3.141593 0.400000 878.000000
18.500000 2.412762 0.489130 19.375986 3.141593 0.400000 878.000000
18.750000 2.478412 0.535714 20.047337 3.141593 0.400000 878.000000
19.000000 2.544944 0.548780 20.669158 3.141593 0.400000 878.000000
