6.000000 0.253789 1.944444 -1.728590 1.570796 0.400000 598.000000
6.250000 0.275379 1.944444 -1.782419 1.570796 0.400000 598.000000
6.500000 0.297850 2.321429 -1.756489 1.570796 0.400000 598.000000
6.750000 0.321202 1.982759 -1.730855 1.570796 0.400000 598.000000
7.000000 0.345436 1.896552 -1.786748 1.570796 0.400000 598.000000
7.250000 0.370550 1.559406 -1.655707 1.570796 0.400000 598.000000
7.500000 0.396546 1.607143 -1.757082 1.570796 0.400000 598.000000
7.750000 0.423423 1.458333 -1.639850 1.570796 0.400000 598.000000
8.000000 0.451181 1.425000 -1.635193 1.570796 0.400000 598.000000
8.250000 0.479821 0.733083 -1.425613 1.570796 0.400000 598.000000
8.500000 0.509341 0.500000 0.318674 1.570796 0.400000 598.000000
8.750000 0.539743 0.500000 1.549757 1.570796 0.400000 598.000000
9.000000 0.571026 0.500000 1.983388 1.570796 0.400000 598.000000
9.250000 0.603190 0.507968 2.465862 1.570796 0.400000 598.000000
9.500000 0.636236 0.510638 2.808798 1.570796 0.400000 598.000000
9.750000 0.670163 0.512195 3.054297 1.570796 0.400000 598.000000
10.000000 0.704971 0.502793 3.282516 1.570796 0.400000 598.000000
10.250000 0.740660 0.500000 3.367719 1.570796 0.400000 598.000000
10.500000 0.777230 0.500000 3.319832 1.570796 0.400000 598.000000
10.750000 0.814682 0.513158 3.110965 1.570796 0.400000 598.000000
11.000000 0.853014 0.509050 2.751987 1.570796 0.400000 598.000000
11.250000 0.892228 0.500000 2.191617 1.570796 0.400000 598.000000
11.500000 0.932324 0.500000 1.274963 1.570796 0.400000 598.000000
11.750000 0.973300 0.500000 -1.274138 1.570796 0.400000 598.000000
12.000000 1.015158 0.570175 -0.842631 1.570796 0.400000 598.000000
12.250000 1.057896 0.580110 -1.248844 1.570796 0.400000 598.000000
12.500000 1.101516 0.692935 -1.264159 1.570796 0.400000 598.000000
12.750000 1.146018 0.669643 -1.367323 1.570796 0.400000 598.000000
13.000000 1.191400 0.750000 -1.571425 1.570796 0.400000 598.000000
13.250000 1.237664 0.745614 -1.503120 1.570796 0.400000 598.000000
13.500000 1.284809 0.808383 -1.619845 1.570796 0.400000 598.000000
13.750000 1.332835 0.708333 -1.549718 1.570796 0.400000 598.000000
14.000000 1.381742 0.628743 -1.627617 1.570796 0.400000 598.000000
14.250000 1.431531 0.782209 -1.777011 1.570796 0.400000 598.000000
14.500000 1.482201 0.608108 -1.330541 1.570796 0.400000 598.000000
14.750000 1.533752 0.742574 -1.473711 1.570796 0.400000 598.000000
15.000000 1.586184 0.793651 -1.738064 1.570796 0.400000 598.000000
15.250000 1.639497 1.000000 -0.032830 4.712389 0.400000 598.000000
15.500000 1.693692 0.498047 3.030754 3.141593 0.400000 598.000000
15.750000 1.748768 0.566038 5.406099 3.141593 0.400000 598.000000
16.000000 1.804725 0.557851 7.159164 3.141593 0.400000 598.000000
16.250000 1.861563 0.500000 8.476389 3.141593 0.400000 598.000000
16.500000 1.919282 0.500000 9.021682 3.141593 0.400000 598.000000
16.750000 1.977883 0.500000 12.309829 3.141593 0.400000 598.000000
17.000000 2.037365 0.500000 13.861696 3.141593 0.400000 598.000000
17.250000 2.097728 0.500000 14.698001 3.141593 0.400000 598.000000
17.500000 2.158972 0.500000 15.680811 3.141593 0.400000 598.000000
17.750000 2.221098 0.500000 16.428712 3.141593 0.400000 598.000000
18.000000 2.284105 0.566038 17.352822 3.141593 0.400000 598.000000
18.250000 2.347993 0.535714 18.178219 3.141593 0.400000 598.000000
18.500000 2.412762 0.548780 18.971186 3.141593 0.400000 598.000000
18.750000 2.478412 0.576923 19.815556 3.141593 0.400000 598.000000
19.000000 2.544944 0.576923 20.635158 3.141593 0.400000 598.000000
