6.000000 0.253789 1.133721 -1.667921 1.570796 0.400000 106.000000
6.250000 0.275379 1.147059 -1.746339 1.570796 0.400000 106.000000
6.500000 0.297850 1.250000 -1.785538 1.570796 0.400000 106.000000
6.750000 0.321202 1.193182 -1.770536 1.570796 0.400000 106.000000
7.000000 0.345436 1.250000 -1.771088 1.570796 0.400000 106.000000
7.250000 0.370550 1.022727 -1.744125 1.570796 0.400000 106.000000
7.500000 0.396546 0.762712 -1.344427 1.570796 0.400000 106.000000
7.750000 0.423423 0.500000 0.713192 1.570796 0.400000 106.000000
8.000000 0.451181 1.071429 -1.699290 1.570796 0.400000 106.000000
8.250000 0.479821 0.500000 1.423650 1.570796 0.400000 106.000000
8.500000 0.509341 0.500000 1.381572 1.570796 0.400000 106.000000
8.750000 0.539743 0.500000 1.086009 1.570796 0.400000 106.000000
9.000000 0.571026 0.500000 0.397560 1.570796 0.400000 106.000000
9.250000 0.603190 0.500000 0.702245 1.570796 0.400000 106.000000
9.500000 0.636236 0.500000 2.132951 1.570796 0.400000 106.000000
9.750000 0.670163 0.500000 2.974146 1.570796 0.400000 106.000000
10.000000 0.704971 0.506329 3.547483 1.570796 0.400000 106.000000
10.250000 0.740660 0.517241 3.945575 1.570796 0.400000 106.000000
10.500000 0.777230 0.500000 4.227766 1.570796 0.400000 106.000000
10.750000 0.814682 0.517241 4.367380 1.570796 0.400000 106.000000
11.000000 0.853014 0.500000 4.447423 1.570796 0.400000 106.000000
11.250000 0.892228 0.500000 4.415590 1.570796 0.400000 106.000000
11.500000 0.932324 0.510204 4.248506 1.570796 0.400000 106.000000
11.750000 0.973300 0.500000 4.027366 1.570796 0.400000 106.000000
12.000000 1.015158 0.500000 3.655368 1.570796 0.400000 106.000000
12.250000 1.057896 0.500000 3.117903 1.570796 0.400000 106.000000
12.500000 1.101516 0.507519 2.348813 1.570796 0.400000 106.000000
12.750000 1.146018 0.500000 1.153423 1.570796 0.400000 106.000000
13.000000 1.191400 0.487013 -2.821384 1.570796 0.400000 106.000000
13.250000 1.237664 0.496988 -1.589109 1.570796 0.400000 106.000000
13.500000 1.284809 0.451807 -1.270434 1.570796 0.400000 106.000000
13.750000 1.332835 0.477941 -1.171830 1.570796 0.400000 106.000000
14.000000 1.381742 0.532787 -1.494770 1.570796 0.400000 106.000000
14.250000 1.431531 0.494924 -1.414636 1.570796 0.400000 106.000000
14.500000 1.482201 0.538674 -1.609140 1.570796 0.400000 106.000000
14.750000 1.533752 0.606061 -1.548189 1.570796 0.400000 106.000000
15.000000 1.586184 1.000000 -1.109468 4.712389 0.400000 106.000000
15.250000 1.639497 1.000000 2.060266 4.712389 0.400000 106.000000
15.500000 1.693692 0.769231 4.114330 3.141593 0.400000 106.000000
15.750000 1.748768 0.596026 6.369831 3.141593 0.400000 106.000000
16.000000 1.804725 0.511364 7.941180 3.141593 0.400000 106.000000
16.250000 1.861563 0.500000 9.121379 3.141593 0.400000 106.000000
16.500000 1.919282 0.512821 11.054781 3.141593 0.400000 106.000000
16.750000 1.977883 0.500000 11.681482 3.141593 0.400000 106.000000
17.000000 2.037365 0.500000 12.995267 3.141593 0.400000 106.000000
17.250000 2.097728 0.559701 14.313077 3.141593 0.400000 106.000000
17.500000 2.158972 0.500000 15.385012 3.141593 0.400000 106.000000
17.750000 2.221098 0.566038 16.371170 3.141593 0.400000 106.000000
18.000000 2.284105 0.535714 17.240146 3.141593 0.400000 106.000000
18.250000 2.347993 0.562500 18.103708 3.141593 0.400000 106.000000
18.500000 2.412762 0.576923 19.005845 3.141593 0.400000 106.000000
18.750000 2.478412 0.500000 19.944272 3.141593 0.400000 106.000000
19.000000 2.544944 0.500000 20.548944 3.141593 0.400000 106.000000
