6.000000 0.253789 1.329114 -1.692482 1.570796 0.400000 677.000000
6.250000 0.275379 1.388889 -1.717933 1.570796 0.400000 677.000000
6.500000 0.297850 1.264045 -1.679645 1.570796 0.400000 677.000000
6.750000 0.321202 1.129032 -1.673357 1.570796 0.400000 677.000000
7.000000 0.345436 1.250000 -1.722973 1.570796 0.400000 677.000000
7.250000 0.370550 1.328125 -1.687627 1.570796 0.400000 677.000000
7.500000 0.396546 1.200000 -1.730873 1.570796 0.400000 677.000000
7.750000 0.423423 1.275000 -1.813375 1.570796 0.400000 677.000000
8.000000 0.451181 1.212121 -1.615665 1.570796 0.400000 677.000000
8.250000 0.479821 0.503356 -1.258191 1.570796 0.400000 677.000000
8.500000 0.509341 0.500000 1.028409 1.570796 0.400000 677.000000
8.750000 0.539743 0.500000 1.837062 1.570796 0.400000 677.000000
9.000000 0.571026 0.500000 2.301521 1.570796 0.400000 677.000000
9.250000 0.603190 0.498155 2.451264 1.570796 0.400000 677.000000
9.500000 0.636236 0.497925 2.475289 1.570796 0.400000 677.000000
9.750000 0.670163 0.509050 2.891210 1.570796 0.400000 677.000000
10.000000 0.704971 0.510471 3.488591 1.570796 0.400000 677.000000
10.250000 0.740660 0.512422 3.916220 1.570796 0.400000 677.000000
10.500000 0.777230 0.513699 4.148122 1.570796 0.400000 677.000000
10.750000 0.814682 0.517241 4.254970 1.570796 0.400000 677.000000
11.000000 0.853014 0.517241 4.266409 1.570796 0.400000 677.000000
11.250000 0.892228 0.500000 4.183572 1.570796 0.400000 677.000000
11.500000 0.932324 0.500000 4.004437 1.570796 0.400000 677.000000
11.750000 0.973300 0.512422 3.668127 1.570796 0.400000 677.000000
12.000000 1.015158 0.507812 3.201410 1.570796 0.400000 677.000000
12.250000 1.057896 0.508475 2.537534 1.570796 0.400000 677.000000
12.500000 1.101516 0.500000 1.528521 1.570796 0.400000 677.000000
12.750000 1.146018 0.500000 -1.290990 1.570796 0.400000 677.000000
13.000000 1.191400 0.544041 -1.103194 1.570796 0.400000 677.000000
13.250000 1.237664 0.456853 -1.219170 1.570796 0.400000 677.000000
13.500000 1.284809 0.540865 -1.093098 1.570796 0.400000 677.000000
13.750000 1.332835 0.544041 -1.378556 1.570796 0.400000 677.000000
14.000000 1.381742 0.459184 -1.310613 1.570796 0.400000 677.000000
14.250000 1.431531 0.532787 -1.436383 1.570796 0.400000 677.000000
14.500000 1.482201 0.527638 -1.377855 1.570796 0.400000 677.000000
14.750000 1.533752 0.512195 -1.596164 1.570796 0.400000 677.000000
15.000000 1.586184 0.491266 -1.214929 1.570796 0.400000 677.000000
15.250000 1.639497 1.000000 0.728375 4.712389 0.400000 677.000000
15.500000 1.693692 1.000000 2.716707 4.712389 0.400000 677.000000
15.750000 1.748768 0.856164 3.284150 3.141593 0.400000 677.000000
16.000000 1.804725 0.910405 4.289256 3.141593 0.400000 677.000000
16.250000 1.861563 0.500000 6.958756 3.141593 0.400000 677.000000
16.500000 1.919282 0.509709 9.310593 3.141593 0.400000 677.000000
16.750000 1.977883 0.525000 11.603281 3.141593 0.400000 677.000000
17.000000 2.037365 0.500000 13.332291 3.141593 0.400000 677.000000
17.250000 2.097728 0.520833 14.167321 3.141593 0.400000 677.000000
17.500000 2.158972 0.551471 15.291523 3.141593 0.400000 677.000000
17.750000 2.221098 0.500000 16.301859 3.141593 0.400000 677.000000
18.000000 2.284105 0.545455 17.202359 3.141593 0.400000 677.000000
18.250000 2.347993 0.523256 18.236916 3.141593 0.400000 677.000000
18.500000 2.412762 0.548780 18.981903 3.141593 0.400000 677.000000
18.750000 2.478412 0.562500 19.896264 3.141593 0.400000 677.000000
19.000000 2.544944 0.576923 20.788937 3.141593 0.400000 677.000000
