6.000000 0.253789 1.250000 -1.623080 1.570796 0.400000 83.000000
6.250000 0.275379 1.206897 -1.675884 1.570796 0.400000 83.000000
6.500000 0.297850 1.193182 -1.712454 1.570796 0.400000 83.000000
6.750000 0.321202 1.619318 -1.740714 1.570796 0.400000 83.000000
7.000000 0.345436 1.704545 -1.787405 1.570796 0.400000 83.000000
7.250000 0.370550 1.421053 -1.731916 1.570796 0.400000 83.000000
7.500000 0.396546 1.421053 -1.869971 1.570796 0.400000 83.000000
7.750000 0.423423 0.500000 -0.487563 1.570796 0.400000 83.000000
8.000000 0.451181 0.500000 0.965708 1.570796 0.400000 83.000000
8.250000 0.479821 0.500000 1.481977 1.570796 0.400000 83.000000
8.500000 0.509341 0.500000 1.713452 1.570796 0.400000 83.000000
8.750000 0.539743 0.500000 1.731418 1.570796 0.400000 83.000000
9.000000 0.571026 0.500000 1.526696 1.570796 0.400000 83.000000
9.250000 0.603190 0.500000 1.054144 1.570796 0.400000 83.000000
9.500000 0.636236 0.500000 -0.089553 1.570796 0.400000 83.000000
9.750000 0.670163 0.500000 1.849623 1.570796 0.400000 83.000000
10.000000 0.704971 0.500000 2.980769 1.570796 0.400000 83.000000
10.250000 0.740660 0.500000 3.754456 1.570796 0.400000 83.000000
10.500000 0.777230 0.500000 4.319767 1.570796 0.400000 83.000000
10.750000 0.814682 0.500000 4.735322 1.570796 0.400000 83.000000
11.000000 0.853014 0.500000 5.051050 1.570796 0.400000 83.000000
11.250000 0.892228 0.500000 5.266611 1.570796 0.400000 83.000000
11.500000 0.932324 0.521739 5.360754 1.570796 0.400000 83.000000
11.750000 0.973300 0.526316 5.405411 1.570796 0.400000 83.000000
12.000000 1.015158 0.521739 5.353804 1.570796 0.400000 83.000000
12.250000 1.057896 0.500000 5.250536 1.570796 0.400000 83.000000
12.500000 1.101516 0.515267 5.006271 1.570796 0.400000 83.000000
12.750000 1.146018 0.500000 4.732858 1.570796 0.400000 83.000000
13.000000 1.191400 0.510204 4.291245 1.570796 0.400000 83.000000
13.250000 1.237664 0.500000 3.715932 1.570796 0.400000 83.000000
13.500000 1.284809 0.504484 2.953807 1.570796 0.400000 83.000000
13.750000 1.332835 0.504386 1.840848 1.570796 0.400000 83.000000
14.000000 1.381742 0.500000 -0.836904 1.570796 0.400000 83.000000
14.250000 1.431531 0.535714 -0.938986 1.570796 0.400000 83.000000
14.500000 1.482201 0.532995 -1.259060 1.570796 0.400000 83.000000
14.750000 1.533752 0.493421 -1.298097 1.570796 0.400000 83.000000
15.000000 1.586184 0.497925 -1.341476 1.570796 0.400000 83.000000
15.250000 1.639497 1.000000 0.512188 4.712389 0.400000 83.000000
15.500000 1.693692 0.684647 3.063973 3.141593 0.400000 83.000000
15.750000 1.748768 0.613208 5.406367 3.141593 0.400000 83.000000
16.000000 1.804725 0.625000 6.854148 3.141593 0.400000 83.000000
16.250000 1.861563 0.500000 9.144670 3.141593 0.400000 83.000000
16.500000 1.919282 0.500000 11.396460 3.141593 0.400000 83.000000
16.750000 1.977883 0.500000 12.770937 3.141593 0.400000 83.000000
17.000000 2.037365 0.513699 13.885242 3.141593 0.400000 83.000000
17.250000 2.097728 0.517241 14.901293 3.141593 0.400000 83.000000
17.500000 2.158972 0.500000 15.739311 3.141593 0.400000 83.000000
17.750000 2.221098 0.576923 16.688241 3.141593 0.400000 83.000000
18.000000 2.284105 0.535714 17.432770 3.141593 0.400000 83.000000
18.250000 2.347993 0.562500 18.175740 3.141593 0.400000 83.000000
18.500000 2.412762 0.592105 18.959632 3.141593 0.400000 83.000000
18.750000 2.478412 0.576923 19.757919 3.141593 0.400000 83.000000
19.000000 2.544944 0.500000 20.486643 3.141593 0.400000 83.000000
