6.000000 0.253789 2.062500 -1.772331 1.570796 0.400000 205.000000
6.250000 0.275379 2.129630 -1.847868 1.570796 0.400000 205.000000
6.500000 0.297850 2.400000 -1.979291 1.570796 0.400000 205.000000
6.750000 0.321202 2.115385 -1.978397 1.570796 0.400000 205.000000
7.000000 0.345436 2.037037 -1.937143 1.570796 0.400000 205.000000
7.250000 0.370550 1.675532 -1.967533 1.570796 0.400000 205.000000
7.500000 0.396546 0.497449 -0.304706 1.570796 0.400000 205.000000
7.750000 0.423423 0.500000 0.828794 1.570796 0.400000 205.000000
8.000000 0.451181 1.630435 -1.900327 1.570796 0.400000 205.000000
8.250000 0.479821 0.500000 1.403380 1.570796 0.400000 205.000000
8.500000 0.509341 0.500000 1.304651 1.570796 0.400000 205.000000
8.750000 0.539743 0.500000 0.931968 1.570796 0.400000 205.000000
9.000000 0.571026 0.500000 0.048789 1.570796 0.400000 205.000000
9.250000 0.603190 0.500000 0.215921 1.570796 0.400000 205.000000
9.500000 0.636236 0.500000 1.953905 1.570796 0.400000 205.000000
9.750000 0.670163 0.500000 2.884170 1.570796 0.400000 205.000000
10.000000 0.704971 0.509050 3.511439 1.570796 0.400000 205.000000
10.250000 0.740660 0.500000 3.959240 1.570796 0.400000 205.000000
10.500000 0.777230 0.500000 4.272357 1.570796 0.400000 205.000000
10.750000 0.814682 0.524476 4.459390 1.570796 0.400000 205.000000
11.000000 0.853014 0.517241 4.546174 1.570796 0.400000 205.000000
11.250000 0.892228 0.517241 4.541902 1.570796 0.400000 205.000000
11.500000 0.932324 0.510204 4.449921 1.570796 0.400000 205.000000
11.750000 0.973300 0.510204 4.257567 1.570796 0.400000 205.000000
12.000000 1.015158 0.515625 3.943934 1.570796 0.400000 205.000000
12.250000 1.057896 0.513158 3.487941 1.570796 0.400000 205.000000
12.500000 1.101516 0.500000 2.877115 1.570796 0.400000 205.000000
12.750000 1.146018 0.504587 1.954663 1.570796 0.400000 205.000000
13.000000 1.191400 0.500000 0.270158 1.570796 0.400000 205.000000
13.250000 1.237664 0.597015 -0.414488 1.570796 0.400000 205.000000
13.500000 1.284809 0.573980 -1.211200 1.570796 0.400000 205.000000
13.750000 1.332835 0.731707 -1.510599 1.570796 0.400000 205.000000
14.000000 1.381742 0.618132 -1.339221 1.570796 0.400000 205.000000
14.250000 1.431531 0.771429 -1.634033 1.570796 0.400000 205.000000
14.500000 1.482201 0.787500 -1.650037 1.570796 0.400000 205.000000
14.750000 1.533752 0.746445 -1.579419 1.570796 0.400000 205.000000
15.000000 1.586184 1.003937 -2.574968 4.712389 0.400000 205.000000
15.250000 1.639497 0.692771 3.023756 3.141593 0.400000 205.000000
15.500000 1.693692 0.918367 3.850604 3.141593 0.400000 205.000000
15.750000 1.748768 0.629371 6.821661 3.141593 0.400000 205.000000
16.000000 1.804725 0.508475 8.952043 3.141593 0.400000 205.000000
16.250000 1.861563 0.495283 10.633384 3.141593 0.400000 205.000000
16.500000 1.919282 0.500000 12.295698 3.141593 0.400000 205.000000
16.750000 1.977883 0.500000 11.974893 3.141593 0.400000 205.000000
17.000000 2.037365 0.500000 13.068272 3.141593 0.400000 205.000000
17.250000 2.097728 0.513699 14.280647 3.141593 0.400000 205.000000
17.500000 2.158972 0.535714 15.320835 3.141593 0.400000 205.000000
17.750000 2.221098 0.526316 16.388497 3.141593 0.400000 205.000000
18.000000 2.284105 0.500000 17.540918 3.141593 0.400000 205.000000
18.250000 2.347993 0.500000 18.442408 3.141593 0.400000 205.000000
18.500000 2.412762 0.535714 19.160989 3.141593 0.400000 205.000000
18.750000 2.478412 0.562500 19.914852 3.141593 0.400000 205.000000
19.000000 2.544944 0.592105 20.700937 3.141593 0.400000 205.000000
