6.000000 0.253789 1.323529 -1.667151 1.570796 0.400000 43.000000
6.250000 0.275379 1.037234 -1.599540 1.570796 0.400000 43.000000
6.500000 0.297850 1.046512 -1.577835 1.570796 0.400000 43.000000
6.750000 0.321202 1.120690 -1.683923 1.570796 0.400000 43.000000
7.000000 0.345436 0.887097 -1.679890 1.570796 0.400000 43.000000
7.250000 0.370550 1.000000 -1.587668 1.570796 0.400000 43.000000
7.500000 0.396546 0.911215 -1.267378 1.570796 0.400000 43.000000
7.750000 0.423423 0.500000 -0.551613 1.570796 0.400000 43.000000
8.000000 0.451181 0.500000 0.890977 1.570796 0.400000 43.000000
8.250000 0.479821 0.500000 1.462406 1.570796 0.400000 43.000000
8.500000 0.509341 0.500000 1.736086 1.570796 0.400000 43.000000
8.750000 0.539743 0.500000 1.787186 1.570796 0.400000 43.000000
9.000000 0.571026 0.504808 1.624596 1.570796 0.400000 43.000000
9.250000 0.603190 0.500000 1.209712 1.570796 0.400000 43.000000
9.500000 0.636236 0.501672 2.131834 1.570796 0.400000 43.000000
9.750000 0.670163 0.500000 2.980560 1.570796 0.400000 43.000000
10.000000 0.704971 0.512821 3.544513 1.570796 0.400000 43.000000
10.250000 0.740660 0.500000 3.953375 1.570796 0.400000 43.000000
10.500000 0.777230 0.512422 4.214483 1.570796 0.400000 43.000000
10.750000 0.814682 0.518868 4.363645 1.570796 0.400000 43.000000
11.000000 0.853014 0.500000 4.438301 1.570796 0.400000 43.000000
11.250000 0.892228 0.500000 4.401497 1.570796 0.400000 43.000000
11.500000 0.932324 0.512422 4.229317 1.570796 0.400000 43.000000
11.750000 0.973300 0.500000 4.005858 1.570796 0.400000 43.000000
12.000000 1.015158 0.510471 3.602837 1.570796 0.400000 43.000000
12.250000 1.057896 0.500000 3.072240 1.570796 0.400000 43.000000
12.500000 1.101516 0.505051 2.294031 1.570796 0.400000 43.000000
12.750000 1.146018 0.500000 1.054015 1.570796 0.400000 43.000000
13.000000 1.191400 0.500000 -2.358751 1.570796 0.400000 43.000000
13.250000 1.237664 0.502577 -1.484549 1.570796 0.400000 43.000000
13.500000 1.284809 0.625000 -1.362338 1.570796 0.400000 43.000000
13.750000 1.332835 0.549738 -1.303189 1.570796 0.400000 43.000000
14.000000 1.381742 0.568182 -1.612982 1.570796 0.400000 43.000000
14.250000 1.431531 0.807692 -1.562292 1.570796 0.400000 43.000000
14.500000 1.482201 0.627753 -1.258402 1.570796 0.400000 43.000000
14.750000 1.533752 0.760369 -1.510086 1.570796 0.400000 43.000000
15.000000 1.586184 0.500000 0.330728 3.141593 0.400000 43.000000
15.250000 1.639497 0.500000 4.246597 3.141593 0.400000 43.000000
15.500000 1.693692 0.596026 5.623135 3.141593 0.400000 43.000000
15.750000 1.748768 0.677083 6.762958 3.141593 0.400000 43.000000
16.000000 1.804725 0.519802 9.549790 3.141593 0.400000 43.000000
16.250000 1.861563 0.529412 11.175355 3.141593 0.400000 43.000000
16.500000 1.919282 0.500000 12.426015 3.141593 0.400000 43.000000
16.750000 1.977883 0.500000 13.383572 3.141593 0.400000 43.000000
17.000000 2.037365 0.559701 14.309913 3.141593 0.400000 43.000000
17.250000 2.097728 0.535714 15.054133 3.141593 0.400000 43.000000
17.500000 2.158972 0.517241 15.882132 3.141593 0.400000 43.000000
17.750000 2.221098 0.576923 16.612783 3.141593 0.400000 43.000000
18.000000 2.284105 0.523256 17.399215 3.141593 0.400000 43.000000
18.250000 2.347993 0.535714 18.069557 3.141593 0.400000 43.000000
18.500000 2.412762 0.562500 18.762253 3.141593 0.400000 43.000000
18.750000 2.478412 0.576923 19.569416 3.141593 0.400000 43.000000
19.000000 2.544944 0.592105 20.319216 3.141593 0.400000 43.000000
