6.000000 0.253789 1.234177 -1.643520 1.570796 0.400000 503.000000
6.250000 0.275379 1.329114 -1.788190 1.570796 0.400000 503.000000
6.500000 0.297850 1.206897 -1.682004 1.570796 0.400000 503.000000
6.750000 0.321202 1.411765 -1.664267 1.570796 0.400000 503.000000
7.000000 0.345436 1.142857 -1.387982 1.570796 0.400000 503.000000
7.250000 0.370550 0.514706 -1.470836 1.570796 0.400000 503.000000
7.500000 0.396546 0.500000 0.329559 1.570796 0.400000 503.000000
7.750000 0.423423 0.500000 0.973571 1.570796 0.400000 503.000000
8.000000 0.451181 0.500000 1.223785 1.570796 0.400000 503.000000
8.250000 0.479821 0.500000 1.207933 1.570796 0.400000 503.000000
8.500000 0.509341 0.500000 0.919537 1.570796 0.400000 503.000000
8.750000 0.539743 0.500000 0.195422 1.570796 0.400000 503.000000
9.000000 0.571026 0.495868 -1.884316 1.570796 0.400000 503.000000
9.250000 0.603190 0.777778 -0.931473 1.570796 0.400000 503.000000
9.500000 0.636236 0.997340 -0.744205 3.141593 0.400000 503.000000
9.750000 0.670163 0.681818 -1.549630 1.570796 0.400000 503.000000
10.000000 0.704971 0.991736 -1.783057 1.570796 0.400000 503.000000
10.250000 0.740660 0.888889 -1.641492 1.570796 0.400000 503.000000
10.500000 0.777230 1.184211 -1.773637 1.570796 0.400000 503.000000
10.750000 0.814682 0.786713 -1.717432 1.570796 0.400000 503.000000
11.000000 0.853014 0.988372 -1.695374 1.570796 0.400000 503.000000
11.250000 0.892228 0.978261 -1.753517 1.570796 0.400000 503.000000
11.500000 0.932324 0.891608 -1.686268 1.570796 0.400000 503.000000
11.750000 0.973300 0.923913 -1.738065 1.570796 0.400000 503.000000
12.000000 1.015158 0.937500 -1.694993 1.570796 0.400000 503.000000
12.250000 1.057896 0.937500 -1.701805 1.570796 0.400000 503.000000
12.500000 1.101516 0.865385 -1.641310 1.570796 0.400000 503.000000
12.750000 1.146018 0.901899 -1.814041 1.570796 0.400000 503.000000
13.000000 1.191400 0.818966 -1.356393 1.570796 0.400000 503.000000
13.250000 1.237664 0.699482 -0.994446 1.570796 0.400000 503.000000
13.500000 1.284809 0.634328 -1.343434 1.570796 0.400000 503.000000
13.750000 1.332835 0.863636 -1.858691 1.570796 0.400000 503.000000
14.000000 1.381742 0.921053 -1.632131 1.570796 0.400000 503.000000
14.250000 1.431531 0.854922 -1.727864 1.570796 0.400000 503.000000
14.500000 1.482201 0.937500 -1.854505 1.570796 0.400000 503.000000
14.750000 1.533752 1.000000 0.810267 4.712389 0.400000 503.000000
15.000000 1.586184 0.498489 2.025289 3.141593 0.400000 503.000000
15.250000 1.639497 0.496988 4.887405 3.141593 0.400000 503.000000
15.500000 1.693692 0.511364 6.954158 3.141593 0.400000 503.000000
15.750000 1.748768 0.500000 8.914521 3.141593 0.400000 503.000000
16.000000 1.804725 0.500000 10.475190 3.141593 0.400000 503.000000
16.250000 1.861563 0.548780 11.738492 3.141593 0.400000 503.000000
16.500000 1.919282 0.500000 12.753267 3.141593 0.400000 503.000000
16.750000 1.977883 0.500000 13.835394 3.141593 0.400000 503.000000
17.000000 2.037365 0.566038 14.670290 3.141593 0.400000 503.000000
17.250000 2.097728 0.535714 15.417118 3.141593 0.400000 503.000000
17.500000 2.158972 0.500000 16.344698 3.141593 0.400000 503.000000
17.750000 2.221098 0.548780 16.892853 3.141593 0.400000 503.000000
18.000000 2.284105 0.592105 17.587516 3.141593 0.400000 503.000000
18.250000 2.347993 0.592105 18.248626 3.141593 0.400000 503.000000
18.500000 2.412762 0.576923 18.888566 3.141593 0.400000 503.000000
18.750000 2.478412 0.500000 19.538429 3.141593 0.400000 503.000000
19.000000 2.544944 0.500000 20.038083 3.141593 0.400000 503.000000
