6.000000 0.253789 0.740741 -1.710744 1.570796 0.400000 49.000000
6.250000 0.275379 0.794118 -1.750426 1.570796 0.400000 49.000000
6.500000 0.297850 1.006098 -1.795959 1.570796 0.400000 49.000000
6.750000 0.321202 0.775862 -1.745754 1.570796 0.400000 49.000000
7.000000 0.345436 0.843750 -1.894262 1.570796 0.400000 49.000000
7.250000 0.370550 0.882353 -1.431929 1.570796 0.400000 49.000000
7.500000 0.396546 0.525000 -1.888340 1.570796 0.400000 49.000000
7.750000 0.423423 0.500000 0.178581 1.570796 0.400000 49.000000
8.000000 0.451181 0.500000 1.074494 1.570796 0.400000 49.000000
8.250000 0.479821 0.500000 1.483386 1.570796 0.400000 49.000000
8.500000 0.509341 0.500000 1.633562 1.570796 0.400000 49.000000
8.750000 0.539743 0.507353 1.558500 1.570796 0.400000 49.000000
9.000000 0.571026 0.501393 1.351915 1.570796 0.400000 49.000000
9.250000 0.603190 0.501592 2.293329 1.570796 0.400000 49.000000
9.500000 0.636236 0.501761 2.874557 1.570796 0.400000 49.000000
9.750000 0.670163 0.512821 3.201438 1.570796 0.400000 49.000000
10.000000 0.704971 0.500000 3.397621 1.570796 0.400000 49.000000
10.250000 0.740660 0.512195 3.446098 1.570796 0.400000 49.000000
10.500000 0.777230 0.500000 3.384063 1.570796 0.400000 49.000000
10.750000 0.814682 0.508475 3.171432 1.570796 0.400000 49.000000
11.000000 0.853014 0.509434 2.834887 1.570796 0.400000 49.000000
11.250000 0.892228 0.506135 2.301173 1.570796 0.400000 49.000000
11.500000 0.932324 0.500000 1.461386 1.570796 0.400000 49.000000
11.750000 0.973300 0.500000 -0.402996 1.570796 0.400000 49.000000
12.000000 1.015158 0.365854 -1.405714 1.570796 0.400000 49.000000
12.250000 1.057896 0.744275 -1.875700 1.570796 0.400000 49.000000
12.500000 1.101516 0.654362 -1.724089 1.570796 0.400000 49.000000
12.750000 1.146018 0.496324 -1.687542 1.570796 0.400000 49.000000
13.000000 1.191400 0.506135 -1.704255 1.570796 0.400000 49.000000
13.250000 1.237664 0.449102 -1.408273 1.570796 0.400000 49.000000
13.500000 1.284809 0.529891 -1.089817 1.570796 0.400000 49.000000
13.750000 1.332835 0.650510 -1.453884 1.570796 0.400000 49.000000
14.000000 1.381742 0.500000 -1.641676 1.570796 0.400000 49.000000
14.250000 1.431531 0.582902 -1.600981 1.570796 0.400000 49.000000
14.500000 1.482201 0.486486 -1.729912 1.570796 0.400000 49.000000
14.750000 1.533752 0.688776 -1.678080 1.570796 0.400000 49.000000
15.000000 1.586184 0.500000 0.442967 3.141593 0.400000 49.000000
15.250000 1.639497 0.533175 4.136858 3.141593 0.400000 49.000000
15.500000 1.693692 1.000000 3.108487 4.712389 0.400000 49.000000
15.750000 1.748768 0.500000 7.990710 3.141593 0.400000 49.000000
16.000000 1.804725 0.495283 9.973008 3.141593 0.400000 49.000000
16.250000 1.861563 0.546875 11.488309 3.141593 0.400000 49.000000
16.500000 1.919282 0.500000 12.667968 3.141593 0.400000 49.000000
16.750000 1.977883 0.500000 13.638975 3.141593 0.400000 49.000000
17.000000 2.037365 0.551471 14.494563 3.141593 0.400000 49.000000
17.250000 2.097728 0.535714 15.181167 3.141593 0.400000 49.000000
17.500000 2.158972 0.500000 15.901944 3.141593 0.400000 49.000000
17.750000 2.221098 0.576923 16.749048 3.141593 0.400000 49.000000
18.000000 2.284105 0.523256 17.557516 3.141593 0.400000 49.000000
18.250000 2.347993 0.535714 18.225600 3.141593 0.400000 49.000000
18.500000 2.412762 0.562500 18.907833 3.141593 0.400000 49.000000
18.750000 2.478412 0.576923 19.674604 3.141593 0.400000 49.000000
19.000000 2.544944 0.576923 20.421074 3.141593 0.400000 49.000000
