6.000000 0.253789 1.265060 -1.724458 1.570796 0.400000 803.000000
6.250000 0.275379 1.120690 -1.713478 1.570796 0.400000 803.000000
6.500000 0.297850 1.189024 -1.791783 1.570796 0.400000 803.000000
6.750000 0.321202 1.278409 -1.758832 1.570796 0.400000 803.000000
7.000000 0.345436 1.411765 -1.786427 1.570796 0.400000 803.000000
7.250000 0.370550 1.071429 -1.721915 1.570796 0.400000 803.000000
7.500000 0.396546 1.209677 -1.754372 1.570796 0.400000 803.000000
7.750000 0.423423 1.339286 -1.879443 1.570796 0.400000 803.000000
8.000000 0.451181 0.500000 1.249816 1.570796 0.400000 803.000000
8.250000 0.479821 0.500000 1.234719 1.570796 0.400000 803.000000
8.500000 0.509341 0.500000 0.947615 1.570796 0.400000 803.000000
8.750000 0.539743 0.498555 -0.186236 1.570796 0.400000 803.000000
9.000000 0.571026 0.500000 1.513075 1.570796 0.400000 803.000000
9.250000 0.603190 0.500000 2.337573 1.570796 0.400000 803.000000
9.500000 0.636236 0.500000 2.853712 1.570796 0.400000 803.000000
9.750000 0.670163 0.500000 3.191916 1.570796 0.400000 803.000000
10.000000 0.704971 0.500000 3.372715 1.570796 0.400000 803.000000
10.250000 0.740660 0.500000 3.421827 1.570796 0.400000 803.000000
10.500000 0.777230 0.500000 3.347741 1.570796 0.400000 803.000000
10.750000 0.814682 0.500000 3.156189 1.570796 0.400000 803.000000
11.000000 0.853014 0.512195 2.789786 1.570796 0.400000 803.000000
11.250000 0.892228 0.505952 2.243987 1.570796 0.400000 803.000000
11.500000 0.932324 0.500000 1.374704 1.570796 0.400000 803.000000
11.750000 0.973300 0.500000 -0.760539 1.570796 0.400000 803.000000
12.000000 1.015158 0.593220 -0.608271 1.570796 0.400000 803.000000
12.250000 1.057896 0.538674 -1.194703 1.570796 0.400000 803.000000
12.500000 1.101516 0.542763 -1.446927 1.570796 0.400000 803.000000
12.750000 1.146018 0.677083 -1.833245 1.570796 0.400000 803.000000
13.000000 1.191400 0.621019 -1.512408 1.570796 0.400000 803.000000
13.250000 1.237664 0.538674 -1.459366 1.570796 0.400000 803.000000
13.500000 1.284809 0.677711 -1.594159 1.570796 0.400000 803.000000
13.750000 1.332835 0.428571 -1.214539 1.570796 0.400000 803.000000
14.000000 1.381742 0.579268 -0.904278 1.570796 0.400000 803.000000
14.250000 1.431531 0.635593 -1.859656 1.570796 0.400000 803.000000
14.500000 1.482201 0.762032 -1.508931 1.570796 0.400000 803.000000
14.750000 1.533752 0.500000 1.190165 3.141593 0.400000 803.000000
15.000000 1.586184 0.497449 4.571381 3.141593 0.400000 803.000000
15.250000 1.639497 0.496324 6.332943 3.141593 0.400000 803.000000
15.500000 1.693692 0.512821 8.068050 3.141593 0.400000 803.000000
15.750000 1.748768 0.495283 9.542297 3.141593 0.400000 803.000000
16.000000 1.804725 0.500000 10.851100 3.141593 0.400000 803.000000
16.250000 1.861563 0.500000 11.932053 3.141593 0.400000 803.000000
16.500000 1.919282 0.535714 12.944117 3.141593 0.400000 803.000000
16.750000 1.977883 0.500000 13.884635 3.141593 0.400000 803.000000
17.000000 2.037365 0.551471 14.441222 3.141593 0.400000 803.000000
17.250000 2.097728 0.528169 14.806211 3.141593 0.400000 803.000000
17.500000 2.158972 0.526316 15.442611 3.141593 0.400000 803.000000
17.750000 2.221098 0.500000 16.344288 3.141593 0.400000 803.000000
18.000000 2.284105 0.555556 17.298090 3.141593 0.400000 803.000000
18.250000 2.347993 0.500000 18.328624 3.141593 0.400000 803.000000
18.500000 2.412762 0.523256 19.183544 3.141593 0.400000 803.000000
18.750000 2.478412 0.562500 19.838869 3.141593 0.400000 803.000000
19.000000 2.544944 0.576923 20.659419 3.141593 0.400000 803.000000
