6.000000 0.253789 1.536145 -1.763199 1.570796 0.400000 979.000000
6.250000 0.275379 1.807229 -1.775737 1.570796 0.400000 979.000000
6.500000 0.297850 1.744186 -1.787892 1.570796 0.400000 979.000000
6.750000 0.321202 1.626506 -1.799084 1.570796 0.400000 979.000000
7.000000 0.345436 1.601124 -1.781070 1.570796 0.400000 979.000000
7.250000 0.370550 1.212121 -1.575551 1.570796 0.400000 979.000000
7.500000 0.396546 0.873786 -1.873171 1.570796 0.400000 979.000000
7.750000 0.423423 0.500000 0.204058 1.570796 0.400000 979.000000
8.000000 0.451181 0.500000 1.093686 1.570796 0.400000 979.000000
8.250000 0.479821 0.500000 1.502159 1.570796 0.400000 979.000000
8.500000 0.509341 0.500000 1.657350 1.570796 0.400000 979.000000
8.750000 0.539743 0.500000 1.591890 1.570796 0.400000 979.000000
9.000000 0.571026 0.500000 1.280629 1.570796 0.400000 979.000000
9.250000 0.603190 0.500000 0.624279 1.570796 0.400000 979.000000
9.500000 0.636236 0.500000 1.290125 1.570796 0.400000 979.000000
9.750000 0.670163 0.500000 2.546945 1.570796 0.400000 979.000000
10.000000 0.704971 0.500000 3.349621 1.570796 0.400000 979.000000
10.250000 0.740660 0.514706 3.917606 1.570796 0.400000 979.000000
10.500000 0.777230 0.518868 4.332367 1.570796 0.400000 979.000000
10.750000 0.814682 0.500000 4.632960 1.570796 0.400000 979.000000
11.000000 0.853014 0.500000 4.822909 1.570796 0.400000 979.000000
11.250000 0.892228 0.500000 4.911888 1.570796 0.400000 979.000000
11.500000 0.932324 0.500000 4.911245 1.570796 0.400000 979.000000
11.750000 0.973300 0.515267 4.815651 1.570796 0.400000 979.000000
12.000000 1.015158 0.513699 4.615559 1.570796 0.400000 979.000000
12.250000 1.057896 0.513699 4.350036 1.570796 0.400000 979.000000
12.500000 1.101516 0.509259 3.951753 1.570796 0.400000 979.000000
12.750000 1.146018 0.510471 3.392795 1.570796 0.400000 979.000000
13.000000 1.191400 0.500000 2.627239 1.570796 0.400000 979.000000
13.250000 1.237664 0.500000 1.458128 1.570796 0.400000 979.000000
13.500000 1.284809 0.497630 -2.223284 1.570796 0.400000 979.000000
13.750000 1.332835 0.563584 -1.252763 1.570796 0.400000 979.000000
14.000000 1.381742 0.456853 -1.314178 1.570796 0.400000 979.000000
14.250000 1.431531 0.495283 -1.277986 1.570796 0.400000 979.000000
14.500000 1.482201 0.589005 -1.604388 1.570796 0.400000 979.000000
14.750000 1.533752 0.769231 -1.520873 1.570796 0.400000 979.000000
15.000000 1.586184 0.724790 -1.740457 1.570796 0.400000 979.000000
15.250000 1.639497 1.000000 0.828114 4.712389 0.400000 979.000000
15.500000 1.693692 1.000000 2.865566 4.712389 0.400000 979.000000
15.750000 1.748768 0.745856 4.839823 3.141593 0.400000 979.000000
16.000000 1.804725 0.576923 6.242467 3.141593 0.400000 979.000000
16.250000 1.861563 0.500000 9.396238 3.141593 0.400000 979.000000
16.500000 1.919282 0.500000 11.290108 3.141593 0.400000 979.000000
16.750000 1.977883 0.535714 12.736943 3.141593 0.400000 979.000000
17.000000 2.037365 0.500000 13.796893 3.141593 0.400000 979.000000
17.250000 2.097728 0.500000 14.793370 3.141593 0.400000 979.000000
17.500000 2.158972 0.566038 15.635279 3.141593 0.400000 979.000000
17.750000 2.221098 0.535714 16.460130 3.141593 0.400000 979.000000
18.000000 2.284105 0.500000 17.473356 3.141593 0.400000 979.000000
18.250000 2.347993 0.535714 18.201442 3.141593 0.400000 979.000000
18.500000 2.412762 0.548780 18.981533 3.141593 0.400000 979.000000
18.750000 2.478412 0.592105 19.829986 3.141593 0.400000 979.000000
19.000000 2.544944 0.588235 20.713753 3.141593 0.400000 979.000000
