6.000000 0.253789 1.179775 -1.556455 1.570796 0.400000 316.000000
6.250000 0.275379 1.220930 -1.621215 1.570796 0.400000 316.000000
6.500000 0.297850 1.095506 -1.573026 1.570796 0.400000 316.000000
6.750000 0.321202 1.184211 -1.573785 1.570796 0.400000 316.000000
7.000000 0.345436 1.166667 -1.658295 1.570796 0.400000 316.000000
7.250000 0.370550 1.165049 -1.565172 1.570796 0.400000 316.000000
7.500000 0.396546 0.873786 -1.550781 1.570796 0.400000 316.000000
7.750000 0.423423 1.100917 -1.642271 1.570796 0.400000 316.000000
8.000000 0.451181 0.825688 -1.307419 1.570796 0.400000 316.000000
8.250000 0.479821 0.506135 -1.195855 1.570796 0.400000 316.000000
8.500000 0.509341 0.500000 1.014511 1.570796 0.400000 316.000000
8.750000 0.539743 0.500000 1.824931 1.570796 0.400000 316.000000
9.000000 0.571026 0.506431 2.076956 1.570796 0.400000 316.000000
9.250000 0.603190 0.500000 2.477359 1.570796 0.400000 316.000000
9.500000 0.636236 0.502232 2.656755 1.570796 0.400000 316.000000
9.750000 0.670163 0.502392 2.900367 1.570796 0.400000 316.000000
10.000000 0.704971 0.508475 3.373877 1.570796 0.400000 316.000000
10.250000 0.740660 0.511364 3.576398 1.570796 0.400000 316.000000
10.500000 0.777230 0.500000 3.619740 1.570796 0.400000 316.000000
10.750000 0.814682 0.511364 3.478926 1.570796 0.400000 316.000000
11.000000 0.853014 0.510471 3.231552 1.570796 0.400000 316.000000
11.250000 0.892228 0.507246 2.843578 1.570796 0.400000 316.000000
11.500000 0.932324 0.509434 2.241285 1.570796 0.400000 316.000000
11.750000 0.973300 0.500000 1.288928 1.570796 0.400000 316.000000
12.000000 1.015158 0.497925 -1.473155 1.570796 0.400000 316.000000
12.250000 1.057896 0.580357 -0.967025 1.570796 0.400000 316.000000
12.500000 1.101516 0.497238 -1.190562 1.570796 0.400000 316.000000
12.750000 1.146018 0.617647 -1.697358 1.570796 0.400000 316.000000
13.000000 1.191400 0.535714 -1.426302 1.570796 0.400000 316.000000
13.250000 1.237664 0.621019 -1.522577 1.570796 0.400000 316.000000
13.500000 1.284809 0.621547 -1.472262 1.570796 0.400000 316.000000
13.750000 1.332835 0.546875 -1.383736 1.570796 0.400000 316.000000
14.000000 1.381742 0.521390 -1.463494 1.570796 0.400000 316.000000
14.250000 1.431531 0.576923 -1.304893 1.570796 0.400000 316.000000
14.500000 1.482201 0.652174 -1.487480 1.570796 0.400000 316.000000
14.750000 1.533752 0.688776 -1.614877 1.570796 0.400000 316.000000
15.000000 1.586184 0.727041 -1.641331 1.570796 0.400000 316.000000
15.250000 1.639497 0.500000 3.253468 3.141593 0.400000 316.000000
15.500000 1.693692 0.500000 5.966444 3.141593 0.400000 316.000000
15.750000 1.748768 0.500000 7.636249 3.141593 0.400000 316.000000
16.000000 1.804725 0.500000 8.981245 3.141593 0.400000 316.000000
16.250000 1.861563 0.494505 10.222383 3.141593 0.400000 316.000000
16.500000 1.919282 0.494505 11.294311 3.141593 0.400000 316.000000
16.750000 1.977883 0.540541 11.703302 3.141593 0.400000 316.000000
17.000000 2.037365 0.500000 14.240347 3.141593 0.400000 316.000000
17.250000 2.097728 0.500000 15.109450 3.141593 0.400000 316.000000
17.500000 2.158972 0.500000 16.054474 3.141593 0.400000 316.000000
17.750000 2.221098 0.500000 16.754751 3.141593 0.400000 316.000000
18.000000 2.284105 0.545455 17.344000 3.141593 0.400000 316.000000
18.250000 2.347993 0.500000 18.332520 3.141593 0.400000 316.000000
18.500000 2.412762 0.535714 18.934084 3.141593 0.400000 316.000000
18.750000 2.478412 0.548780 19.477462 3.141593 0.400000 316.000000
19.000000 2.544944 0.548780 20.109476 3.141593 0.400000 316.000000
