6.000000 0.253789 1.676471 -1.737540 1.570796 0.400000 778.000000
6.250000 0.275379 1.676471 -1.798095 1.570796 0.400000 778.000000
6.500000 0.297850 1.897590 -1.830480 1.570796 0.400000 778.000000
6.750000 0.321202 1.918605 -1.809633 1.570796 0.400000 778.000000
7.000000 0.345436 1.716867 -1.850779 1.570796 0.400000 778.000000
7.250000 0.370550 1.666667 -1.750136 1.570796 0.400000 778.000000
7.500000 0.396546 1.442308 -1.743132 1.570796 0.400000 778.000000
7.750000 0.423423 1.617647 -1.779734 1.570796 0.400000 778.000000
8.000000 0.451181 1.565934 -1.693061 1.570796 0.400000 778.000000
8.250000 0.479821 0.772059 -1.318884 1.570796 0.400000 778.000000
8.500000 0.509341 0.500000 0.364463 1.570796 0.400000 778.000000
8.750000 0.539743 0.501453 1.551521 1.570796 0.400000 778.000000
9.000000 0.571026 0.500000 2.187538 1.570796 0.400000 778.000000
9.250000 0.603190 0.505319 2.508543 1.570796 0.400000 778.000000
9.500000 0.636236 0.512821 2.630325 1.570796 0.400000 778.000000
9.750000 0.670163 0.500000 2.899179 1.570796 0.400000 778.000000
10.000000 0.704971 0.509050 2.950778 1.570796 0.400000 778.000000
10.250000 0.740660 0.500000 3.854726 1.570796 0.400000 778.000000
10.500000 0.777230 0.512422 4.169617 1.570796 0.400000 778.000000
10.750000 0.814682 0.517241 4.328236 1.570796 0.400000 778.000000
11.000000 0.853014 0.520833 4.379266 1.570796 0.400000 778.000000
11.250000 0.892228 0.517241 4.315754 1.570796 0.400000 778.000000
11.500000 0.932324 0.500000 4.173005 1.570796 0.400000 778.000000
11.750000 0.973300 0.512422 3.880715 1.570796 0.400000 778.000000
12.000000 1.015158 0.513158 3.464399 1.570796 0.400000 778.000000
12.250000 1.057896 0.511364 2.894839 1.570796 0.400000 778.000000
12.500000 1.101516 0.500000 2.052570 1.570796 0.400000 778.000000
12.750000 1.146018 0.500000 0.591014 1.570796 0.400000 778.000000
13.000000 1.191400 0.566667 -0.462141 1.570796 0.400000 778.000000
13.250000 1.237664 0.533175 -1.232705 1.570796 0.400000 778.000000
13.500000 1.284809 0.625000 -1.578738 1.570796 0.400000 778.000000
13.750000 1.332835 0.618557 -1.365259 1.570796 0.400000 778.000000
14.000000 1.381742 0.659341 -1.662914 1.570796 0.400000 778.000000
14.250000 1.431531 0.641026 -1.056266 1.570796 0.400000 778.000000
14.500000 1.482201 0.571429 -1.357390 1.570796 0.400000 778.000000
14.750000 1.533752 0.645933 -1.646434 1.570796 0.400000 778.000000
15.000000 1.586184 0.742925 -1.647235 1.570796 0.400000 778.000000
15.250000 1.639497 1.000000 -0.535211 4.712389 0.400000 778.000000
15.500000 1.693692 1.000000 2.393241 4.712389 0.400000 778.000000
15.750000 1.748768 0.997340 3.881002 4.712389 0.400000 778.000000
16.000000 1.804725 0.661765 6.555263 3.141593 0.400000 778.000000
16.250000 1.861563 0.512821 9.223709 3.141593 0.400000 778.000000
16.500000 1.919282 0.500000 11.092486 3.141593 0.400000 778.000000
16.750000 1.977883 0.517241 12.671514 3.141593 0.400000 778.000000
17.000000 2.037365 0.528169 13.842326 3.141593 0.400000 778.000000
17.250000 2.097728 0.528169 14.798258 3.141593 0.400000 778.000000
17.500000 2.158972 0.535714 15.503209 3.141593 0.400000 778.000000
17.750000 2.221098 0.517241 16.382408 3.141593 0.400000 778.000000
18.000000 2.284105 0.500000 17.408927 3.141593 0.400000 778.000000
18.250000 2.347993 0.523256 18.235740 3.141593 0.400000 778.000000
18.500000 2.412762 0.548780 18.954870 3.141593 0.400000 778.000000
18.750000 2.478412 0.562500 19.867533 3.141593 0.400000 778.000000
19.000000 2.544944 0.500000 20.816099 3.141593 0.400000 778.000000
