6.000000 0.253789 1.058824 -1.680276 1.570796 0.400000 522.000000
6.250000 0.275379 0.865385 -1.736060 1.570796 0.400000 522.000000
6.500000 0.297850 0.882353 -1.636950 1.570796 0.400000 522.000000
6.750000 0.321202 1.220930 -1.740002 1.570796 0.400000 522.000000
7.000000 0.345436 1.278409 -1.830967 1.570796 0.400000 522.000000
7.250000 0.370550 1.136364 -1.652575 1.570796 0.400000 522.000000
7.500000 0.396546 1.357143 -1.728564 1.570796 0.400000 522.000000
7.750000 0.423423 1.071429 -1.738414 1.570796 0.400000 522.000000
8.000000 0.451181 1.029412 -1.521501 1.570796 0.400000 522.000000
8.250000 0.479821 0.840517 -2.153194 1.570796 0.400000 522.000000
8.500000 0.509341 0.500000 0.497659 1.570796 0.400000 522.000000
8.750000 0.539743 0.500000 1.617806 1.570796 0.400000 522.000000
9.000000 0.571026 0.500000 2.216245 1.570796 0.400000 522.000000
9.250000 0.603190 0.500000 2.519899 1.570796 0.400000 522.000000
9.500000 0.636236 0.500000 2.777707 1.570796 0.400000 522.000000
9.750000 0.670163 0.500000 2.852571 1.570796 0.400000 522.000000
10.000000 0.704971 0.513158 3.219910 1.570796 0.400000 522.000000
10.250000 0.740660 0.502793 3.609675 1.570796 0.400000 522.000000
10.500000 0.777230 0.500000 3.799236 1.570796 0.400000 522.000000
10.750000 0.814682 0.500000 3.805818 1.570796 0.400000 522.000000
11.000000 0.853014 0.500000 3.672442 1.570796 0.400000 522.000000
11.250000 0.892228 0.500000 3.401732 1.570796 0.400000 522.000000
11.500000 0.932324 0.509050 2.981295 1.570796 0.400000 522.000000
11.750000 0.973300 0.505618 2.365442 1.570796 0.400000 522.000000
12.000000 1.015158 0.500000 1.394619 1.570796 0.400000 522.000000
12.250000 1.057896 0.500000 -1.220641 1.570796 0.400000 522.000000
12.500000 1.101516 0.636364 -1.109763 1.570796 0.400000 522.000000
12.750000 1.146018 0.500000 -1.301786 1.570796 0.400000 522.000000
13.000000 1.191400 0.600000 -1.629120 1.570796 0.400000 522.000000
13.250000 1.237664 0.617647 -1.489083 1.570796 0.400000 522.000000
13.500000 1.284809 0.710059 -1.664785 1.570796 0.400000 522.000000
13.750000 1.332835 0.659341 -1.618964 1.570796 0.400000 522.000000
14.000000 1.381742 0.745614 -1.585413 1.570796 0.400000 522.000000
14.250000 1.431531 0.674603 -1.532770 1.570796 0.400000 522.000000
14.500000 1.482201 0.699482 -1.417808 1.570796 0.400000 522.000000
14.750000 1.533752 0.923077 -1.752405 1.570796 0.400000 522.000000
15.000000 1.586184 0.928218 -1.677400 1.570796 0.400000 522.000000
15.250000 1.639497 1.000000 -0.119327 4.712389 0.400000 522.000000
15.500000 1.693692 0.996094 2.525141 4.712389 0.400000 522.000000
15.750000 1.748768 0.775862 4.489129 3.141593 0.400000 522.000000
16.000000 1.804725 0.953039 4.591800 3.141593 0.400000 522.000000
16.250000 1.861563 0.512821 9.207657 3.141593 0.400000 522.000000
16.500000 1.919282 0.500000 11.161891 3.141593 0.400000 522.000000
16.750000 1.977883 0.500000 12.579761 3.141593 0.400000 522.000000
17.000000 2.037365 0.500000 13.721723 3.141593 0.400000 522.000000
17.250000 2.097728 0.500000 14.851620 3.141593 0.400000 522.000000
17.500000 2.158972 0.576923 15.850699 3.141593 0.400000 522.000000
17.750000 2.221098 0.535714 16.651554 3.141593 0.400000 522.000000
18.000000 2.284105 0.500000 17.628090 3.141593 0.400000 522.000000
18.250000 2.347993 0.548780 18.238693 3.141593 0.400000 522.000000
18.500000 2.412762 0.592105 19.039065 3.141593 0.400000 522.000000
18.750000 2.478412 0.592105 19.790166 3.141593 0.400000 522.000000
19.000000 2.544944 0.576923 20.515577 3.141593 0.400000 522.000000
