6.000000 0.253789 0.914634 -1.712233 1.570796 0.400000 385.000000
6.250000 0.275379 0.800000 -1.726891 1.570796 0.400000 385.000000
6.500000 0.297850 0.758427 -1.709043 1.570796 0.400000 385.000000
6.750000 0.321202 0.794118 -1.733760 1.570796 0.400000 385.000000
7.000000 0.345436 0.959302 -1.834467 1.570796 0.400000 385.000000
7.250000 0.370550 0.789474 -1.706996 1.570796 0.400000 385.000000
7.500000 0.396546 0.688073 -1.572888 1.570796 0.400000 385.000000
7.750000 0.423423 0.668317 -1.628614 1.570796 0.400000 385.000000
8.000000 0.451181 0.824176 -1.617307 1.570796 0.400000 385.000000
8.250000 0.479821 0.602190 -0.853760 1.570796 0.400000 385.000000
8.500000 0.509341 0.500000 0.059412 1.570796 0.400000 385.000000
8.750000 0.539743 0.500000 1.466341 1.570796 0.400000 385.000000
9.000000 0.571026 0.508929 2.172467 1.570796 0.400000 385.000000
9.250000 0.603190 0.510000 2.596059 1.570796 0.400000 385.000000
9.500000 0.636236 0.500000 2.853790 1.570796 0.400000 385.000000
9.750000 0.670163 0.500000 2.946651 1.570796 0.400000 385.000000
10.000000 0.704971 0.510471 2.894283 1.570796 0.400000 385.000000
10.250000 0.740660 0.509709 2.706957 1.570796 0.400000 385.000000
10.500000 0.777230 0.506329 2.329380 1.570796 0.400000 385.000000
10.750000 0.814682 0.502232 3.096905 1.570796 0.400000 385.000000
11.000000 0.853014 0.502232 3.623823 1.570796 0.400000 385.000000
11.250000 0.892228 0.510638 3.426914 1.570796 0.400000 385.000000
11.500000 0.932324 0.509434 3.022784 1.570796 0.400000 385.000000
11.750000 0.973300 0.506135 2.424069 1.570796 0.400000 385.000000
12.000000 1.015158 0.500000 1.497785 1.570796 0.400000 385.000000
12.250000 1.057896 0.497630 -0.964164 1.570796 0.400000 385.000000
12.500000 1.101516 0.517241 -1.617829 1.570796 0.400000 385.000000
12.750000 1.146018 0.451807 -1.511329 1.570796 0.400000 385.000000
13.000000 1.191400 0.542763 -1.553381 1.570796 0.400000 385.000000
13.250000 1.237664 0.482456 -1.482002 1.570796 0.400000 385.000000
13.500000 1.284809 0.451807 -1.623128 1.570796 0.400000 385.000000
13.750000 1.332835 0.409091 -1.529260 1.570796 0.400000 385.000000
14.000000 1.381742 0.454545 -1.602434 1.570796 0.400000 385.000000
14.250000 1.431531 0.491803 -1.456813 1.570796 0.400000 385.000000
14.500000 1.482201 0.436508 -1.683078 1.570796 0.400000 385.000000
14.750000 1.533752 0.456853 -1.441970 1.570796 0.400000 385.000000
15.000000 1.586184 0.445205 -1.567792 1.570796 0.400000 385.000000
15.250000 1.639497 0.801527 -1.574509 4.712389 0.400000 385.000000
15.500000 1.693692 0.655594 2.320738 3.141593 0.400000 385.000000
15.750000 1.748768 0.596026 5.017588 3.141593 0.400000 385.000000
16.000000 1.804725 0.551471 6.995562 3.141593 0.400000 385.000000
16.250000 1.861563 0.523256 8.234119 3.141593 0.400000 385.000000
16.500000 1.919282 0.495868 9.548515 3.141593 0.400000 385.000000
16.750000 1.977883 0.500000 12.319140 3.141593 0.400000 385.000000
17.000000 2.037365 0.500000 13.788311 3.141593 0.400000 385.000000
17.250000 2.097728 0.500000 14.731527 3.141593 0.400000 385.000000
17.500000 2.158972 0.500000 15.760872 3.141593 0.400000 385.000000
17.750000 2.221098 0.566038 16.548082 3.141593 0.400000 385.000000
18.000000 2.284105 0.535714 17.327775 3.141593 0.400000 385.000000
18.250000 2.347993 0.500000 18.388270 3.141593 0.400000 385.000000
18.500000 2.412762 0.523256 19.153261 3.141593 0.400000 385.000000
18.750000 2.478412 0.548780 19.868215 3.141593 0.400000 385.000000
19.000000 2.544944 0.576923 20.617902 3.141593 0.400000 385.000000
