6.000000 0.253789 1.235294 -1.582810 1.570796 0.400000 810.000000
6.250000 0.275379 1.022727 -1.610969 1.570796 0.400000 810.000000
6.500000 0.297850 1.206897 -1.651661 1.570796 0.400000 810.000000
6.750000 0.321202 1.445783 -1.654609 1.570796 0.400000 810.000000
7.000000 0.345436 1.301020 -1.671789 1.570796 0.400000 810.000000
7.250000 0.370550 1.237864 -1.625495 1.570796 0.400000 810.000000
7.500000 0.396546 0.947368 -1.741230 1.570796 0.400000 810.000000
7.750000 0.423423 1.237864 -1.459028 1.570796 0.400000 810.000000
8.000000 0.451181 0.503049 -0.881313 1.570796 0.400000 810.000000
8.250000 0.479821 0.500000 0.938604 1.570796 0.400000 810.000000
8.500000 0.509341 0.500000 1.633584 1.570796 0.400000 810.000000
8.750000 0.539743 0.507692 2.004986 1.570796 0.400000 810.000000
9.000000 0.571026 0.505618 2.162312 1.570796 0.400000 810.000000
9.250000 0.603190 0.500000 2.137931 1.570796 0.400000 810.000000
9.500000 0.636236 0.501859 2.060622 1.570796 0.400000 810.000000
9.750000 0.670163 0.504202 2.748089 1.570796 0.400000 810.000000
10.000000 0.704971 0.500000 3.537675 1.570796 0.400000 810.000000
10.250000 0.740660 0.500000 3.949183 1.570796 0.400000 810.000000
10.500000 0.777230 0.500000 4.205936 1.570796 0.400000 810.000000
10.750000 0.814682 0.500000 4.342076 1.570796 0.400000 810.000000
11.000000 0.853014 0.500000 4.382501 1.570796 0.400000 810.000000
11.250000 0.892228 0.517241 4.317615 1.570796 0.400000 810.000000
11.500000 0.932324 0.500000 4.185684 1.570796 0.400000 810.000000
11.750000 0.973300 0.515625 3.893781 1.570796 0.400000 810.000000
12.000000 1.015158 0.500000 3.506700 1.570796 0.400000 810.000000
12.250000 1.057896 0.506757 2.920318 1.570796 0.400000 810.000000
12.500000 1.101516 0.500000 2.099983 1.570796 0.400000 810.000000
12.750000 1.146018 0.500000 0.686256 1.570796 0.400000 810.000000
13.000000 1.191400 0.502232 -0.332935 1.570796 0.400000 810.000000
13.250000 1.237664 0.533175 -1.212508 1.570796 0.400000 810.000000
13.500000 1.284809 0.614754 -1.521735 1.570796 0.400000 810.000000
13.750000 1.332835 0.544041 -1.218980 1.570796 0.400000 810.000000
14.000000 1.381742 0.604265 -1.274022 1.570796 0.400000 810.000000
14.250000 1.431531 0.506757 -1.202203 1.570796 0.400000 810.000000
14.500000 1.482201 0.528169 -1.261939 1.570796 0.400000 810.000000
14.750000 1.533752 0.616883 -1.352919 1.570796 0.400000 810.000000
15.000000 1.586184 0.843750 -1.545733 1.570796 0.400000 810.000000
15.250000 1.639497 1.000000 1.373455 4.712389 0.400000 810.000000
15.500000 1.693692 1.000000 3.010068 4.712389 0.400000 810.000000
15.750000 1.748768 0.596026 5.711552 3.141593 0.400000 810.000000
16.000000 1.804725 0.512821 8.477899 3.141593 0.400000 810.000000
16.250000 1.861563 0.500000 10.221037 3.141593 0.400000 810.000000
16.500000 1.919282 0.500000 11.681615 3.141593 0.400000 810.000000
16.750000 1.977883 0.500000 12.857217 3.141593 0.400000 810.000000
17.000000 2.037365 0.500000 13.957224 3.141593 0.400000 810.000000
17.250000 2.097728 0.500000 15.011676 3.141593 0.400000 810.000000
17.500000 2.158972 0.545455 15.813340 3.141593 0.400000 810.000000
17.750000 2.221098 0.500000 16.783909 3.141593 0.400000 810.000000
18.000000 2.284105 0.562500 17.434085 3.141593 0.400000 810.000000
18.250000 2.347993 0.576923 18.233174 3.141593 0.400000 810.000000
18.500000 2.412762 0.592105 18.990634 3.141593 0.400000 810.000000
18.750000 2.478412 0.576923 19.757220 3.141593 0.400000 810.000000
19.000000 2.544944 0.500000 20.437072 3.141593 0.400000 810.000000
