6.000000 0.253789 0.740741 -1.739152 1.570796 0.400000 92.000000
6.250000 0.275379 0.948276 -1.767547 1.570796 0.400000 92.000000
6.500000 0.297850 0.852273 -1.711812 1.570796 0.400000 92.000000
6.750000 0.321202 0.709459 -1.779447 1.570796 0.400000 92.000000
7.000000 0.345436 0.767045 -1.733427 1.570796 0.400000 92.000000
7.250000 0.370550 0.600000 -1.704403 1.570796 0.400000 92.000000
7.500000 0.396546 0.694444 -1.591828 1.570796 0.400000 92.000000
7.750000 0.423423 0.500000 -0.479225 1.570796 0.400000 92.000000
8.000000 0.451181 0.500000 0.909260 1.570796 0.400000 92.000000
8.250000 0.479821 0.500000 1.471415 1.570796 0.400000 92.000000
8.500000 0.509341 0.500000 1.732856 1.570796 0.400000 92.000000
8.750000 0.539743 0.508065 1.757783 1.570796 0.400000 92.000000
9.000000 0.571026 0.501672 1.811345 1.570796 0.400000 92.000000
9.250000 0.603190 0.501859 2.458103 1.570796 0.400000 92.000000
9.500000 0.636236 0.511364 2.830296 1.570796 0.400000 92.000000
9.750000 0.670163 0.514706 2.941452 1.570796 0.400000 92.000000
10.000000 0.704971 0.512195 2.900638 1.570796 0.400000 92.000000
10.250000 0.740660 0.511364 2.714458 1.570796 0.400000 92.000000
10.500000 0.777230 0.510000 2.356395 1.570796 0.400000 92.000000
10.750000 0.814682 0.505865 1.778405 1.570796 0.400000 92.000000
11.000000 0.853014 0.500000 0.809577 1.570796 0.400000 92.000000
11.250000 0.892228 0.496689 -1.853328 1.570796 0.400000 92.000000
11.500000 0.932324 0.633117 -1.333582 1.570796 0.400000 92.000000
11.750000 0.973300 0.545455 -1.512903 1.570796 0.400000 92.000000
12.000000 1.015158 0.477707 -1.544105 1.570796 0.400000 92.000000
12.250000 1.057896 0.545455 -1.541311 1.570796 0.400000 92.000000
12.500000 1.101516 0.496988 -1.654652 1.570796 0.400000 92.000000
12.750000 1.146018 0.523256 -1.613188 1.570796 0.400000 92.000000
13.000000 1.191400 0.502793 -1.472794 1.570796 0.400000 92.000000
13.250000 1.237664 0.481283 -1.430997 1.570796 0.400000 92.000000
13.500000 1.284809 0.535714 -1.336058 1.570796 0.400000 92.000000
13.750000 1.332835 0.604839 -1.475400 1.570796 0.400000 92.000000
14.000000 1.381742 0.598404 -1.622025 1.570796 0.400000 92.000000
14.250000 1.431531 0.660622 -1.642707 1.570796 0.400000 92.000000
14.500000 1.482201 0.728155 -1.710138 1.570796 0.400000 92.000000
14.750000 1.533752 0.500000 2.490685 3.141593 0.400000 92.000000
15.000000 1.586184 0.497238 5.208126 3.141593 0.400000 92.000000
15.250000 1.639497 0.728571 4.816377 3.141593 0.400000 92.000000
15.500000 1.693692 0.508475 8.154553 3.141593 0.400000 92.000000
15.750000 1.748768 0.494505 9.773477 3.141593 0.400000 92.000000
16.000000 1.804725 0.517241 11.096868 3.141593 0.400000 92.000000
16.250000 1.861563 0.520833 12.122397 3.141593 0.400000 92.000000
16.500000 1.919282 0.500000 13.035457 3.141593 0.400000 92.000000
16.750000 1.977883 0.500000 13.930071 3.141593 0.400000 92.000000
17.000000 2.037365 0.545455 14.600103 3.141593 0.400000 92.000000
17.250000 2.097728 0.500000 15.298485 3.141593 0.400000 92.000000
17.500000 2.158972 0.555556 15.866722 3.141593 0.400000 92.000000
17.750000 2.221098 0.500000 16.676644 3.141593 0.400000 92.000000
18.000000 2.284105 0.548780 17.206383 3.141593 0.400000 92.000000
18.250000 2.347993 0.548780 17.823750 3.141593 0.400000 92.000000
18.500000 2.412762 0.548780 18.433160 3.141593 0.400000 92.000000
18.750000 2.478412 0.562500 18.953959 3.141593 0.400000 92.000000
19.000000 2.544944 0.576923 19.571458 3.141593 0.400000 92.000000
