6.000000 0.253789 1.084337 -1.690038 1.570796 0.400000 743.000000
6.250000 0.275379 1.174699 -1.733108 1.570796 0.400000 743.000000
6.500000 0.297850 1.048387 -1.687893 1.570796 0.400000 743.000000
6.750000 0.321202 1.153846 -1.744528 1.570796 0.400000 743.000000
7.000000 0.345436 1.037234 -1.701721 1.570796 0.400000 743.000000
7.250000 0.370550 0.994898 -1.731524 1.570796 0.400000 743.000000
7.500000 0.396546 0.911215 -1.596046 1.570796 0.400000 743.000000
7.750000 0.423423 1.019417 -1.671010 1.570796 0.400000 743.000000
8.000000 0.451181 1.093750 -1.749335 1.570796 0.400000 743.000000
8.250000 0.479821 0.609756 -1.292903 1.570796 0.400000 743.000000
8.500000 0.509341 0.500000 -0.048461 1.570796 0.400000 743.000000
8.750000 0.539743 0.500000 1.434945 1.570796 0.400000 743.000000
9.000000 0.571026 0.500000 2.128843 1.570796 0.400000 743.000000
9.250000 0.603190 0.510753 2.154577 1.570796 0.400000 743.000000
9.500000 0.636236 0.508475 2.840902 1.570796 0.400000 743.000000
9.750000 0.670163 0.500000 3.069451 1.570796 0.400000 743.000000
10.000000 0.704971 0.514286 3.442751 1.570796 0.400000 743.000000
10.250000 0.740660 0.500000 3.666374 1.570796 0.400000 743.000000
10.500000 0.777230 0.518868 3.736502 1.570796 0.400000 743.000000
10.750000 0.814682 0.515625 3.683316 1.570796 0.400000 743.000000
11.000000 0.853014 0.511364 3.502742 1.570796 0.400000 743.000000
11.250000 0.892228 0.500000 3.197282 1.570796 0.400000 743.000000
11.500000 0.932324 0.511364 2.723824 1.570796 0.400000 743.000000
11.750000 0.973300 0.506757 1.996287 1.570796 0.400000 743.000000
12.000000 1.015158 0.500000 0.781399 1.570796 0.400000 743.000000
12.250000 1.057896 0.502092 -0.224450 1.570796 0.400000 743.000000
12.500000 1.101516 0.522152 -1.400482 1.570796 0.400000 743.000000
12.750000 1.146018 0.587349 -1.336210 1.570796 0.400000 743.000000
13.000000 1.191400 0.532787 -1.200758 1.570796 0.400000 743.000000
13.250000 1.237664 0.563584 -1.418817 1.570796 0.400000 743.000000
13.500000 1.284809 0.628492 -1.405412 1.570796 0.400000 743.000000
13.750000 1.332835 0.552632 -1.537858 1.570796 0.400000 743.000000
14.000000 1.381742 0.549738 -1.353188 1.570796 0.400000 743.000000
14.250000 1.431531 0.460894 -1.631950 1.570796 0.400000 743.000000
14.500000 1.482201 0.459906 -1.252829 1.570796 0.400000 743.000000
14.750000 1.533752 0.615942 -1.448392 1.570796 0.400000 743.000000
15.000000 1.586184 0.502232 -1.567329 1.570796 0.400000 743.000000
15.250000 1.639497 0.500000 -1.288787 3.141593 0.400000 743.000000
15.500000 1.693692 0.497449 4.237671 3.141593 0.400000 743.000000
15.750000 1.748768 0.496324 6.239203 3.141593 0.400000 743.000000
16.000000 1.804725 0.500000 8.007155 3.141593 0.400000 743.000000
16.250000 1.861563 0.495283 9.489457 3.141593 0.400000 743.000000
16.500000 1.919282 0.512821 9.877969 3.141593 0.400000 743.000000
16.750000 1.977883 0.500000 12.718059 3.141593 0.400000 743.000000
17.000000 2.037365 0.500000 14.006454 3.141593 0.400000 743.000000
17.250000 2.097728 0.500000 14.737054 3.141593 0.400000 743.000000
17.500000 2.158972 0.500000 15.617626 3.141593 0.400000 743.000000
17.750000 2.221098 0.500000 16.321555 3.141593 0.400000 743.000000
18.000000 2.284105 0.566038 17.258570 3.141593 0.400000 743.000000
18.250000 2.347993 0.535714 18.077456 3.141593 0.400000 743.000000
18.500000 2.412762 0.562500 18.902850 3.141593 0.400000 743.000000
18.750000 2.478412 0.576923 19.783029 3.141593 0.400000 743.000000
19.000000 2.544944 0.588235 20.742346 3.141593 0.400000 743.000000
