6.000000 0.253789 1.058824 -1.651998 1.570796 0.400000 935.000000
6.250000 0.275379 0.903614 -1.691999 1.570796 0.400000 935.000000
6.500000 0.297850 0.989011 -1.674617 1.570796 0.400000 935.000000
6.750000 0.321202 0.947368 -1.660532 1.570796 0.400000 935.000000
7.000000 0.345436 0.978261 -1.708191 1.570796 0.400000 935.000000
7.250000 0.370550 0.946602 -1.645347 1.570796 0.400000 935.000000
7.500000 0.396546 0.793269 -1.682195 1.570796 0.400000 935.000000
7.750000 0.423423 1.082474 -1.786263 1.570796 0.400000 935.000000
8.000000 0.451181 0.500000 0.156796 1.570796 0.400000 935.000000
8.250000 0.479821 0.500000 1.210595 1.570796 0.400000 935.000000
8.500000 0.509341 0.630252 -1.150206 1.570796 0.400000 935.000000
8.750000 0.539743 0.500000 1.974291 1.570796 0.400000 935.000000
9.000000 0.571026 0.508065 2.019551 1.570796 0.400000 935.000000
9.250000 0.603190 0.500000 1.887036 1.570796 0.400000 935.000000
9.500000 0.636236 0.500000 1.450493 1.570796 0.400000 935.000000
9.750000 0.670163 0.500000 2.622551 1.570796 0.400000 935.000000
10.000000 0.704971 0.500000 3.387217 1.570796 0.400000 935.000000
10.250000 0.740660 0.515873 3.933049 1.570796 0.400000 935.000000
10.500000 0.777230 0.500000 4.334437 1.570796 0.400000 935.000000
10.750000 0.814682 0.500000 4.610647 1.570796 0.400000 935.000000
11.000000 0.853014 0.500000 4.775744 1.570796 0.400000 935.000000
11.250000 0.892228 0.511364 4.836247 1.570796 0.400000 935.000000
11.500000 0.932324 0.511364 4.815211 1.570796 0.400000 935.000000
11.750000 0.973300 0.500000 4.715277 1.570796 0.400000 935.000000
12.000000 1.015158 0.511364 4.516703 1.570796 0.400000 935.000000
12.250000 1.057896 0.517241 4.195379 1.570796 0.400000 935.000000
12.500000 1.101516 0.512422 3.755072 1.570796 0.400000 935.000000
12.750000 1.146018 0.500000 3.168211 1.570796 0.400000 935.000000
13.000000 1.191400 0.505618 2.298594 1.570796 0.400000 935.000000
13.250000 1.237664 0.500000 0.893166 1.570796 0.400000 935.000000
13.500000 1.284809 0.472441 -0.183408 1.570796 0.400000 935.000000
13.750000 1.332835 0.464602 -1.100425 1.570796 0.400000 935.000000
14.000000 1.381742 0.491071 -1.383823 1.570796 0.400000 935.000000
14.250000 1.431531 0.447761 -1.274814 1.570796 0.400000 935.000000
14.500000 1.482201 0.497630 -1.261737 1.570796 0.400000 935.000000
14.750000 1.533752 0.423913 -1.253865 1.570796 0.400000 935.000000
15.000000 1.586184 0.484914 -1.534026 1.570796 0.400000 935.000000
15.250000 1.639497 1.000000 0.162827 4.712389 0.400000 935.000000
15.500000 1.693692 1.000000 2.377132 4.712389 0.400000 935.000000
15.750000 1.748768 0.603448 4.706541 3.141593 0.400000 935.000000
16.000000 1.804725 0.500000 6.996622 3.141593 0.400000 935.000000
16.250000 1.861563 0.512821 8.659385 3.141593 0.400000 935.000000
16.500000 1.919282 0.517241 10.044275 3.141593 0.400000 935.000000
16.750000 1.977883 0.500000 12.444607 3.141593 0.400000 935.000000
17.000000 2.037365 0.528169 13.691010 3.141593 0.400000 935.000000
17.250000 2.097728 0.559701 14.846293 3.141593 0.400000 935.000000
17.500000 2.158972 0.566038 15.800445 3.141593 0.400000 935.000000
17.750000 2.221098 0.545455 16.615686 3.141593 0.400000 935.000000
18.000000 2.284105 0.500000 17.644259 3.141593 0.400000 935.000000
18.250000 2.347993 0.548780 18.280564 3.141593 0.400000 935.000000
18.500000 2.412762 0.576923 19.129940 3.141593 0.400000 935.000000
18.750000 2.478412 0.592105 19.917148 3.141593 0.400000 935.000000
19.000000 2.544944 0.500000 20.738914 3.141593 0.400000 935.000000
