6.000000 0.253789 0.882353 -1.710478 1.570796 0.400000 711.000000
6.250000 0.275379 1.018519 -1.749811 1.570796 0.400000 711.000000
6.500000 0.297850 0.803571 -1.707710 1.570796 0.400000 711.000000
6.750000 0.321202 0.916667 -1.677767 1.570796 0.400000 711.000000
7.000000 0.345436 0.806452 -1.708387 1.570796 0.400000 711.000000
7.250000 0.370550 0.800971 -1.646942 1.570796 0.400000 711.000000
7.500000 0.396546 0.816832 -1.648240 1.570796 0.400000 711.000000
7.750000 0.423423 0.757576 -1.751353 1.570796 0.400000 711.000000
8.000000 0.451181 0.900000 -1.669252 1.570796 0.400000 711.000000
8.250000 0.479821 0.945946 -1.558740 1.570796 0.400000 711.000000
8.500000 0.509341 0.502577 -0.627218 1.570796 0.400000 711.000000
8.750000 0.539743 0.500000 1.303793 1.570796 0.400000 711.000000
9.000000 0.571026 0.508065 2.093155 1.570796 0.400000 711.000000
9.250000 0.603190 0.500000 1.882194 1.570796 0.400000 711.000000
9.500000 0.636236 0.508475 2.738006 1.570796 0.400000 711.000000
9.750000 0.670163 0.506757 3.076963 1.570796 0.400000 711.000000
10.000000 0.704971 0.514286 3.526126 1.570796 0.400000 711.000000
10.250000 0.740660 0.515625 3.773586 1.570796 0.400000 711.000000
10.500000 0.777230 0.518868 3.877781 1.570796 0.400000 711.000000
10.750000 0.814682 0.500000 3.890245 1.570796 0.400000 711.000000
11.000000 0.853014 0.512422 3.757547 1.570796 0.400000 711.000000
11.250000 0.892228 0.500000 3.542334 1.570796 0.400000 711.000000
11.500000 0.932324 0.507812 3.141764 1.570796 0.400000 711.000000
11.750000 0.973300 0.500000 2.592105 1.570796 0.400000 711.000000
12.000000 1.015158 0.505865 1.731536 1.570796 0.400000 711.000000
12.250000 1.057896 0.500000 0.099411 1.570796 0.400000 711.000000
12.500000 1.101516 0.579897 -0.484798 1.570796 0.400000 711.000000
12.750000 1.146018 0.497449 -1.142101 1.570796 0.400000 711.000000
13.000000 1.191400 0.538922 -1.453300 1.570796 0.400000 711.000000
13.250000 1.237664 0.483871 -1.281307 1.570796 0.400000 711.000000
13.500000 1.284809 0.512422 -1.501538 1.570796 0.400000 711.000000
13.750000 1.332835 0.538674 -1.387263 1.570796 0.400000 711.000000
14.000000 1.381742 0.532787 -1.528181 1.570796 0.400000 711.000000
14.250000 1.431531 0.500000 -1.482750 1.570796 0.400000 711.000000
14.500000 1.482201 0.461538 -1.185321 1.570796 0.400000 711.000000
14.750000 1.533752 0.538462 -1.554474 1.570796 0.400000 711.000000
15.000000 1.586184 0.533175 -1.543708 1.570796 0.400000 711.000000
15.250000 1.639497 0.500000 0.330273 3.141593 0.400000 711.000000
15.500000 1.693692 0.497238 4.538379 3.141593 0.400000 711.000000
15.750000 1.748768 0.520833 6.446697 3.141593 0.400000 711.000000
16.000000 1.804725 0.557851 7.833155 3.141593 0.400000 711.000000
16.250000 1.861563 0.581897 9.081273 3.141593 0.400000 711.000000
16.500000 1.919282 0.619835 9.211733 3.141593 0.400000 711.000000
16.750000 1.977883 0.529412 12.736534 3.141593 0.400000 711.000000
17.000000 2.037365 0.500000 14.024936 3.141593 0.400000 711.000000
17.250000 2.097728 0.513699 14.831618 3.141593 0.400000 711.000000
17.500000 2.158972 0.517241 15.595324 3.141593 0.400000 711.000000
17.750000 2.221098 0.500000 16.288270 3.141593 0.400000 711.000000
18.000000 2.284105 0.576923 17.245148 3.141593 0.400000 711.000000
18.250000 2.347993 0.535714 17.988746 3.141593 0.400000 711.000000
18.500000 2.412762 0.562500 18.828217 3.141593 0.400000 711.000000
18.750000 2.478412 0.576923 19.737065 3.141593 0.400000 711.000000
19.000000 2.544944 0.500000 20.712909 3.141593 0.400000 711.000000
