6.000000 0.253789 1.478873 -1.858957 1.570796 0.400000 179.000000
6.250000 0.275379 1.203704 -1.783112 1.570796 0.400000 179.000000
6.500000 0.297850 1.578947 -1.783136 1.570796 0.400000 179.000000
6.750000 0.321202 1.428571 -1.885258 1.570796 0.400000 179.000000
7.000000 0.345436 0.517241 -1.674614 1.570796 0.400000 179.000000
7.250000 0.370550 0.500000 0.102182 1.570796 0.400000 179.000000
7.500000 0.396546 0.500000 0.788684 1.570796 0.400000 179.000000
7.750000 0.423423 0.500000 1.026565 1.570796 0.400000 179.000000
8.000000 0.451181 0.500000 0.972795 1.570796 0.400000 179.000000
8.250000 0.479821 0.500000 0.600963 1.570796 0.400000 179.000000
8.500000 0.509341 0.507042 -0.028557 1.570796 0.400000 179.000000
8.750000 0.539743 0.500000 1.541553 1.570796 0.400000 179.000000
9.000000 0.571026 0.500000 2.193195 1.570796 0.400000 179.000000
9.250000 0.603190 0.507692 2.581247 1.570796 0.400000 179.000000
9.500000 0.636236 0.500000 2.786793 1.570796 0.400000 179.000000
9.750000 0.670163 0.500000 2.840721 1.570796 0.400000 179.000000
10.000000 0.704971 0.506757 2.745101 1.570796 0.400000 179.000000
10.250000 0.740660 0.500000 2.495604 1.570796 0.400000 179.000000
10.500000 0.777230 0.500000 2.054030 1.570796 0.400000 179.000000
10.750000 0.814682 0.500000 1.331220 1.570796 0.400000 179.000000
11.000000 0.853014 0.500000 -0.290513 1.570796 0.400000 179.000000
11.250000 0.892228 1.022727 -1.780465 1.570796 0.400000 179.000000
11.500000 0.932324 1.386986 -1.697377 1.570796 0.400000 179.000000
11.750000 0.973300 0.576923 -1.656698 1.570796 0.400000 179.000000
12.000000 1.015158 0.912162 -1.775846 1.570796 0.400000 179.000000
12.250000 1.057896 1.189655 -1.781406 1.570796 0.400000 179.000000
12.500000 1.101516 1.047794 -1.941570 1.570796 0.400000 179.000000
12.750000 1.146018 0.986842 -1.757541 1.570796 0.400000 179.000000
13.000000 1.191400 1.013514 -1.862587 1.570796 0.400000 179.000000
13.250000 1.237664 0.912162 -1.863147 1.570796 0.400000 179.000000
13.500000 1.284809 0.967742 -1.833766 1.570796 0.400000 179.000000
13.750000 1.332835 1.036184 -1.866509 1.570796 0.400000 179.000000
14.000000 1.381742 0.808383 -1.680386 1.570796 0.400000 179.000000
14.250000 1.431531 0.500000 3.326604 3.141593 0.400000 179.000000
14.500000 1.482201 0.500000 5.424189 3.141593 0.400000 179.000000
14.750000 1.533752 0.500000 6.914332 3.141593 0.400000 179.000000
15.000000 1.586184 0.642857 5.912035 3.141593 0.400000 179.000000
15.250000 1.639497 0.639535 7.866466 3.141593 0.400000 179.000000
15.500000 1.693692 0.495283 9.366954 3.141593 0.400000 179.000000
15.750000 1.748768 0.500000 10.767878 3.141593 0.400000 179.000000
16.000000 1.804725 0.500000 11.808762 3.141593 0.400000 179.000000
16.250000 1.861563 0.529412 12.405210 3.141593 0.400000 179.000000
16.500000 1.919282 0.517241 12.622041 3.141593 0.400000 179.000000
16.750000 1.977883 0.500000 12.787520 3.141593 0.400000 179.000000
17.000000 2.037365 0.500000 13.344041 3.141593 0.400000 179.000000
17.250000 2.097728 0.500000 14.430124 3.141593 0.400000 179.000000
17.500000 2.158972 0.500000 15.452032 3.141593 0.400000 179.000000
17.750000 2.221098 0.545455 16.348913 3.141593 0.400000 179.000000
18.000000 2.284105 0.500000 17.506775 3.141593 0.400000 179.000000
18.250000 2.347993 0.500000 18.381580 3.141593 0.400000 179.000000
18.500000 2.412762 0.523256 19.212413 3.141593 0.400000 179.000000
18.750000 2.478412 0.562500 19.827384 3.141593 0.400000 179.000000
19.000000 2.544944 0.576923 20.607402 3.141593 0.400000 179.000000
