6.000000 0.253789 0.916667 -1.631308 1.570796 0.400000 44.000000
6.250000 0.275379 0.872093 -1.682141 1.570796 0.400000 44.000000
6.500000 0.297850 0.833333 -1.669195 1.570796 0.400000 44.000000
6.750000 0.321202 0.896739 -1.698370 1.570796 0.400000 44.000000
7.000000 0.345436 0.937500 -1.712357 1.570796 0.400000 44.000000
7.250000 0.370550 0.882353 -1.686012 1.570796 0.400000 44.000000
7.500000 0.396546 1.000000 -1.622386 1.570796 0.400000 44.000000
7.750000 0.423423 1.060606 -1.717858 1.570796 0.400000 44.000000
8.000000 0.451181 0.946602 -1.770006 1.570796 0.400000 44.000000
8.250000 0.479821 0.500000 0.381253 1.570796 0.400000 44.000000
8.500000 0.509341 0.500000 1.422549 1.570796 0.400000 44.000000
8.750000 0.539743 0.500000 1.968174 1.570796 0.400000 44.000000
9.000000 0.571026 0.504808 2.261307 1.570796 0.400000 44.000000
9.250000 0.603190 0.508929 2.372953 1.570796 0.400000 44.000000
9.500000 0.636236 0.508929 2.254971 1.570796 0.400000 44.000000
9.750000 0.670163 0.500000 2.391999 1.570796 0.400000 44.000000
10.000000 0.704971 0.509709 3.262506 1.570796 0.400000 44.000000
10.250000 0.740660 0.510471 3.888729 1.570796 0.400000 44.000000
10.500000 0.777230 0.500000 4.351069 1.570796 0.400000 44.000000
10.750000 0.814682 0.500000 4.675258 1.570796 0.400000 44.000000
11.000000 0.853014 0.500000 4.878240 1.570796 0.400000 44.000000
11.250000 0.892228 0.519231 4.977449 1.570796 0.400000 44.000000
11.500000 0.932324 0.500000 5.049505 1.570796 0.400000 44.000000
11.750000 0.973300 0.519231 4.947576 1.570796 0.400000 44.000000
12.000000 1.015158 0.500000 4.812756 1.570796 0.400000 44.000000
12.250000 1.057896 0.511364 4.582317 1.570796 0.400000 44.000000
12.500000 1.101516 0.517241 4.220647 1.570796 0.400000 44.000000
12.750000 1.146018 0.514286 3.725351 1.570796 0.400000 44.000000
13.000000 1.191400 0.500000 3.078210 1.570796 0.400000 44.000000
13.250000 1.237664 0.506757 2.129174 1.570796 0.400000 44.000000
13.500000 1.284809 0.500000 0.462627 1.570796 0.400000 44.000000
13.750000 1.332835 0.506757 -0.604828 1.570796 0.400000 44.000000
14.000000 1.381742 0.462085 -1.154473 1.570796 0.400000 44.000000
14.250000 1.431531 0.480769 -1.054344 1.570796 0.400000 44.000000
14.500000 1.482201 0.505181 -1.300992 1.570796 0.400000 44.000000
14.750000 1.533752 0.462085 -1.327437 1.570796 0.400000 44.000000
15.000000 1.586184 0.493827 -1.417849 1.570796 0.400000 44.000000
15.250000 1.639497 1.000000 -0.446262 4.712389 0.400000 44.000000
15.500000 1.693692 1.000000 2.373448 4.712389 0.400000 44.000000
15.750000 1.748768 0.997537 3.539938 4.712389 0.400000 44.000000
16.000000 1.804725 0.948795 4.625078 3.141593 0.400000 44.000000
16.250000 1.861563 0.566038 6.189027 3.141593 0.400000 44.000000
16.500000 1.919282 0.512821 10.024532 3.141593 0.400000 44.000000
16.750000 1.977883 0.514706 11.775081 3.141593 0.400000 44.000000
17.000000 2.037365 0.517241 12.877638 3.141593 0.400000 44.000000
17.250000 2.097728 0.500000 14.042190 3.141593 0.400000 44.000000
17.500000 2.158972 0.500000 15.147373 3.141593 0.400000 44.000000
17.750000 2.221098 0.500000 16.132435 3.141593 0.400000 44.000000
18.000000 2.284105 0.545455 17.144948 3.141593 0.400000 44.000000
18.250000 2.347993 0.500000 18.218055 3.141593 0.400000 44.000000
18.500000 2.412762 0.523256 19.106400 3.141593 0.400000 44.000000
18.750000 2.478412 0.535714 19.866923 3.141593 0.400000 44.000000
19.000000 2.544944 0.576923 20.640024 3.141593 0.400000 44.000000
