6.000000 0.253789 1.593750 -1.790636 1.570796 0.400000 263.000000
6.250000 0.275379 2.100000 -1.871141 1.570796 0.400000 263.000000
6.500000 0.297850 1.465517 -1.741247 1.570796 0.400000 263.000000
6.750000 0.321202 1.583333 -1.803612 1.570796 0.400000 263.000000
7.000000 0.345436 1.666667 -1.795844 1.570796 0.400000 263.000000
7.250000 0.370550 1.730769 -1.821931 1.570796 0.400000 263.000000
7.500000 0.396546 1.250000 -1.713607 1.570796 0.400000 263.000000
7.750000 0.423423 1.469072 -1.749135 1.570796 0.400000 263.000000
8.000000 0.451181 1.532258 -1.935411 1.570796 0.400000 263.000000
8.250000 0.479821 1.118421 -1.618120 1.570796 0.400000 263.000000
8.500000 0.509341 0.504202 -1.763583 1.570796 0.400000 263.000000
8.750000 0.539743 0.500000 0.965261 1.570796 0.400000 263.000000
9.000000 0.571026 0.500000 1.939321 1.570796 0.400000 263.000000
9.250000 0.603190 0.498339 1.956697 1.570796 0.400000 263.000000
9.500000 0.636236 0.497925 2.810996 1.570796 0.400000 263.000000
9.750000 0.670163 0.512195 3.104208 1.570796 0.400000 263.000000
10.000000 0.704971 0.500000 3.440746 1.570796 0.400000 263.000000
10.250000 0.740660 0.517241 3.692862 1.570796 0.400000 263.000000
10.500000 0.777230 0.518868 3.818096 1.570796 0.400000 263.000000
10.750000 0.814682 0.500000 3.821012 1.570796 0.400000 263.000000
11.000000 0.853014 0.512422 3.695122 1.570796 0.400000 263.000000
11.250000 0.892228 0.517241 3.441239 1.570796 0.400000 263.000000
11.500000 0.932324 0.512195 3.034595 1.570796 0.400000 263.000000
11.750000 0.973300 0.507968 2.442301 1.570796 0.400000 263.000000
12.000000 1.015158 0.500000 1.526530 1.570796 0.400000 263.000000
12.250000 1.057896 0.500000 -0.599506 1.570796 0.400000 263.000000
12.500000 1.101516 0.601604 -0.938301 1.570796 0.400000 263.000000
12.750000 1.146018 0.538674 -1.247767 1.570796 0.400000 263.000000
13.000000 1.191400 0.544041 -1.187297 1.570796 0.400000 263.000000
13.250000 1.237664 0.593220 -1.272816 1.570796 0.400000 263.000000
13.500000 1.284809 0.615385 -1.403467 1.570796 0.400000 263.000000
13.750000 1.332835 0.621547 -1.451176 1.570796 0.400000 263.000000
14.000000 1.381742 0.670391 -1.642635 1.570796 0.400000 263.000000
14.250000 1.431531 0.653846 -1.491461 1.570796 0.400000 263.000000
14.500000 1.482201 0.688776 -1.442392 1.570796 0.400000 263.000000
14.750000 1.533752 0.647208 -1.551323 1.570796 0.400000 263.000000
15.000000 1.586184 0.688073 -1.515172 1.570796 0.400000 263.000000
15.250000 1.639497 0.998452 -1.158736 4.712389 0.400000 263.000000
15.500000 1.693692 1.000000 2.255290 4.712389 0.400000 263.000000
15.750000 1.748768 0.730769 4.058536 3.141593 0.400000 263.000000
16.000000 1.804725 0.754717 5.503728 3.141593 0.400000 263.000000
16.250000 1.861563 0.661765 6.987932 3.141593 0.400000 263.000000
16.500000 1.919282 0.495283 10.367916 3.141593 0.400000 263.000000
16.750000 1.977883 0.500000 12.280022 3.141593 0.400000 263.000000
17.000000 2.037365 0.528169 13.496617 3.141593 0.400000 263.000000
17.250000 2.097728 0.528169 14.561083 3.141593 0.400000 263.000000
17.500000 2.158972 0.535714 15.462021 3.141593 0.400000 263.000000
17.750000 2.221098 0.526316 16.425851 3.141593 0.400000 263.000000
18.000000 2.284105 0.500000 17.455491 3.141593 0.400000 263.000000
18.250000 2.347993 0.548780 18.158416 3.141593 0.400000 263.000000
18.500000 2.412762 0.576923 19.059992 3.141593 0.400000 263.000000
18.750000 2.478412 0.588235 20.061636 3.141593 0.400000 263.000000
19.000000 2.544944 0.500000 20.793864 3.141593 0.400000 263.000000
