6.000000 0.253789 0.872093 -1.698015 1.570796 0.400000 507.000000
6.250000 0.275379 0.961538 -1.725457 1.570796 0.400000 507.000000
6.500000 0.297850 0.815217 -1.664580 1.570796 0.400000 507.000000
6.750000 0.321202 0.862069 -1.750586 1.570796 0.400000 507.000000
7.000000 0.345436 0.903614 -1.764564 1.570796 0.400000 507.000000
7.250000 0.370550 0.750000 -1.586268 1.570796 0.400000 507.000000
7.500000 0.396546 0.675676 -1.589782 1.570796 0.400000 507.000000
7.750000 0.423423 0.582524 -1.580279 1.570796 0.400000 507.000000
8.000000 0.451181 0.773196 -1.359426 1.570796 0.400000 507.000000
8.250000 0.479821 0.530303 -2.376819 1.570796 0.400000 507.000000
8.500000 0.509341 0.500000 0.566772 1.570796 0.400000 507.000000
8.750000 0.539743 0.500000 1.642014 1.570796 0.400000 507.000000
9.000000 0.571026 0.500000 2.232247 1.570796 0.400000 507.000000
9.250000 0.603190 0.500000 2.585247 1.570796 0.400000 507.000000
9.500000 0.636236 0.511364 2.758406 1.570796 0.400000 507.000000
9.750000 0.670163 0.509709 2.779997 1.570796 0.400000 507.000000
10.000000 0.704971 0.512195 2.665749 1.570796 0.400000 507.000000
10.250000 0.740660 0.502232 2.756958 1.570796 0.400000 507.000000
10.500000 0.777230 0.504808 3.520427 1.570796 0.400000 507.000000
10.750000 0.814682 0.505181 4.207033 1.570796 0.400000 507.000000
11.000000 0.853014 0.513699 4.665338 1.570796 0.400000 507.000000
11.250000 0.892228 0.514706 4.819528 1.570796 0.400000 507.000000
11.500000 0.932324 0.512195 4.795754 1.570796 0.400000 507.000000
11.750000 0.973300 0.512195 4.696631 1.570796 0.400000 507.000000
12.000000 1.015158 0.511364 4.486548 1.570796 0.400000 507.000000
12.250000 1.057896 0.505952 4.165235 1.570796 0.400000 507.000000
12.500000 1.101516 0.506757 3.723611 1.570796 0.400000 507.000000
12.750000 1.146018 0.500000 3.108739 1.570796 0.400000 507.000000
13.000000 1.191400 0.501393 2.085863 1.570796 0.400000 507.000000
13.250000 1.237664 0.564516 -1.543049 1.570796 0.400000 507.000000
13.500000 1.284809 0.411585 -1.568544 1.570796 0.400000 507.000000
13.750000 1.332835 0.494505 -1.627750 1.570796 0.400000 507.000000
14.000000 1.381742 0.423729 -1.432298 1.570796 0.400000 507.000000
14.250000 1.431531 0.450000 -1.346013 1.570796 0.400000 507.000000
14.500000 1.482201 0.593750 -1.126590 1.570796 0.400000 507.000000
14.750000 1.533752 0.489130 -1.668713 1.570796 0.400000 507.000000
15.000000 1.586184 0.694444 -1.780620 1.570796 0.400000 507.000000
15.250000 1.639497 0.937500 -2.373960 4.712389 0.400000 507.000000
15.500000 1.693692 1.000000 2.086656 4.712389 0.400000 507.000000
15.750000 1.748768 1.000000 3.275217 4.712389 0.400000 507.000000
16.000000 1.804725 0.496324 5.939478 3.141593 0.400000 507.000000
16.250000 1.861563 0.500000 8.246946 3.141593 0.400000 507.000000
16.500000 1.919282 0.500000 10.111609 3.141593 0.400000 507.000000
16.750000 1.977883 0.500000 11.693041 3.141593 0.400000 507.000000
17.000000 2.037365 0.519802 12.628521 3.141593 0.400000 507.000000
17.250000 2.097728 0.523256 14.379088 3.141593 0.400000 507.000000
17.500000 2.158972 0.513699 15.441267 3.141593 0.400000 507.000000
17.750000 2.221098 0.535714 16.360695 3.141593 0.400000 507.000000
18.000000 2.284105 0.526316 17.325610 3.141593 0.400000 507.000000
18.250000 2.347993 0.500000 18.425075 3.141593 0.400000 507.000000
18.500000 2.412762 0.500000 19.283784 3.141593 0.400000 507.000000
18.750000 2.478412 0.548780 19.962671 3.141593 0.400000 507.000000
19.000000 2.544944 0.562500 20.680195 3.141593 0.400000 507.000000
