6.000000 0.253789 1.095506 -1.634313 1.570796 0.400000 955.000000
6.250000 0.275379 1.084337 -1.697538 1.570796 0.400000 955.000000
6.500000 0.297850 1.059783 -1.696658 1.570796 0.400000 955.000000
6.750000 0.321202 1.220930 -1.712553 1.570796 0.400000 955.000000
7.000000 0.345436 0.926966 -1.735537 1.570796 0.400000 955.000000
7.250000 0.370550 0.509709 -1.210930 1.570796 0.400000 955.000000
7.500000 0.396546 0.500000 0.513133 1.570796 0.400000 955.000000
7.750000 0.423423 0.500000 1.033956 1.570796 0.400000 955.000000
8.000000 0.451181 0.500000 1.211124 1.570796 0.400000 955.000000
8.250000 0.479821 0.500000 1.124159 1.570796 0.400000 955.000000
8.500000 0.509341 0.500000 0.738034 1.570796 0.400000 955.000000
8.750000 0.539743 0.500000 -0.294493 1.570796 0.400000 955.000000
9.000000 0.571026 0.609756 -1.480180 1.570796 0.400000 955.000000
9.250000 0.603190 0.500000 -0.473023 1.570796 0.400000 955.000000
9.500000 0.636236 0.500000 1.775893 1.570796 0.400000 955.000000
9.750000 0.670163 0.500000 2.786087 1.570796 0.400000 955.000000
10.000000 0.704971 0.500000 3.468148 1.570796 0.400000 955.000000
10.250000 0.740660 0.500000 3.955221 1.570796 0.400000 955.000000
10.500000 0.777230 0.515625 4.283812 1.570796 0.400000 955.000000
10.750000 0.814682 0.510204 4.509967 1.570796 0.400000 955.000000
11.000000 0.853014 0.500000 4.650198 1.570796 0.400000 955.000000
11.250000 0.892228 0.519231 4.656841 1.570796 0.400000 955.000000
11.500000 0.932324 0.511364 4.599307 1.570796 0.400000 955.000000
11.750000 0.973300 0.513699 4.416812 1.570796 0.400000 955.000000
12.000000 1.015158 0.500000 4.180186 1.570796 0.400000 955.000000
12.250000 1.057896 0.500000 3.784481 1.570796 0.400000 955.000000
12.500000 1.101516 0.507812 3.226586 1.570796 0.400000 955.000000
12.750000 1.146018 0.500000 2.458639 1.570796 0.400000 955.000000
13.000000 1.191400 0.500000 1.244918 1.570796 0.400000 955.000000
13.250000 1.237664 0.494012 -2.769544 1.570796 0.400000 955.000000
13.500000 1.284809 0.500000 -1.674559 1.570796 0.400000 955.000000
13.750000 1.332835 0.494505 -1.374861 1.570796 0.400000 955.000000
14.000000 1.381742 0.556931 -1.219260 1.570796 0.400000 955.000000
14.250000 1.431531 0.583333 -1.595253 1.570796 0.400000 955.000000
14.500000 1.482201 0.497449 -1.313866 1.570796 0.400000 955.000000
14.750000 1.533752 0.493421 -1.405065 1.570796 0.400000 955.000000
15.000000 1.586184 0.819838 -2.016643 4.712389 0.400000 955.000000
15.250000 1.639497 0.500000 3.441220 3.141593 0.400000 955.000000
15.500000 1.693692 0.587349 5.466594 3.141593 0.400000 955.000000
15.750000 1.748768 0.658784 6.583607 3.141593 0.400000 955.000000
16.000000 1.804725 0.500000 8.750748 3.141593 0.400000 955.000000
16.250000 1.861563 0.500000 10.916726 3.141593 0.400000 955.000000
16.500000 1.919282 0.529412 12.251512 3.141593 0.400000 955.000000
16.750000 1.977883 0.500000 13.331719 3.141593 0.400000 955.000000
17.000000 2.037365 0.500000 14.324310 3.141593 0.400000 955.000000
17.250000 2.097728 0.555556 15.059974 3.141593 0.400000 955.000000
17.500000 2.158972 0.535714 15.847255 3.141593 0.400000 955.000000
17.750000 2.221098 0.500000 16.774155 3.141593 0.400000 955.000000
18.000000 2.284105 0.548780 17.313699 3.141593 0.400000 955.000000
18.250000 2.347993 0.576923 18.055055 3.141593 0.400000 955.000000
18.500000 2.412762 0.592105 18.778282 3.141593 0.400000 955.000000
18.750000 2.478412 0.576923 19.513525 3.141593 0.400000 955.000000
19.000000 2.544944 0.500000 20.200624 3.141593 0.400000 955.000000
