6.000000 0.253789 0.937500 -1.601671 1.570796 0.400000 843.000000
6.250000 0.275379 1.034483 -1.640984 1.570796 0.400000 843.000000
6.500000 0.297850 0.993976 -1.660370 1.570796 0.400000 843.000000
6.750000 0.321202 1.046512 -1.673638 1.570796 0.400000 843.000000
7.000000 0.345436 0.689655 -1.668380 1.570796 0.400000 843.000000
7.250000 0.370550 0.613636 -1.606603 1.570796 0.400000 843.000000
7.500000 0.396546 0.902778 -1.277862 1.570796 0.400000 843.000000
7.750000 0.423423 0.509709 -1.575229 1.570796 0.400000 843.000000
8.000000 0.451181 0.500000 0.569458 1.570796 0.400000 843.000000
8.250000 0.479821 0.500000 1.357462 1.570796 0.400000 843.000000
8.500000 0.509341 0.500000 1.755044 1.570796 0.400000 843.000000
8.750000 0.539743 0.500000 1.918718 1.570796 0.400000 843.000000
9.000000 0.571026 0.500000 1.879374 1.570796 0.400000 843.000000
9.250000 0.603190 0.500000 1.645105 1.570796 0.400000 843.000000
9.500000 0.636236 0.502793 1.570281 1.570796 0.400000 843.000000
9.750000 0.670163 0.500000 2.728167 1.570796 0.400000 843.000000
10.000000 0.704971 0.500000 3.442557 1.570796 0.400000 843.000000
10.250000 0.740660 0.515873 3.931016 1.570796 0.400000 843.000000
10.500000 0.777230 0.515625 4.283604 1.570796 0.400000 843.000000
10.750000 0.814682 0.513699 4.518528 1.570796 0.400000 843.000000
11.000000 0.853014 0.500000 4.659762 1.570796 0.400000 843.000000
11.250000 0.892228 0.500000 4.693522 1.570796 0.400000 843.000000
11.500000 0.932324 0.500000 4.638876 1.570796 0.400000 843.000000
11.750000 0.973300 0.513699 4.482436 1.570796 0.400000 843.000000
12.000000 1.015158 0.500000 4.227961 1.570796 0.400000 843.000000
12.250000 1.057896 0.514286 3.853909 1.570796 0.400000 843.000000
12.500000 1.101516 0.512195 3.331115 1.570796 0.400000 843.000000
12.750000 1.146018 0.500000 2.599134 1.570796 0.400000 843.000000
13.000000 1.191400 0.500000 1.487078 1.570796 0.400000 843.000000
13.250000 1.237664 0.497788 -1.774968 1.570796 0.400000 843.000000
13.500000 1.284809 0.576923 -1.483713 1.570796 0.400000 843.000000
13.750000 1.332835 0.505181 -1.338326 1.570796 0.400000 843.000000
14.000000 1.381742 0.571429 -1.306980 1.570796 0.400000 843.000000
14.250000 1.431531 0.604839 -1.584646 1.570796 0.400000 843.000000
14.500000 1.482201 0.573980 -1.472124 1.570796 0.400000 843.000000
14.750000 1.533752 0.579545 -1.508985 1.570796 0.400000 843.000000
15.000000 1.586184 0.937500 -1.289541 1.570796 0.400000 843.000000
15.250000 1.639497 1.000000 1.572063 4.712389 0.400000 843.000000
15.500000 1.693692 1.000000 3.152666 4.712389 0.400000 843.000000
15.750000 1.748768 0.660377 5.881872 3.141593 0.400000 843.000000
16.000000 1.804725 0.512821 8.458190 3.141593 0.400000 843.000000
16.250000 1.861563 0.495283 10.270216 3.141593 0.400000 843.000000
16.500000 1.919282 0.542169 11.386358 3.141593 0.400000 843.000000
16.750000 1.977883 0.500000 12.331244 3.141593 0.400000 843.000000
17.000000 2.037365 0.500000 13.270003 3.141593 0.400000 843.000000
17.250000 2.097728 0.517241 14.377484 3.141593 0.400000 843.000000
17.500000 2.158972 0.500000 15.388964 3.141593 0.400000 843.000000
17.750000 2.221098 0.500000 16.512241 3.141593 0.400000 843.000000
18.000000 2.284105 0.535714 17.282093 3.141593 0.400000 843.000000
18.250000 2.347993 0.548780 18.146756 3.141593 0.400000 843.000000
18.500000 2.412762 0.562500 19.061429 3.141593 0.400000 843.000000
18.750000 2.478412 0.576923 19.996772 3.141593 0.400000 843.000000
19.000000 2.544944 0.500000 20.799831 3.141593 0.400000 843.000000
