6.000000 0.253789 1.339286 -1.666238 1.570796 0.400000 538.000000
6.250000 0.275379 1.300000 -1.730326 1.570796 0.400000 538.000000
6.500000 0.297850 1.411765 -1.661165 1.570796 0.400000 538.000000
6.750000 0.321202 1.250000 -1.704857 1.570796 0.400000 538.000000
7.000000 0.345436 1.083333 -1.795393 1.570796 0.400000 538.000000
7.250000 0.370550 1.179775 -1.588843 1.570796 0.400000 538.000000
7.500000 0.396546 1.004464 -1.515263 1.570796 0.400000 538.000000
7.750000 0.423423 0.975000 -1.622606 1.570796 0.400000 538.000000
8.000000 0.451181 1.125000 -1.516687 1.570796 0.400000 538.000000
8.250000 0.479821 0.652174 -1.078586 1.570796 0.400000 538.000000
8.500000 0.509341 0.500000 0.335718 1.570796 0.400000 538.000000
8.750000 0.539743 0.500000 1.561171 1.570796 0.400000 538.000000
9.000000 0.571026 0.508475 2.212451 1.570796 0.400000 538.000000
9.250000 0.603190 0.500000 2.593958 1.570796 0.400000 538.000000
9.500000 0.636236 0.500000 2.808570 1.570796 0.400000 538.000000
9.750000 0.670163 0.509709 2.877282 1.570796 0.400000 538.000000
10.000000 0.704971 0.510471 3.010842 1.570796 0.400000 538.000000
10.250000 0.740660 0.514286 3.568282 1.570796 0.400000 538.000000
10.500000 0.777230 0.503049 3.962789 1.570796 0.400000 538.000000
10.750000 0.814682 0.515625 4.130278 1.570796 0.400000 538.000000
11.000000 0.853014 0.509259 4.154800 1.570796 0.400000 538.000000
11.250000 0.892228 0.500000 4.037055 1.570796 0.400000 538.000000
11.500000 0.932324 0.513158 3.796001 1.570796 0.400000 538.000000
11.750000 0.973300 0.500000 3.437739 1.570796 0.400000 538.000000
12.000000 1.015158 0.506329 2.911655 1.570796 0.400000 538.000000
12.250000 1.057896 0.506135 2.135439 1.570796 0.400000 538.000000
12.500000 1.101516 0.500000 0.864814 1.570796 0.400000 538.000000
12.750000 1.146018 0.500000 -1.088123 1.570796 0.400000 538.000000
13.000000 1.191400 0.584416 -1.601319 1.570796 0.400000 538.000000
13.250000 1.237664 0.576923 -1.486814 1.570796 0.400000 538.000000
13.500000 1.284809 0.638298 -1.427943 1.570796 0.400000 538.000000
13.750000 1.332835 0.625000 -1.540215 1.570796 0.400000 538.000000
14.000000 1.381742 0.653846 -1.448170 1.570796 0.400000 538.000000
14.250000 1.431531 0.598404 -1.536525 1.570796 0.400000 538.000000
14.500000 1.482201 0.615385 -1.465187 1.570796 0.400000 538.000000
14.750000 1.533752 0.587558 -1.432638 1.570796 0.400000 538.000000
15.000000 1.586184 0.678571 -1.628595 1.570796 0.400000 538.000000
15.250000 1.639497 1.000000 -0.742787 4.712389 0.400000 538.000000
15.500000 1.693692 1.000000 2.369327 4.712389 0.400000 538.000000
15.750000 1.748768 0.500000 4.229242 3.141593 0.400000 538.000000
16.000000 1.804725 0.496324 6.628559 3.141593 0.400000 538.000000
16.250000 1.861563 0.500000 8.409295 3.141593 0.400000 538.000000
16.500000 1.919282 0.750000 7.127872 3.141593 0.400000 538.000000
16.750000 1.977883 0.517241 12.075438 3.141593 0.400000 538.000000
17.000000 2.037365 0.513699 13.453426 3.141593 0.400000 538.000000
17.250000 2.097728 0.528169 14.574097 3.141593 0.400000 538.000000
17.500000 2.158972 0.535714 15.544183 3.141593 0.400000 538.000000
17.750000 2.221098 0.526316 16.512242 3.141593 0.400000 538.000000
18.000000 2.284105 0.500000 17.542755 3.141593 0.400000 538.000000
18.250000 2.347993 0.548780 18.210129 3.141593 0.400000 538.000000
18.500000 2.412762 0.562500 19.045482 3.141593 0.400000 538.000000
18.750000 2.478412 0.592105 19.822699 3.141593 0.400000 538.000000
19.000000 2.544944 0.588235 20.649341 3.141593 0.400000 538.000000
