6.000000 0.253789 1.168831 -1.726641 1.570796 0.400000 621.000000
6.250000 0.275379 1.265060 -1.767366 1.570796 0.400000 621.000000
6.500000 0.297850 1.120690 -1.679547 1.570796 0.400000 621.000000
6.750000 0.321202 1.071429 -1.732791 1.570796 0.400000 621.000000
7.000000 0.345436 1.339286 -1.886876 1.570796 0.400000 621.000000
7.250000 0.370550 1.236264 -1.746025 1.570796 0.400000 621.000000
7.500000 0.396546 0.937500 -1.618314 1.570796 0.400000 621.000000
7.750000 0.423423 1.083333 -1.677542 1.570796 0.400000 621.000000
8.000000 0.451181 1.059783 -1.830170 1.570796 0.400000 621.000000
8.250000 0.479821 0.967742 -1.131622 1.570796 0.400000 621.000000
8.500000 0.509341 0.505618 -1.152722 1.570796 0.400000 621.000000
8.750000 0.539743 0.500000 1.183380 1.570796 0.400000 621.000000
9.000000 0.571026 0.500000 2.047286 1.570796 0.400000 621.000000
9.250000 0.603190 0.500000 2.439557 1.570796 0.400000 621.000000
9.500000 0.636236 0.506757 2.900742 1.570796 0.400000 621.000000
9.750000 0.670163 0.513158 3.048494 1.570796 0.400000 621.000000
10.000000 0.704971 0.513158 3.085138 1.570796 0.400000 621.000000
10.250000 0.740660 0.515873 3.068403 1.570796 0.400000 621.000000
10.500000 0.777230 0.510471 3.099447 1.570796 0.400000 621.000000
10.750000 0.814682 0.502577 3.238420 1.570796 0.400000 621.000000
11.000000 0.853014 0.509709 3.338129 1.570796 0.400000 621.000000
11.250000 0.892228 0.506329 3.155754 1.570796 0.400000 621.000000
11.500000 0.932324 0.507117 2.673076 1.570796 0.400000 621.000000
11.750000 0.973300 0.500000 1.937574 1.570796 0.400000 621.000000
12.000000 1.015158 0.500000 0.659817 1.570796 0.400000 621.000000
12.250000 1.057896 0.637255 -1.805343 1.570796 0.400000 621.000000
12.500000 1.101516 0.580357 -1.516142 1.570796 0.400000 621.000000
12.750000 1.146018 0.625000 -1.389348 1.570796 0.400000 621.000000
13.000000 1.191400 0.644172 -1.496828 1.570796 0.400000 621.000000
13.250000 1.237664 0.583832 -1.659177 1.570796 0.400000 621.000000
13.500000 1.284809 0.710059 -1.521664 1.570796 0.400000 621.000000
13.750000 1.332835 0.685976 -1.655579 1.570796 0.400000 621.000000
14.000000 1.381742 0.594512 -1.566422 1.570796 0.400000 621.000000
14.250000 1.431531 0.767045 -1.580214 1.570796 0.400000 621.000000
14.500000 1.482201 0.538674 -1.556250 1.570796 0.400000 621.000000
14.750000 1.533752 0.566038 -1.412450 1.570796 0.400000 621.000000
15.000000 1.586184 0.694444 -1.578172 1.570796 0.400000 621.000000
15.250000 1.639497 0.774648 -1.642106 1.570796 0.400000 621.000000
15.500000 1.693692 0.500000 2.922142 3.141593 0.400000 621.000000
15.750000 1.748768 0.662983 4.822377 3.141593 0.400000 621.000000
16.000000 1.804725 0.801887 5.564282 3.141593 0.400000 621.000000
16.250000 1.861563 0.500000 8.924874 3.141593 0.400000 621.000000
16.500000 1.919282 0.529412 11.001564 3.141593 0.400000 621.000000
16.750000 1.977883 0.500000 12.519989 3.141593 0.400000 621.000000
17.000000 2.037365 0.520833 13.765302 3.141593 0.400000 621.000000
17.250000 2.097728 0.517241 14.816743 3.141593 0.400000 621.000000
17.500000 2.158972 0.500000 15.691658 3.141593 0.400000 621.000000
17.750000 2.221098 0.555556 16.582893 3.141593 0.400000 621.000000
18.000000 2.284105 0.535714 17.415480 3.141593 0.400000 621.000000
18.250000 2.347993 0.576923 18.155147 3.141593 0.400000 621.000000
18.500000 2.412762 0.588235 19.065412 3.141593 0.400000 621.000000
18.750000 2.478412 0.500000 19.752332 3.141593 0.400000 621.000000
19.000000 2.544944 0.500000 20.446202 3.141593 0.400000 621.000000
