6.000000 0.253789 1.280488 -1.678462 1.570796 0.400000 516.000000
6.250000 0.275379 1.296296 -1.655707 1.570796 0.400000 516.000000
6.500000 0.297850 1.304348 -1.674579 1.570796 0.400000 516.000000
6.750000 0.321202 1.095506 -1.729588 1.570796 0.400000 516.000000
7.000000 0.345436 1.411765 -1.736668 1.570796 0.400000 516.000000
7.250000 0.370550 1.171875 -1.699737 1.570796 0.400000 516.000000
7.500000 0.396546 1.102941 -1.654238 1.570796 0.400000 516.000000
7.750000 0.423423 1.159794 -1.788421 1.570796 0.400000 516.000000
8.000000 0.451181 1.081731 -1.706580 1.570796 0.400000 516.000000
8.250000 0.479821 0.795455 -1.300896 1.570796 0.400000 516.000000
8.500000 0.509341 0.500000 -0.275264 1.570796 0.400000 516.000000
8.750000 0.539743 0.500000 1.373394 1.570796 0.400000 516.000000
9.000000 0.571026 0.500000 2.134929 1.570796 0.400000 516.000000
9.250000 0.603190 0.498252 2.103703 1.570796 0.400000 516.000000
9.500000 0.636236 0.510638 2.726995 1.570796 0.400000 516.000000
9.750000 0.670163 0.500000 2.999506 1.570796 0.400000 516.000000
10.000000 0.704971 0.500000 3.394728 1.570796 0.400000 516.000000
10.250000 0.740660 0.500000 3.800950 1.570796 0.400000 516.000000
10.500000 0.777230 0.515625 3.968628 1.570796 0.400000 516.000000
10.750000 0.814682 0.500000 4.034986 1.570796 0.400000 516.000000
11.000000 0.853014 0.500000 3.980211 1.570796 0.400000 516.000000
11.250000 0.892228 0.500000 3.792451 1.570796 0.400000 516.000000
11.500000 0.932324 0.500000 3.483013 1.570796 0.400000 516.000000
11.750000 0.973300 0.512195 3.017111 1.570796 0.400000 516.000000
12.000000 1.015158 0.505952 2.359157 1.570796 0.400000 516.000000
12.250000 1.057896 0.500000 1.314494 1.570796 0.400000 516.000000
12.500000 1.101516 0.497630 -1.929539 1.570796 0.400000 516.000000
12.750000 1.146018 0.570175 -1.142730 1.570796 0.400000 516.000000
13.000000 1.191400 0.538674 -1.238517 1.570796 0.400000 516.000000
13.250000 1.237664 0.568182 -1.167312 1.570796 0.400000 516.000000
13.500000 1.284809 0.580110 -1.446972 1.570796 0.400000 516.000000
13.750000 1.332835 0.535714 -1.432078 1.570796 0.400000 516.000000
14.000000 1.381742 0.636364 -1.515074 1.570796 0.400000 516.000000
14.250000 1.431531 0.588235 -1.434201 1.570796 0.400000 516.000000
14.500000 1.482201 0.655738 -1.498441 1.570796 0.400000 516.000000
14.750000 1.533752 0.566038 -1.496173 1.570796 0.400000 516.000000
15.000000 1.586184 0.660793 -1.390942 1.570796 0.400000 516.000000
15.250000 1.639497 0.500000 -1.090483 3.141593 0.400000 516.000000
15.500000 1.693692 0.500000 4.071382 3.141593 0.400000 516.000000
15.750000 1.748768 0.722892 5.162744 3.141593 0.400000 516.000000
16.000000 1.804725 0.729167 6.369176 3.141593 0.400000 516.000000
16.250000 1.861563 0.566038 9.005858 3.141593 0.400000 516.000000
16.500000 1.919282 0.494505 11.069662 3.141593 0.400000 516.000000
16.750000 1.977883 0.500000 12.733878 3.141593 0.400000 516.000000
17.000000 2.037365 0.500000 13.948348 3.141593 0.400000 516.000000
17.250000 2.097728 0.500000 14.563029 3.141593 0.400000 516.000000
17.500000 2.158972 0.500000 15.253433 3.141593 0.400000 516.000000
17.750000 2.221098 0.500000 16.009173 3.141593 0.400000 516.000000
18.000000 2.284105 0.545455 16.905936 3.141593 0.400000 516.000000
18.250000 2.347993 0.523256 17.975283 3.141593 0.400000 516.000000
18.500000 2.412762 0.548780 18.812095 3.141593 0.400000 516.000000
18.750000 2.478412 0.576923 19.820813 3.141593 0.400000 516.000000
19.000000 2.544944 0.500000 20.824912 3.141593 0.400000 516.000000
