6.000000 0.253789 1.206897 -1.657296 1.570796 0.400000 160.000000
6.250000 0.275379 1.153846 -1.623023 1.570796 0.400000 160.000000
6.500000 0.297850 1.193182 -1.668624 1.570796 0.400000 160.000000
6.750000 0.321202 1.222826 -1.671809 1.570796 0.400000 160.000000
7.000000 0.345436 1.141304 -1.739358 1.570796 0.400000 160.000000
7.250000 0.370550 1.060606 -1.644399 1.570796 0.400000 160.000000
7.500000 0.396546 0.954545 -1.530458 1.570796 0.400000 160.000000
7.750000 0.423423 0.675676 -1.243379 1.570796 0.400000 160.000000
8.000000 0.451181 0.500000 0.785730 1.570796 0.400000 160.000000
8.250000 0.479821 0.500000 1.429847 1.570796 0.400000 160.000000
8.500000 0.509341 0.500000 1.744485 1.570796 0.400000 160.000000
8.750000 0.539743 0.500000 1.839464 1.570796 0.400000 160.000000
9.000000 0.571026 0.505865 1.725289 1.570796 0.400000 160.000000
9.250000 0.603190 0.498555 1.346961 1.570796 0.400000 160.000000
9.500000 0.636236 0.500000 2.403128 1.570796 0.400000 160.000000
9.750000 0.670163 0.506757 3.099107 1.570796 0.400000 160.000000
10.000000 0.704971 0.500000 3.581340 1.570796 0.400000 160.000000
10.250000 0.740660 0.509259 3.902474 1.570796 0.400000 160.000000
10.500000 0.777230 0.510204 4.102931 1.570796 0.400000 160.000000
10.750000 0.814682 0.500000 4.195364 1.570796 0.400000 160.000000
11.000000 0.853014 0.500000 4.179397 1.570796 0.400000 160.000000
11.250000 0.892228 0.517241 4.051344 1.570796 0.400000 160.000000
11.500000 0.932324 0.515625 3.812270 1.570796 0.400000 160.000000
11.750000 0.973300 0.511364 3.459519 1.570796 0.400000 160.000000
12.000000 1.015158 0.500000 2.942508 1.570796 0.400000 160.000000
12.250000 1.057896 0.500000 2.191747 1.570796 0.400000 160.000000
12.500000 1.101516 0.500000 0.946014 1.570796 0.400000 160.000000
12.750000 1.146018 0.503953 -0.033430 1.570796 0.400000 160.000000
13.000000 1.191400 0.528846 -1.579133 1.570796 0.400000 160.000000
13.250000 1.237664 0.538922 -1.365290 1.570796 0.400000 160.000000
13.500000 1.284809 0.510471 -1.116709 1.570796 0.400000 160.000000
13.750000 1.332835 0.611413 -1.622163 1.570796 0.400000 160.000000
14.000000 1.381742 0.532995 -1.374825 1.570796 0.400000 160.000000
14.250000 1.431531 0.583832 -1.568432 1.570796 0.400000 160.000000
14.500000 1.482201 0.500000 -1.038776 1.570796 0.400000 160.000000
14.750000 1.533752 0.518433 -1.585780 1.570796 0.400000 160.000000
15.000000 1.586184 0.652174 -1.743184 1.570796 0.400000 160.000000
15.250000 1.639497 0.500000 2.515084 3.141593 0.400000 160.000000
15.500000 1.693692 0.496689 5.160013 3.141593 0.400000 160.000000
15.750000 1.748768 0.508475 7.237025 3.141593 0.400000 160.000000
16.000000 1.804725 0.519802 9.032038 3.141593 0.400000 160.000000
16.250000 1.861563 0.494505 10.615538 3.141593 0.400000 160.000000
16.500000 1.919282 0.500000 12.015111 3.141593 0.400000 160.000000
16.750000 1.977883 0.500000 13.161724 3.141593 0.400000 160.000000
17.000000 2.037365 0.523256 13.476003 3.141593 0.400000 160.000000
17.250000 2.097728 0.535714 13.792109 3.141593 0.400000 160.000000
17.500000 2.158972 0.500000 15.070841 3.141593 0.400000 160.000000
17.750000 2.221098 0.500000 16.084447 3.141593 0.400000 160.000000
18.000000 2.284105 0.566038 17.205700 3.141593 0.400000 160.000000
18.250000 2.347993 0.500000 18.254571 3.141593 0.400000 160.000000
18.500000 2.412762 0.535714 19.010161 3.141593 0.400000 160.000000
18.750000 2.478412 0.548780 19.802783 3.141593 0.400000 160.000000
19.000000 2.544944 0.592105 20.634067 3.141593 0.400000 160.000000
