6.000000 0.253789 1.442308 -1.820745 1.570796 0.400000 540.000000
6.250000 0.275379 1.339286 -1.668396 1.570796 0.400000 540.000000
6.500000 0.297850 1.120690 -1.716780 1.570796 0.400000 540.000000
6.750000 0.321202 1.196809 -1.725159 1.570796 0.400000 540.000000
7.000000 0.345436 1.588235 -1.755013 1.570796 0.400000 540.000000
7.250000 0.370550 1.263158 -1.661773 1.570796 0.400000 540.000000
7.500000 0.396546 1.153846 -1.718149 1.570796 0.400000 540.000000
7.750000 0.423423 0.946602 -1.760911 1.570796 0.400000 540.000000
8.000000 0.451181 1.090909 -1.316996 1.570796 0.400000 540.000000
8.250000 0.479821 0.535714 -1.788593 1.570796 0.400000 540.000000
8.500000 0.509341 0.500000 0.845362 1.570796 0.400000 540.000000
8.750000 0.539743 0.500000 1.756788 1.570796 0.400000 540.000000
9.000000 0.571026 0.500000 2.278768 1.570796 0.400000 540.000000
9.250000 0.603190 0.500000 2.569702 1.570796 0.400000 540.000000
9.500000 0.636236 0.500000 2.694341 1.570796 0.400000 540.000000
9.750000 0.670163 0.500000 2.712888 1.570796 0.400000 540.000000
10.000000 0.704971 0.500000 2.591693 1.570796 0.400000 540.000000
10.250000 0.740660 0.502577 3.570681 1.570796 0.400000 540.000000
10.500000 0.777230 0.500000 4.114906 1.570796 0.400000 540.000000
10.750000 0.814682 0.515625 4.228331 1.570796 0.400000 540.000000
11.000000 0.853014 0.518868 4.249463 1.570796 0.400000 540.000000
11.250000 0.892228 0.506135 4.153789 1.570796 0.400000 540.000000
11.500000 0.932324 0.500000 3.942168 1.570796 0.400000 540.000000
11.750000 0.973300 0.513158 3.610284 1.570796 0.400000 540.000000
12.000000 1.015158 0.511364 3.130219 1.570796 0.400000 540.000000
12.250000 1.057896 0.505319 2.438755 1.570796 0.400000 540.000000
12.500000 1.101516 0.500000 1.361088 1.570796 0.400000 540.000000
12.750000 1.146018 0.500000 -1.670518 1.570796 0.400000 540.000000
13.000000 1.191400 0.566860 -1.385898 1.570796 0.400000 540.000000
13.250000 1.237664 0.644172 -1.477959 1.570796 0.400000 540.000000
13.500000 1.284809 0.666667 -1.529475 1.570796 0.400000 540.000000
13.750000 1.332835 0.701754 -1.522515 1.570796 0.400000 540.000000
14.000000 1.381742 0.608108 -1.534117 1.570796 0.400000 540.000000
14.250000 1.431531 0.666667 -1.566576 1.570796 0.400000 540.000000
14.500000 1.482201 0.692308 -1.430296 1.570796 0.400000 540.000000
14.750000 1.533752 0.653670 -1.444770 1.570796 0.400000 540.000000
15.000000 1.586184 0.622120 -1.747694 1.570796 0.400000 540.000000
15.250000 1.639497 1.000000 -0.104828 4.712389 0.400000 540.000000
15.500000 1.693692 1.000000 2.475210 4.712389 0.400000 540.000000
15.750000 1.748768 0.791667 4.118986 3.141593 0.400000 540.000000
16.000000 1.804725 0.661765 6.151575 3.141593 0.400000 540.000000
16.250000 1.861563 0.531496 8.256140 3.141593 0.400000 540.000000
16.500000 1.919282 0.495283 10.239379 3.141593 0.400000 540.000000
16.750000 1.977883 0.500000 11.193747 3.141593 0.400000 540.000000
17.000000 2.037365 0.529412 12.466548 3.141593 0.400000 540.000000
17.250000 2.097728 0.500000 13.698587 3.141593 0.400000 540.000000
17.500000 2.158972 0.526316 14.947678 3.141593 0.400000 540.000000
17.750000 2.221098 0.517241 16.164280 3.141593 0.400000 540.000000
18.000000 2.284105 0.500000 17.268129 3.141593 0.400000 540.000000
18.250000 2.347993 0.562500 18.073611 3.141593 0.400000 540.000000
18.500000 2.412762 0.592105 19.163146 3.141593 0.400000 540.000000
18.750000 2.478412 0.500000 20.064790 3.141593 0.400000 540.000000
19.000000 2.544944 0.500000 20.734078 3.141593 0.400000 540.000000
