6.000000 0.253789 1.428571 -1.701201 1.570796 0.400000 576.000000
6.250000 0.275379 1.607143 -1.699867 1.570796 0.400000 576.000000
6.500000 0.297850 1.896552 -1.707574 1.570796 0.400000 576.000000
6.750000 0.321202 1.483516 -1.707948 1.570796 0.400000 576.000000
7.000000 0.345436 1.500000 -1.646075 1.570796 0.400000 576.000000
7.250000 0.370550 1.237113 -1.726802 1.570796 0.400000 576.000000
7.500000 0.396546 1.363636 -1.644145 1.570796 0.400000 576.000000
7.750000 0.423423 1.048387 -1.718827 1.570796 0.400000 576.000000
8.000000 0.451181 1.431818 -1.310225 1.570796 0.400000 576.000000
8.250000 0.479821 0.502577 -0.937301 1.570796 0.400000 576.000000
8.500000 0.509341 0.500000 1.083235 1.570796 0.400000 576.000000
8.750000 0.539743 0.500000 1.849551 1.570796 0.400000 576.000000
9.000000 0.571026 0.506757 2.286344 1.570796 0.400000 576.000000
9.250000 0.603190 0.508475 2.479003 1.570796 0.400000 576.000000
9.500000 0.636236 0.500000 2.592019 1.570796 0.400000 576.000000
9.750000 0.670163 0.500000 2.517397 1.570796 0.400000 576.000000
10.000000 0.704971 0.518617 3.294615 1.570796 0.400000 576.000000
10.250000 0.740660 0.500000 3.786482 1.570796 0.400000 576.000000
10.500000 0.777230 0.518868 3.971810 1.570796 0.400000 576.000000
10.750000 0.814682 0.509259 4.013652 1.570796 0.400000 576.000000
11.000000 0.853014 0.500000 3.943179 1.570796 0.400000 576.000000
11.250000 0.892228 0.514286 3.744278 1.570796 0.400000 576.000000
11.500000 0.932324 0.513158 3.427132 1.570796 0.400000 576.000000
11.750000 0.973300 0.500000 2.975174 1.570796 0.400000 576.000000
12.000000 1.015158 0.505319 2.274573 1.570796 0.400000 576.000000
12.250000 1.057896 0.500000 1.193239 1.570796 0.400000 576.000000
12.500000 1.101516 0.497238 -2.174349 1.570796 0.400000 576.000000
12.750000 1.146018 0.532544 -1.327346 1.570796 0.400000 576.000000
13.000000 1.191400 0.580110 -1.346623 1.570796 0.400000 576.000000
13.250000 1.237664 0.541237 -1.243706 1.570796 0.400000 576.000000
13.500000 1.284809 0.673653 -1.426757 1.570796 0.400000 576.000000
13.750000 1.332835 0.510471 -1.360838 1.570796 0.400000 576.000000
14.000000 1.381742 0.550459 -1.361984 1.570796 0.400000 576.000000
14.250000 1.431531 0.610048 -1.230598 1.570796 0.400000 576.000000
14.500000 1.482201 0.615385 -1.600396 1.570796 0.400000 576.000000
14.750000 1.533752 0.662791 -1.383746 1.570796 0.400000 576.000000
15.000000 1.586184 0.804878 -1.604787 1.570796 0.400000 576.000000
15.250000 1.639497 0.976454 -0.352700 4.712389 0.400000 576.000000
15.500000 1.693692 0.500000 2.622613 3.141593 0.400000 576.000000
15.750000 1.748768 0.496689 5.432276 3.141593 0.400000 576.000000
16.000000 1.804725 0.500000 7.517343 3.141593 0.400000 576.000000
16.250000 1.861563 0.514706 9.355741 3.141593 0.400000 576.000000
16.500000 1.919282 0.495283 10.807497 3.141593 0.400000 576.000000
16.750000 1.977883 0.509709 11.816290 3.141593 0.400000 576.000000
17.000000 2.037365 0.500000 13.524884 3.141593 0.400000 576.000000
17.250000 2.097728 0.520833 14.599271 3.141593 0.400000 576.000000
17.500000 2.158972 0.535714 15.554985 3.141593 0.400000 576.000000
17.750000 2.221098 0.526316 16.495278 3.141593 0.400000 576.000000
18.000000 2.284105 0.500000 17.525353 3.141593 0.400000 576.000000
18.250000 2.347993 0.548780 18.157030 3.141593 0.400000 576.000000
18.500000 2.412762 0.562500 18.967628 3.141593 0.400000 576.000000
18.750000 2.478412 0.576923 19.799662 3.141593 0.400000 576.000000
19.000000 2.544944 0.588235 20.548146 3.141593 0.400000 576.000000
