6.000000 0.253789 1.095506 -1.548890 1.570796 0.400000 764.000000
6.250000 0.275379 0.970588 -1.654742 1.570796 0.400000 764.000000
6.500000 0.297850 1.133721 -1.755567 1.570796 0.400000 764.000000
6.750000 0.321202 0.926966 -1.749919 1.570796 0.400000 764.000000
7.000000 0.345436 0.967742 -1.699367 1.570796 0.400000 764.000000
7.250000 0.370550 0.911215 -1.319756 1.570796 0.400000 764.000000
7.500000 0.396546 0.504202 -1.224511 1.570796 0.400000 764.000000
7.750000 0.423423 0.500000 0.577606 1.570796 0.400000 764.000000
8.000000 0.451181 0.500000 1.209540 1.570796 0.400000 764.000000
8.250000 0.479821 0.500000 1.487590 1.570796 0.400000 764.000000
8.500000 0.509341 0.500000 1.530089 1.570796 0.400000 764.000000
8.750000 0.539743 0.500000 1.312714 1.570796 0.400000 764.000000
9.000000 0.571026 0.506431 1.877992 1.570796 0.400000 764.000000
9.250000 0.603190 0.500000 2.520298 1.570796 0.400000 764.000000
9.500000 0.636236 0.508475 2.903198 1.570796 0.400000 764.000000
9.750000 0.670163 0.500000 3.122379 1.570796 0.400000 764.000000
10.000000 0.704971 0.500000 3.204638 1.570796 0.400000 764.000000
10.250000 0.740660 0.500000 3.152046 1.570796 0.400000 764.000000
10.500000 0.777230 0.512195 2.945505 1.570796 0.400000 764.000000
10.750000 0.814682 0.508475 2.597693 1.570796 0.400000 764.000000
11.000000 0.853014 0.508475 2.041971 1.570796 0.400000 764.000000
11.250000 0.892228 0.500000 1.125751 1.570796 0.400000 764.000000
11.500000 0.932324 0.500000 -1.498208 1.570796 0.400000 764.000000
11.750000 0.973300 0.562500 -1.158053 1.570796 0.400000 764.000000
12.000000 1.015158 0.541667 -1.406545 1.570796 0.400000 764.000000
12.250000 1.057896 0.754717 -1.497774 1.570796 0.400000 764.000000
12.500000 1.101516 0.555556 -1.497510 1.570796 0.400000 764.000000
12.750000 1.146018 0.548780 -1.612890 1.570796 0.400000 764.000000
13.000000 1.191400 0.636364 -1.530270 1.570796 0.400000 764.000000
13.250000 1.237664 0.502577 -1.305046 1.570796 0.400000 764.000000
13.500000 1.284809 0.608108 -1.492650 1.570796 0.400000 764.000000
13.750000 1.332835 0.500000 -1.617592 1.570796 0.400000 764.000000
14.000000 1.381742 0.535714 -1.391168 1.570796 0.400000 764.000000
14.250000 1.431531 0.681818 -1.743016 1.570796 0.400000 764.000000
14.500000 1.482201 0.609137 -1.504627 1.570796 0.400000 764.000000
14.750000 1.533752 0.791284 -1.567340 1.570796 0.400000 764.000000
15.000000 1.586184 0.528169 3.501039 3.141593 0.400000 764.000000
15.250000 1.639497 0.496988 5.682240 3.141593 0.400000 764.000000
15.500000 1.693692 0.495868 7.204082 3.141593 0.400000 764.000000
15.750000 1.748768 0.500000 8.869102 3.141593 0.400000 764.000000
16.000000 1.804725 0.514706 10.362901 3.141593 0.400000 764.000000
16.250000 1.861563 0.523256 11.585441 3.141593 0.400000 764.000000
16.500000 1.919282 0.517241 12.775029 3.141593 0.400000 764.000000
16.750000 1.977883 0.500000 13.714527 3.141593 0.400000 764.000000
17.000000 2.037365 0.535714 14.027368 3.141593 0.400000 764.000000
17.250000 2.097728 0.528169 14.546332 3.141593 0.400000 764.000000
17.500000 2.158972 0.535714 15.345733 3.141593 0.400000 764.000000
17.750000 2.221098 0.526316 16.396966 3.141593 0.400000 764.000000
18.000000 2.284105 0.500000 17.521556 3.141593 0.400000 764.000000
18.250000 2.347993 0.500000 18.404706 3.141593 0.400000 764.000000
18.500000 2.412762 0.535714 19.139755 3.141593 0.400000 764.000000
18.750000 2.478412 0.562500 19.896826 3.141593 0.400000 764.000000
19.000000 2.544944 0.592105 20.713234 3.141593 0.400000 764.000000
