6.000000 0.253789 1.139241 -1.669029 1.570796 0.400000 327.000000
6.250000 0.275379 1.153846 -1.731509 1.570796 0.400000 327.000000
6.500000 0.297850 1.107955 -1.693113 1.570796 0.400000 327.000000
6.750000 0.321202 1.071429 -1.631187 1.570796 0.400000 327.000000
7.000000 0.345436 1.250000 -1.783485 1.570796 0.400000 327.000000
7.250000 0.370550 1.011236 -1.681241 1.570796 0.400000 327.000000
7.500000 0.396546 1.061321 -1.735252 1.570796 0.400000 327.000000
7.750000 0.423423 1.092233 -1.638881 1.570796 0.400000 327.000000
8.000000 0.451181 1.165049 -1.691152 1.570796 0.400000 327.000000
8.250000 0.479821 0.665323 -1.546215 1.570796 0.400000 327.000000
8.500000 0.509341 0.967742 -1.065552 1.570796 0.400000 327.000000
8.750000 0.539743 0.502092 -0.717146 1.570796 0.400000 327.000000
9.000000 0.571026 0.500000 1.424165 1.570796 0.400000 327.000000
9.250000 0.603190 0.500000 2.315322 1.570796 0.400000 327.000000
9.500000 0.636236 0.506757 2.805925 1.570796 0.400000 327.000000
9.750000 0.670163 0.500000 3.244308 1.570796 0.400000 327.000000
10.000000 0.704971 0.500000 3.458785 1.570796 0.400000 327.000000
10.250000 0.740660 0.517241 3.531539 1.570796 0.400000 327.000000
10.500000 0.777230 0.517241 3.497554 1.570796 0.400000 327.000000
10.750000 0.814682 0.508475 3.343252 1.570796 0.400000 327.000000
11.000000 0.853014 0.500000 3.053789 1.570796 0.400000 327.000000
11.250000 0.892228 0.509050 2.594807 1.570796 0.400000 327.000000
11.500000 0.932324 0.505051 1.932918 1.570796 0.400000 327.000000
11.750000 0.973300 0.501393 1.143330 1.570796 0.400000 327.000000
12.000000 1.015158 0.500000 -0.328684 1.570796 0.400000 327.000000
12.250000 1.057896 0.510204 -1.453027 1.570796 0.400000 327.000000
12.500000 1.101516 0.496988 -1.323494 1.570796 0.400000 327.000000
12.750000 1.146018 0.529891 -1.157956 1.570796 0.400000 327.000000
13.000000 1.191400 0.517241 -1.464851 1.570796 0.400000 327.000000
13.250000 1.237664 0.541667 -1.354155 1.570796 0.400000 327.000000
13.500000 1.284809 0.587349 -1.470878 1.570796 0.400000 327.000000
13.750000 1.332835 0.532787 -1.410204 1.570796 0.400000 327.000000
14.000000 1.381742 0.593220 -1.514287 1.570796 0.400000 327.000000
14.250000 1.431531 0.576923 -1.730066 1.570796 0.400000 327.000000
14.500000 1.482201 0.576923 -1.513024 1.570796 0.400000 327.000000
14.750000 1.533752 0.750000 -1.573827 1.570796 0.400000 327.000000
15.000000 1.586184 0.592105 -1.544972 1.570796 0.400000 327.000000
15.250000 1.639497 1.000000 0.294503 4.712389 0.400000 327.000000
15.500000 1.693692 1.000000 2.595530 4.712389 0.400000 327.000000
15.750000 1.748768 1.000000 3.353962 4.712389 0.400000 327.000000
16.000000 1.804725 1.000000 4.176957 4.712389 0.400000 327.000000
16.250000 1.861563 0.729167 6.579165 3.141593 0.400000 327.000000
16.500000 1.919282 0.526316 9.603586 3.141593 0.400000 327.000000
16.750000 1.977883 0.500000 11.386828 3.141593 0.400000 327.000000
17.000000 2.037365 0.500000 12.755955 3.141593 0.400000 327.000000
17.250000 2.097728 0.500000 13.896881 3.141593 0.400000 327.000000
17.500000 2.158972 0.517241 15.147606 3.141593 0.400000 327.000000
17.750000 2.221098 0.500000 16.155078 3.141593 0.400000 327.000000
18.000000 2.284105 0.500000 17.345459 3.141593 0.400000 327.000000
18.250000 2.347993 0.535714 18.112889 3.141593 0.400000 327.000000
18.500000 2.412762 0.562500 18.995379 3.141593 0.400000 327.000000
18.750000 2.478412 0.576923 19.887254 3.141593 0.400000 327.000000
19.000000 2.544944 0.500000 20.829445 3.141593 0.400000 327.000000
