6.000000 0.253789 1.206897 -1.591989 1.570796 0.400000 599.000000
6.250000 0.275379 1.646341 -1.679592 1.570796 0.400000 599.000000
6.500000 0.297850 1.482558 -1.675906 1.570796 0.400000 599.000000
6.750000 0.321202 1.601124 -1.677716 1.570796 0.400000 599.000000
7.000000 0.345436 1.308140 -1.690159 1.570796 0.400000 599.000000
7.250000 0.370550 1.530612 -1.675458 1.570796 0.400000 599.000000
7.500000 0.396546 1.029412 -1.587327 1.570796 0.400000 599.000000
7.750000 0.423423 1.485149 -1.796336 1.570796 0.400000 599.000000
8.000000 0.451181 1.138393 -1.274363 1.570796 0.400000 599.000000
8.250000 0.479821 0.503356 -1.285779 1.570796 0.400000 599.000000
8.500000 0.509341 0.500000 1.003399 1.570796 0.400000 599.000000
8.750000 0.539743 0.500000 1.827037 1.570796 0.400000 599.000000
9.000000 0.571026 0.500000 2.302071 1.570796 0.400000 599.000000
9.250000 0.603190 0.500000 2.564177 1.570796 0.400000 599.000000
9.500000 0.636236 0.509050 2.633357 1.570796 0.400000 599.000000
9.750000 0.670163 0.511364 2.625330 1.570796 0.400000 599.000000
10.000000 0.704971 0.506329 2.419298 1.570796 0.400000 599.000000
10.250000 0.740660 0.500000 3.800441 1.570796 0.400000 599.000000
10.500000 0.777230 0.512422 4.274629 1.570796 0.400000 599.000000
10.750000 0.814682 0.500000 4.537629 1.570796 0.400000 599.000000
11.000000 0.853014 0.520833 4.663475 1.570796 0.400000 599.000000
11.250000 0.892228 0.500000 4.741660 1.570796 0.400000 599.000000
11.500000 0.932324 0.517241 4.655279 1.570796 0.400000 599.000000
11.750000 0.973300 0.500000 4.520822 1.570796 0.400000 599.000000
12.000000 1.015158 0.500000 4.289913 1.570796 0.400000 599.000000
12.250000 1.057896 0.500000 3.918377 1.570796 0.400000 599.000000
12.500000 1.101516 0.510471 3.390645 1.570796 0.400000 599.000000
12.750000 1.146018 0.507968 2.674671 1.570796 0.400000 599.000000
13.000000 1.191400 0.500000 1.610354 1.570796 0.400000 599.000000
13.250000 1.237664 0.500000 -1.321103 1.570796 0.400000 599.000000
13.500000 1.284809 0.553977 -1.131900 1.570796 0.400000 599.000000
13.750000 1.332835 0.535714 -1.299798 1.570796 0.400000 599.000000
14.000000 1.381742 0.540865 -1.211410 1.570796 0.400000 599.000000
14.250000 1.431531 0.564516 -1.457650 1.570796 0.400000 599.000000
14.500000 1.482201 0.610048 -1.444409 1.570796 0.400000 599.000000
14.750000 1.533752 0.734536 -1.671128 1.570796 0.400000 599.000000
15.000000 1.586184 0.684647 -1.348795 1.570796 0.400000 599.000000
15.250000 1.639497 1.001629 -1.858846 4.712389 0.400000 599.000000
15.500000 1.693692 0.998201 2.190614 4.712389 0.400000 599.000000
15.750000 1.748768 1.000000 3.523574 4.712389 0.400000 599.000000
16.000000 1.804725 0.722892 5.279625 3.141593 0.400000 599.000000
16.250000 1.861563 0.740741 6.190113 3.141593 0.400000 599.000000
16.500000 1.919282 0.495283 10.218047 3.141593 0.400000 599.000000
16.750000 1.977883 0.500000 11.815704 3.141593 0.400000 599.000000
17.000000 2.037365 0.520833 13.042120 3.141593 0.400000 599.000000
17.250000 2.097728 0.528169 14.272847 3.141593 0.400000 599.000000
17.500000 2.158972 0.535714 15.286321 3.141593 0.400000 599.000000
17.750000 2.221098 0.526316 16.361610 3.141593 0.400000 599.000000
18.000000 2.284105 0.500000 17.374387 3.141593 0.400000 599.000000
18.250000 2.347993 0.548780 18.106317 3.141593 0.400000 599.000000
18.500000 2.412762 0.562500 19.000302 3.141593 0.400000 599.000000
18.750000 2.478412 0.576923 19.944933 3.141593 0.400000 599.000000
19.000000 2.544944 0.500000 20.792023 3.141593 0.400000 599.000000
