6.000000 0.253789 1.626506 -1.675806 1.570796 0.400000 624.000000
6.250000 0.275379 1.613924 -1.763199 1.570796 0.400000 624.000000
6.500000 0.297850 1.416667 -1.689431 1.570796 0.400000 624.000000
6.750000 0.321202 1.385870 -1.725218 1.570796 0.400000 624.000000
7.000000 0.345436 1.401099 -1.792300 1.570796 0.400000 624.000000
7.250000 0.370550 1.377551 -1.700359 1.570796 0.400000 624.000000
7.500000 0.396546 1.442308 -1.703420 1.570796 0.400000 624.000000
7.750000 0.423423 1.009615 -1.735858 1.570796 0.400000 624.000000
8.000000 0.451181 1.113861 -1.550803 1.570796 0.400000 624.000000
8.250000 0.479821 0.555556 -2.072493 1.570796 0.400000 624.000000
8.500000 0.509341 0.500000 0.581599 1.570796 0.400000 624.000000
8.750000 0.539743 0.500000 1.651470 1.570796 0.400000 624.000000
9.000000 0.571026 0.508065 2.240268 1.570796 0.400000 624.000000
9.250000 0.603190 0.512048 2.587101 1.570796 0.400000 624.000000
9.500000 0.636236 0.506757 2.719612 1.570796 0.400000 624.000000
9.750000 0.670163 0.500000 2.793690 1.570796 0.400000 624.000000
10.000000 0.704971 0.500000 2.669230 1.570796 0.400000 624.000000
10.250000 0.740660 0.517241 3.775542 1.570796 0.400000 624.000000
10.500000 0.777230 0.518868 4.248105 1.570796 0.400000 624.000000
10.750000 0.814682 0.510204 4.503124 1.570796 0.400000 624.000000
11.000000 0.853014 0.500000 4.651440 1.570796 0.400000 624.000000
11.250000 0.892228 0.500000 4.679657 1.570796 0.400000 624.000000
11.500000 0.932324 0.517241 4.576967 1.570796 0.400000 624.000000
11.750000 0.973300 0.500000 4.421809 1.570796 0.400000 624.000000
12.000000 1.015158 0.515625 4.136692 1.570796 0.400000 624.000000
12.250000 1.057896 0.511364 3.748320 1.570796 0.400000 624.000000
12.500000 1.101516 0.507246 3.195841 1.570796 0.400000 624.000000
12.750000 1.146018 0.507519 2.416496 1.570796 0.400000 624.000000
13.000000 1.191400 0.500000 1.194359 1.570796 0.400000 624.000000
13.250000 1.237664 0.485294 -2.781646 1.570796 0.400000 624.000000
13.500000 1.284809 0.557143 -1.554225 1.570796 0.400000 624.000000
13.750000 1.332835 0.491803 -1.386147 1.570796 0.400000 624.000000
14.000000 1.381742 0.530303 -1.266735 1.570796 0.400000 624.000000
14.250000 1.431531 0.514286 -1.512204 1.570796 0.400000 624.000000
14.500000 1.482201 0.573980 -1.342344 1.570796 0.400000 624.000000
14.750000 1.533752 0.598592 -1.298584 1.570796 0.400000 624.000000
15.000000 1.586184 0.602679 -1.425500 1.570796 0.400000 624.000000
15.250000 1.639497 0.738636 -1.062386 1.570796 0.400000 624.000000
15.500000 1.693692 1.000000 1.874246 4.712389 0.400000 624.000000
15.750000 1.748768 1.000000 3.381358 4.712389 0.400000 624.000000
16.000000 1.804725 0.736994 4.579097 3.141593 0.400000 624.000000
16.250000 1.861563 0.500000 7.291083 3.141593 0.400000 624.000000
16.500000 1.919282 0.500000 9.550803 3.141593 0.400000 624.000000
16.750000 1.977883 0.500000 11.341521 3.141593 0.400000 624.000000
17.000000 2.037365 0.500000 12.651634 3.141593 0.400000 624.000000
17.250000 2.097728 0.500000 13.970084 3.141593 0.400000 624.000000
17.500000 2.158972 0.528169 15.189400 3.141593 0.400000 624.000000
17.750000 2.221098 0.535714 16.199122 3.141593 0.400000 624.000000
18.000000 2.284105 0.535714 17.225205 3.141593 0.400000 624.000000
18.250000 2.347993 0.500000 18.352321 3.141593 0.400000 624.000000
18.500000 2.412762 0.523256 19.187248 3.141593 0.400000 624.000000
18.750000 2.478412 0.535714 19.937821 3.141593 0.400000 624.000000
19.000000 2.544944 0.576923 20.704946 3.141593 0.400000 624.000000
