6.000000 0.253789 0.903614 -1.652674 1.570796 0.400000 857.000000
6.250000 0.275379 0.914634 -1.739489 1.570796 0.400000 857.000000
6.500000 0.297850 0.872093 -1.605447 1.570796 0.400000 857.000000
6.750000 0.321202 0.959302 -1.745004 1.570796 0.400000 857.000000
7.000000 0.345436 0.887097 -1.666275 1.570796 0.400000 857.000000
7.250000 0.370550 0.896739 -1.563045 1.570796 0.400000 857.000000
7.500000 0.396546 0.841121 -1.262125 1.570796 0.400000 857.000000
7.750000 0.423423 0.500000 -0.559872 1.570796 0.400000 857.000000
8.000000 0.451181 0.500000 0.887124 1.570796 0.400000 857.000000
8.250000 0.479821 0.500000 1.460258 1.570796 0.400000 857.000000
8.500000 0.509341 0.505865 1.732557 1.570796 0.400000 857.000000
8.750000 0.539743 0.501672 1.787617 1.570796 0.400000 857.000000
9.000000 0.571026 0.500000 1.621077 1.570796 0.400000 857.000000
9.250000 0.603190 0.501592 1.863201 1.570796 0.400000 857.000000
9.500000 0.636236 0.500000 2.708836 1.570796 0.400000 857.000000
9.750000 0.670163 0.500000 3.229605 1.570796 0.400000 857.000000
10.000000 0.704971 0.500000 3.553119 1.570796 0.400000 857.000000
10.250000 0.740660 0.513158 3.736961 1.570796 0.400000 857.000000
10.500000 0.777230 0.500000 3.818953 1.570796 0.400000 857.000000
10.750000 0.814682 0.500000 3.775776 1.570796 0.400000 857.000000
11.000000 0.853014 0.500000 3.627293 1.570796 0.400000 857.000000
11.250000 0.892228 0.500000 3.339706 1.570796 0.400000 857.000000
11.500000 0.932324 0.500000 2.897276 1.570796 0.400000 857.000000
11.750000 0.973300 0.505051 2.235452 1.570796 0.400000 857.000000
12.000000 1.015158 0.500000 1.195151 1.570796 0.400000 857.000000
12.250000 1.057896 0.497238 -1.775140 1.570796 0.400000 857.000000
12.500000 1.101516 0.496988 -1.326278 1.570796 0.400000 857.000000
12.750000 1.146018 0.541667 -1.402746 1.570796 0.400000 857.000000
13.000000 1.191400 0.760870 -1.601802 1.570796 0.400000 857.000000
13.250000 1.237664 0.458333 -1.428816 1.570796 0.400000 857.000000
13.500000 1.284809 0.560748 -1.172714 1.570796 0.400000 857.000000
13.750000 1.332835 0.608108 -1.631446 1.570796 0.400000 857.000000
14.000000 1.381742 0.762712 -1.640326 1.570796 0.400000 857.000000
14.250000 1.431531 0.574163 -1.254996 1.570796 0.400000 857.000000
14.500000 1.482201 0.789474 -1.710397 1.570796 0.400000 857.000000
14.750000 1.533752 0.678733 -1.562763 1.570796 0.400000 857.000000
15.000000 1.586184 0.500000 2.534756 3.141593 0.400000 857.000000
15.250000 1.639497 0.496689 5.329810 3.141593 0.400000 857.000000
15.500000 1.693692 0.500000 7.063220 3.141593 0.400000 857.000000
15.750000 1.748768 0.519802 8.676550 3.141593 0.400000 857.000000
16.000000 1.804725 0.525000 10.194478 3.141593 0.400000 857.000000
16.250000 1.861563 0.517241 11.423162 3.141593 0.400000 857.000000
16.500000 1.919282 0.535714 12.500470 3.141593 0.400000 857.000000
16.750000 1.977883 0.542169 13.447954 3.141593 0.400000 857.000000
17.000000 2.037365 0.530303 14.141132 3.141593 0.400000 857.000000
17.250000 2.097728 0.535714 14.248667 3.141593 0.400000 857.000000
17.500000 2.158972 0.520833 15.266955 3.141593 0.400000 857.000000
17.750000 2.221098 0.535714 16.139740 3.141593 0.400000 857.000000
18.000000 2.284105 0.517241 17.174540 3.141593 0.400000 857.000000
18.250000 2.347993 0.545455 18.020620 3.141593 0.400000 857.000000
18.500000 2.412762 0.500000 19.144915 3.141593 0.400000 857.000000
18.750000 2.478412 0.500000 19.962046 3.141593 0.400000 857.000000
19.000000 2.544944 0.548780 20.632343 3.141593 0.400000 857.000000
