8.000000 0.800000 0.500000 3.004314 1.570796 0.400000 191.000000
8.500000 0.800000 0.500000 2.615253 1.570796 0.400000 191.000000
9.000000 0.800000 0.500000 1.325065 1.570796 0.400000 191.000000
9.500000 0.800000 1.000000 0.205958 3.141593 0.400000 191.000000
10.000000 0.800000 0.945946 -1.686678 1.570796 0.400000 191.000000
10.500000 0.800000 0.826772 -1.749217 1.570796 0.400000 191.000000
11.000000 0.800000 1.071429 -1.754883 1.570796 0.400000 191.000000
11.500000 0.800000 1.000000 -1.752884 1.570796 0.400000 191.000000
12.000000 0.800000 0.865385 -1.740596 1.570796 0.400000 191.000000
12.500000 0.800000 0.850000 -1.766394 1.570796 0.400000 191.000000
13.000000 0.800000 0.745342 -1.742845 1.570796 0.400000 191.000000
13.500000 0.800000 0.763473 -1.420084 1.570796 0.400000 191.000000
14.000000 0.800000 0.978261 -1.807971 1.570796 0.400000 191.000000
14.500000 0.800000 0.865385 -1.697123 1.570796 0.400000 191.000000
15.000000 0.800000 0.923077 -1.676446 1.570796 0.400000 191.000000
15.500000 0.800000 1.000000 -1.040356 4.712389 0.400000 191.000000
16.000000 0.800000 0.754190 -1.838446 1.570796 0.400000 191.000000
16.500000 0.800000 0.753968 -1.750656 1.570796 0.400000 191.000000
17.000000 0.800000 0.476190 -2.466430 3.141593 0.400000 191.000000
17.500000 0.800000 0.500000 2.650943 3.141593 0.400000 191.000000
18.000000 0.800000 0.500000 4.251675 3.141593 0.400000 191.000000
18.500000 0.800000 0.508929 5.126254 3.141593 0.400000 191.000000
19.000000 0.800000 0.500000 5.562527 3.141593 0.400000 191.000000
19.500000 0.800000 0.500000 5.636688 3.141593 0.400000 191.000000
20.000000 0.800000 0.509050 5.347957 3.141593 0.400000 191.000000
20.500000 0.800000 0.510000 4.662922 3.141593 0.400000 191.000000
21.000000 0.800000 0.500000 3.430954 3.141593 0.400000 191.000000
21.500000 0.800000 0.498615 0.849954 3.141593 0.400000 191.000000
22.000000 0.800000 0.474684 -1.539974 3.141593 0.400000 191.000000
22.500000 0.800000 0.537634 -1.693199 1.570796 0.400000 191.000000
23.000000 0.800000 0.489130 -1.584187 1.570796 0.400000 191.000000
23.500000 0.800000 0.607394 -1.699394 1.570796 0.400000 191.000000
24.000000 0.800000 0.543103 -1.639137 1.570796 0.400000 191.000000
24.500000 0.800000 0.530303 -1.667877 1.570796 0.400000 191.000000
25.000000 0.800000 0.518092 -1.658718 1.570796 0.400000 191.000000
25.500000 0.800000 0.483871 -1.677848 1.570796 0.400000 191.000000
26.000000 0.800000 0.496845 -1.585019 1.570796 0.400000 191.000000
26.500000 0.800000 0.465839 -1.635056 1.570796 0.400000 191.000000
27.000000 0.800000 0.493730 -1.699336 1.570796 0.400000 191.000000
27.500000 0.800000 0.508850 -1.628975 1.570796 0.400000 191.000000
28.000000 0.800000 0.476879 -1.551529 1.570796 0.400000 191.000000
28.500000 0.800000 0.476879 -2.095021 4.712389 0.400000 191.000000
29.000000 0.800000 0.500000 0.084073 4.712389 0.400000 191.000000
29.500000 0.800000 0.500000 2.849218 4.712389 0.400000 191.000000
30.000000 0.800000 0.500000 4.181905 4.712389 0.400000 191.000000
30.500000 0.800000 0.500000 4.929202 4.712389 0.400000 191.000000
31.000000 0.800000 0.500000 5.198406 4.712389 0.400000 191.000000
31.500000 0.800000 0.500000 5.322128 4.712389 0.400000 191.000000
32.000000 0.800000 0.505865 4.997691 4.712389 0.400000 191.000000
32.500000 0.800000 0.500000 4.322711 4.712389 0.400000 191.000000
33.000000 0.800000 0.501393 3.276673 4.712389 0.400000 191.000000
33.500000 0.800000 0.501393 2.379520 4.712389 0.400000 191.000000
34.000000 0.800000 0.500000 1.542244 4.712389 0.400000 191.000000
34.500000 0.800000 0.466102 -2.072051 4.712389 0.400000 191.000000
35.000000 0.800000 0.492537 -1.829966 4.712389 0.400000 191.000000
