6.000000 0.253789 1.655844 -1.810588 1.570796 0.400000 249.000000
6.250000 0.275379 1.948052 -1.858415 1.570796 0.400000 249.000000
6.500000 0.297850 1.687500 -1.861750 1.570796 0.400000 249.000000
6.750000 0.321202 1.730769 -1.888306 1.570796 0.400000 249.000000
7.000000 0.345436 1.656977 -1.821669 1.570796 0.400000 249.000000
7.250000 0.370550 1.666667 -1.906472 1.570796 0.400000 249.000000
7.500000 0.396546 1.595745 -1.784194 1.570796 0.400000 249.000000
7.750000 0.423423 1.612903 -1.872065 1.570796 0.400000 249.000000
8.000000 0.451181 0.703125 -1.132451 1.570796 0.400000 249.000000
8.250000 0.479821 0.500000 0.998601 1.570796 0.400000 249.000000
8.500000 0.509341 0.500000 1.641545 1.570796 0.400000 249.000000
8.750000 0.539743 0.500000 1.975162 1.570796 0.400000 249.000000
9.000000 0.571026 0.500000 2.104976 1.570796 0.400000 249.000000
9.250000 0.603190 0.498418 1.850832 1.570796 0.400000 249.000000
9.500000 0.636236 0.500000 2.565723 1.570796 0.400000 249.000000
9.750000 0.670163 0.502232 3.164262 1.570796 0.400000 249.000000
10.000000 0.704971 0.512195 3.586610 1.570796 0.400000 249.000000
10.250000 0.740660 0.500000 3.851717 1.570796 0.400000 249.000000
10.500000 0.777230 0.500000 3.996655 1.570796 0.400000 249.000000
10.750000 0.814682 0.500000 4.040330 1.570796 0.400000 249.000000
11.000000 0.853014 0.515625 3.937630 1.570796 0.400000 249.000000
11.250000 0.892228 0.515625 3.753148 1.570796 0.400000 249.000000
11.500000 0.932324 0.517241 3.442460 1.570796 0.400000 249.000000
11.750000 0.973300 0.500000 2.978183 1.570796 0.400000 249.000000
12.000000 1.015158 0.500000 2.298558 1.570796 0.400000 249.000000
12.250000 1.057896 0.500000 1.218056 1.570796 0.400000 249.000000
12.500000 1.101516 0.497238 -2.199494 1.570796 0.400000 249.000000
12.750000 1.146018 0.559006 -1.078577 1.570796 0.400000 249.000000
13.000000 1.191400 0.621547 -1.278619 1.570796 0.400000 249.000000
13.250000 1.237664 0.704698 -1.624430 1.570796 0.400000 249.000000
13.500000 1.284809 0.621302 -1.362077 1.570796 0.400000 249.000000
13.750000 1.332835 0.758929 -1.683520 1.570796 0.400000 249.000000
14.000000 1.381742 0.727273 -1.461121 1.570796 0.400000 249.000000
14.250000 1.431531 0.808383 -1.682670 1.570796 0.400000 249.000000
14.500000 1.482201 0.710526 -1.544403 1.570796 0.400000 249.000000
14.750000 1.533752 0.817536 -1.476213 1.570796 0.400000 249.000000
15.000000 1.586184 0.874439 -1.391039 1.570796 0.400000 249.000000
15.250000 1.639497 0.671965 2.076461 3.141593 0.400000 249.000000
15.500000 1.693692 0.846154 3.767596 3.141593 0.400000 249.000000
15.750000 1.748768 0.768072 5.417556 3.141593 0.400000 249.000000
16.000000 1.804725 0.523256 8.575690 3.141593 0.400000 249.000000
16.250000 1.861563 0.525000 10.717484 3.141593 0.400000 249.000000
16.500000 1.919282 0.500000 12.226895 3.141593 0.400000 249.000000
16.750000 1.977883 0.523256 13.341375 3.141593 0.400000 249.000000
17.000000 2.037365 0.528169 14.154797 3.141593 0.400000 249.000000
17.250000 2.097728 0.520833 14.938216 3.141593 0.400000 249.000000
17.500000 2.158972 0.500000 15.767684 3.141593 0.400000 249.000000
17.750000 2.221098 0.500000 16.445374 3.141593 0.400000 249.000000
18.000000 2.284105 0.535714 17.325964 3.141593 0.400000 249.000000
18.250000 2.347993 0.576923 18.294019 3.141593 0.400000 249.000000
18.500000 2.412762 0.500000 19.287532 3.141593 0.400000 249.000000
18.750000 2.478412 0.523256 20.067890 3.141593 0.400000 249.000000
19.000000 2.544944 0.548780 20.725030 3.141593 0.400000 249.000000
