6.000000 0.253789 1.593750 -1.726433 1.570796 0.400000 719.000000
6.250000 0.275379 1.613924 -1.734425 1.570796 0.400000 719.000000
6.500000 0.297850 1.432584 -1.710682 1.570796 0.400000 719.000000
6.750000 0.321202 1.637931 -1.745896 1.570796 0.400000 719.000000
7.000000 0.345436 1.416667 -1.783776 1.570796 0.400000 719.000000
7.250000 0.370550 1.601124 -1.672126 1.570796 0.400000 719.000000
7.500000 0.396546 1.142857 -1.749693 1.570796 0.400000 719.000000
7.750000 0.423423 1.237864 -1.468475 1.570796 0.400000 719.000000
8.000000 0.451181 0.514706 -1.801403 1.570796 0.400000 719.000000
8.250000 0.479821 0.500000 0.580383 1.570796 0.400000 719.000000
8.500000 0.509341 0.500000 1.508929 1.570796 0.400000 719.000000
8.750000 0.539743 0.500000 2.006743 1.570796 0.400000 719.000000
9.000000 0.571026 0.507519 2.266964 1.570796 0.400000 719.000000
9.250000 0.603190 0.500000 2.351068 1.570796 0.400000 719.000000
9.500000 0.636236 0.500000 2.263879 1.570796 0.400000 719.000000
9.750000 0.670163 0.501969 2.229898 1.570796 0.400000 719.000000
10.000000 0.704971 0.502232 3.163077 1.570796 0.400000 719.000000
10.250000 0.740660 0.500000 3.819269 1.570796 0.400000 719.000000
10.500000 0.777230 0.500000 4.349888 1.570796 0.400000 719.000000
10.750000 0.814682 0.517241 4.667129 1.570796 0.400000 719.000000
11.000000 0.853014 0.520833 4.876350 1.570796 0.400000 719.000000
11.250000 0.892228 0.511364 5.015613 1.570796 0.400000 719.000000
11.500000 0.932324 0.519231 5.037092 1.570796 0.400000 719.000000
11.750000 0.973300 0.515267 4.989789 1.570796 0.400000 719.000000
12.000000 1.015158 0.517241 4.833213 1.570796 0.400000 719.000000
12.250000 1.057896 0.517241 4.608662 1.570796 0.400000 719.000000
12.500000 1.101516 0.500000 4.270618 1.570796 0.400000 719.000000
12.750000 1.146018 0.500000 3.799553 1.570796 0.400000 719.000000
13.000000 1.191400 0.500000 3.141856 1.570796 0.400000 719.000000
13.250000 1.237664 0.500000 2.221973 1.570796 0.400000 719.000000
13.500000 1.284809 0.500000 0.639417 1.570796 0.400000 719.000000
13.750000 1.332835 0.564159 -0.610767 1.570796 0.400000 719.000000
14.000000 1.381742 0.464286 -1.270593 1.570796 0.400000 719.000000
14.250000 1.431531 0.692308 -1.376006 1.570796 0.400000 719.000000
14.500000 1.482201 0.708955 -1.420906 1.570796 0.400000 719.000000
14.750000 1.533752 0.619266 -1.517319 1.570796 0.400000 719.000000
15.000000 1.586184 0.740343 -1.561003 1.570796 0.400000 719.000000
15.250000 1.639497 1.000000 0.287168 4.712389 0.400000 719.000000
15.500000 1.693692 0.906250 2.917413 3.141593 0.400000 719.000000
15.750000 1.748768 0.775862 4.730155 3.141593 0.400000 719.000000
16.000000 1.804725 0.833333 5.239505 3.141593 0.400000 719.000000
16.250000 1.861563 0.523256 8.781995 3.141593 0.400000 719.000000
16.500000 1.919282 0.509709 10.659919 3.141593 0.400000 719.000000
16.750000 1.977883 0.535714 12.482437 3.141593 0.400000 719.000000
17.000000 2.037365 0.529412 13.249339 3.141593 0.400000 719.000000
17.250000 2.097728 0.500000 13.316515 3.141593 0.400000 719.000000
17.500000 2.158972 0.528169 14.454790 3.141593 0.400000 719.000000
17.750000 2.221098 0.545455 15.593364 3.141593 0.400000 719.000000
18.000000 2.284105 0.545455 16.801938 3.141593 0.400000 719.000000
18.250000 2.347993 0.523256 17.952426 3.141593 0.400000 719.000000
18.500000 2.412762 0.548780 18.822077 3.141593 0.400000 719.000000
18.750000 2.478412 0.576923 19.851297 3.141593 0.400000 719.000000
19.000000 2.544944 0.500000 20.876523 3.141593 0.400000 719.000000
