6.000000 0.253789 1.607143 -1.640526 1.570796 0.400000 254.000000
6.250000 0.275379 1.558442 -1.674280 1.570796 0.400000 254.000000
6.500000 0.297850 1.236264 -1.647658 1.570796 0.400000 254.000000
6.750000 0.321202 1.379310 -1.656461 1.570796 0.400000 254.000000
7.000000 0.345436 1.290323 -1.709347 1.570796 0.400000 254.000000
7.250000 0.370550 1.356383 -1.621763 1.570796 0.400000 254.000000
7.500000 0.396546 1.081081 -1.555110 1.570796 0.400000 254.000000
7.750000 0.423423 1.350000 -1.597770 1.570796 0.400000 254.000000
8.000000 0.451181 1.081731 -1.540249 1.570796 0.400000 254.000000
8.250000 0.479821 0.750000 -1.128490 1.570796 0.400000 254.000000
8.500000 0.509341 0.500000 0.205904 1.570796 0.400000 254.000000
8.750000 0.539743 0.500000 1.510318 1.570796 0.400000 254.000000
9.000000 0.571026 0.500000 2.186714 1.570796 0.400000 254.000000
9.250000 0.603190 0.505618 2.474508 1.570796 0.400000 254.000000
9.500000 0.636236 0.511364 2.746642 1.570796 0.400000 254.000000
9.750000 0.670163 0.514706 2.894606 1.570796 0.400000 254.000000
10.000000 0.704971 0.510471 3.265799 1.570796 0.400000 254.000000
10.250000 0.740660 0.500000 3.801766 1.570796 0.400000 254.000000
10.500000 0.777230 0.522152 4.049515 1.570796 0.400000 254.000000
10.750000 0.814682 0.517241 4.157751 1.570796 0.400000 254.000000
11.000000 0.853014 0.513699 4.146639 1.570796 0.400000 254.000000
11.250000 0.892228 0.515625 4.007907 1.570796 0.400000 254.000000
11.500000 0.932324 0.512422 3.776398 1.570796 0.400000 254.000000
11.750000 0.973300 0.500000 3.411631 1.570796 0.400000 254.000000
12.000000 1.015158 0.509050 2.855031 1.570796 0.400000 254.000000
12.250000 1.057896 0.505051 2.064624 1.570796 0.400000 254.000000
12.500000 1.101516 0.500000 0.710678 1.570796 0.400000 254.000000
12.750000 1.146018 0.468750 -0.267526 1.570796 0.400000 254.000000
13.000000 1.191400 0.500000 -1.224956 1.570796 0.400000 254.000000
13.250000 1.237664 0.496988 -1.328664 1.570796 0.400000 254.000000
13.500000 1.284809 0.576923 -1.264866 1.570796 0.400000 254.000000
13.750000 1.332835 0.497449 -1.371157 1.570796 0.400000 254.000000
14.000000 1.381742 0.573980 -1.354512 1.570796 0.400000 254.000000
14.250000 1.431531 0.535714 -1.314312 1.570796 0.400000 254.000000
14.500000 1.482201 0.483871 -1.356937 1.570796 0.400000 254.000000
14.750000 1.533752 0.586957 -1.284913 1.570796 0.400000 254.000000
15.000000 1.586184 0.622271 -1.439371 1.570796 0.400000 254.000000
15.250000 1.639497 0.875486 -1.397252 1.570796 0.400000 254.000000
15.500000 1.693692 1.000000 1.746740 4.712389 0.400000 254.000000
15.750000 1.748768 1.000000 3.556397 4.712389 0.400000 254.000000
16.000000 1.804725 0.520833 6.033118 3.141593 0.400000 254.000000
16.250000 1.861563 0.500000 8.204170 3.141593 0.400000 254.000000
16.500000 1.919282 0.519802 10.042873 3.141593 0.400000 254.000000
16.750000 1.977883 0.509709 11.602901 3.141593 0.400000 254.000000
17.000000 2.037365 0.500000 12.525094 3.141593 0.400000 254.000000
17.250000 2.097728 0.523256 14.309726 3.141593 0.400000 254.000000
17.500000 2.158972 0.500000 15.338460 3.141593 0.400000 254.000000
17.750000 2.221098 0.526316 16.347301 3.141593 0.400000 254.000000
18.000000 2.284105 0.500000 17.314103 3.141593 0.400000 254.000000
18.250000 2.347993 0.566038 18.265279 3.141593 0.400000 254.000000
18.500000 2.412762 0.500000 19.269315 3.141593 0.400000 254.000000
18.750000 2.478412 0.548780 19.965073 3.141593 0.400000 254.000000
19.000000 2.544944 0.562500 20.702811 3.141593 0.400000 254.000000
