6.000000 0.253789 1.925676 -1.922563 1.570796 0.400000 71.000000
6.250000 0.275379 2.045455 -1.934523 1.570796 0.400000 71.000000
6.500000 0.297850 1.781250 -1.939649 1.570796 0.400000 71.000000
6.750000 0.321202 1.948052 -1.989511 1.570796 0.400000 71.000000
7.000000 0.345436 1.744186 -1.934172 1.570796 0.400000 71.000000
7.250000 0.370550 1.209677 -1.657572 1.570796 0.400000 71.000000
7.500000 0.396546 0.500000 0.445382 1.570796 0.400000 71.000000
7.750000 0.423423 1.666667 -1.986193 1.570796 0.400000 71.000000
8.000000 0.451181 0.500000 1.229648 1.570796 0.400000 71.000000
8.250000 0.479821 0.500000 1.176465 1.570796 0.400000 71.000000
8.500000 0.509341 0.498555 0.768791 1.570796 0.400000 71.000000
8.750000 0.539743 0.500000 1.708794 1.570796 0.400000 71.000000
9.000000 0.571026 0.508475 2.258935 1.570796 0.400000 71.000000
9.250000 0.603190 0.500000 2.586379 1.570796 0.400000 71.000000
9.500000 0.636236 0.510638 2.729019 1.570796 0.400000 71.000000
9.750000 0.670163 0.500000 2.728195 1.570796 0.400000 71.000000
10.000000 0.704971 0.508475 2.562234 1.570796 0.400000 71.000000
10.250000 0.740660 0.501859 2.232448 1.570796 0.400000 71.000000
10.500000 0.777230 0.505865 1.666440 1.570796 0.400000 71.000000
10.750000 0.814682 0.500000 0.686772 1.570796 0.400000 71.000000
11.000000 0.853014 0.492701 -2.281448 1.570796 0.400000 71.000000
11.250000 0.892228 0.755396 -1.072143 1.570796 0.400000 71.000000
11.500000 0.932324 0.687023 -2.340618 1.570796 0.400000 71.000000
11.750000 0.973300 0.827586 -1.571222 1.570796 0.400000 71.000000
12.000000 1.015158 0.865385 -1.891789 1.570796 0.400000 71.000000
12.250000 1.057896 1.003521 -1.629949 1.570796 0.400000 71.000000
12.500000 1.101516 0.985401 -1.869110 1.570796 0.400000 71.000000
12.750000 1.146018 0.896226 -1.748117 1.570796 0.400000 71.000000
13.000000 1.191400 0.956376 -1.784227 1.570796 0.400000 71.000000
13.250000 1.237664 0.912162 -1.953442 1.570796 0.400000 71.000000
13.500000 1.284809 0.879630 -1.708023 1.570796 0.400000 71.000000
13.750000 1.332835 1.031250 -1.937815 1.570796 0.400000 71.000000
14.000000 1.381742 0.937500 -1.763810 1.570796 0.400000 71.000000
14.250000 1.431531 0.500000 -0.561436 3.141593 0.400000 71.000000
14.500000 1.482201 0.500000 3.820625 3.141593 0.400000 71.000000
14.750000 1.533752 0.497238 5.783445 3.141593 0.400000 71.000000
15.000000 1.586184 0.700549 5.288301 3.141593 0.400000 71.000000
15.250000 1.639497 0.572519 7.793782 3.141593 0.400000 71.000000
15.500000 1.693692 0.495283 9.469426 3.141593 0.400000 71.000000
15.750000 1.748768 0.519802 10.718491 3.141593 0.400000 71.000000
16.000000 1.804725 0.529412 11.625702 3.141593 0.400000 71.000000
16.250000 1.861563 0.517241 12.468336 3.141593 0.400000 71.000000
16.500000 1.919282 0.500000 13.253525 3.141593 0.400000 71.000000
16.750000 1.977883 0.543478 13.804840 3.141593 0.400000 71.000000
17.000000 2.037365 0.513699 14.365808 3.141593 0.400000 71.000000
17.250000 2.097728 0.500000 14.997609 3.141593 0.400000 71.000000
17.500000 2.158972 0.545455 15.531302 3.141593 0.400000 71.000000
17.750000 2.221098 0.500000 16.318972 3.141593 0.400000 71.000000
18.000000 2.284105 0.535714 17.156660 3.141593 0.400000 71.000000
18.250000 2.347993 0.566038 18.020787 3.141593 0.400000 71.000000
18.500000 2.412762 0.500000 19.082195 3.141593 0.400000 71.000000
18.750000 2.478412 0.500000 19.829928 3.141593 0.400000 71.000000
19.000000 2.544944 0.548780 20.440984 3.141593 0.400000 71.000000
