6.000000 0.253789 1.250000 -1.660126 1.570796 0.400000 175.000000
6.250000 0.275379 1.235294 -1.703735 1.570796 0.400000 175.000000
6.500000 0.297850 1.235294 -1.755426 1.570796 0.400000 175.000000
6.750000 0.321202 1.363636 -1.735857 1.570796 0.400000 175.000000
7.000000 0.345436 1.222826 -1.789514 1.570796 0.400000 175.000000
7.250000 0.370550 1.212121 -1.612762 1.570796 0.400000 175.000000
7.500000 0.396546 1.081731 -1.845032 1.570796 0.400000 175.000000
7.750000 0.423423 0.500000 -0.206194 1.570796 0.400000 175.000000
8.000000 0.451181 0.500000 0.975824 1.570796 0.400000 175.000000
8.250000 0.479821 0.500000 1.485162 1.570796 0.400000 175.000000
8.500000 0.509341 0.500000 1.714345 1.570796 0.400000 175.000000
8.750000 0.539743 0.500000 1.724865 1.570796 0.400000 175.000000
9.000000 0.571026 0.500000 1.517840 1.570796 0.400000 175.000000
9.250000 0.603190 0.500000 1.032554 1.570796 0.400000 175.000000
9.500000 0.636236 0.500000 0.349023 1.570796 0.400000 175.000000
9.750000 0.670163 0.500000 2.161159 1.570796 0.400000 175.000000
10.000000 0.704971 0.500000 3.145588 1.570796 0.400000 175.000000
10.250000 0.740660 0.500000 3.833760 1.570796 0.400000 175.000000
10.500000 0.777230 0.500000 4.335660 1.570796 0.400000 175.000000
10.750000 0.814682 0.520833 4.698616 1.570796 0.400000 175.000000
11.000000 0.853014 0.500000 4.970717 1.570796 0.400000 175.000000
11.250000 0.892228 0.523256 5.108104 1.570796 0.400000 175.000000
11.500000 0.932324 0.500000 5.217648 1.570796 0.400000 175.000000
11.750000 0.973300 0.500000 5.205591 1.570796 0.400000 175.000000
12.000000 1.015158 0.519231 5.079849 1.570796 0.400000 175.000000
12.250000 1.057896 0.500000 4.918334 1.570796 0.400000 175.000000
12.500000 1.101516 0.500000 4.664663 1.570796 0.400000 175.000000
12.750000 1.146018 0.500000 4.263743 1.570796 0.400000 175.000000
13.000000 1.191400 0.500000 3.715488 1.570796 0.400000 175.000000
13.250000 1.237664 0.509050 2.999150 1.570796 0.400000 175.000000
13.500000 1.284809 0.506135 1.966687 1.570796 0.400000 175.000000
13.750000 1.332835 0.500000 -0.077003 1.570796 0.400000 175.000000
14.000000 1.381742 0.530303 -0.852458 1.570796 0.400000 175.000000
14.250000 1.431531 0.530660 -1.259301 1.570796 0.400000 175.000000
14.500000 1.482201 0.530973 -1.174369 1.570796 0.400000 175.000000
14.750000 1.533752 0.466805 -1.315800 1.570796 0.400000 175.000000
15.000000 1.586184 0.501969 -1.299478 1.570796 0.400000 175.000000
15.250000 1.639497 1.000000 0.627895 4.712389 0.400000 175.000000
15.500000 1.693692 0.607143 3.644750 3.141593 0.400000 175.000000
15.750000 1.748768 0.695364 5.334261 3.141593 0.400000 175.000000
16.000000 1.804725 0.625000 7.029945 3.141593 0.400000 175.000000
16.250000 1.861563 0.581395 8.528267 3.141593 0.400000 175.000000
16.500000 1.919282 0.512821 10.561387 3.141593 0.400000 175.000000
16.750000 1.977883 0.500000 12.705263 3.141593 0.400000 175.000000
17.000000 2.037365 0.529412 12.673412 3.141593 0.400000 175.000000
17.250000 2.097728 0.520833 13.657133 3.141593 0.400000 175.000000
17.500000 2.158972 0.500000 14.930039 3.141593 0.400000 175.000000
17.750000 2.221098 0.500000 16.041518 3.141593 0.400000 175.000000
18.000000 2.284105 0.545455 17.032621 3.141593 0.400000 175.000000
18.250000 2.347993 0.500000 18.152263 3.141593 0.400000 175.000000
18.500000 2.412762 0.523256 19.090374 3.141593 0.400000 175.000000
18.750000 2.478412 0.548780 19.815199 3.141593 0.400000 175.000000
19.000000 2.544944 0.576923 20.711069 3.141593 0.400000 175.000000
