6.000000 0.253789 0.876623 -1.693122 1.570796 0.400000 404.000000
6.250000 0.275379 0.914634 -1.723472 1.570796 0.400000 404.000000
6.500000 0.297850 0.722892 -1.664469 1.570796 0.400000 404.000000
6.750000 0.321202 1.046512 -1.704773 1.570796 0.400000 404.000000
7.000000 0.345436 0.824176 -1.769935 1.570796 0.400000 404.000000
7.250000 0.370550 0.681818 -1.661553 1.570796 0.400000 404.000000
7.500000 0.396546 0.675676 -1.538093 1.570796 0.400000 404.000000
7.750000 0.423423 0.596591 -1.599166 1.570796 0.400000 404.000000
8.000000 0.451181 0.891089 -1.535033 1.570796 0.400000 404.000000
8.250000 0.479821 0.551471 -0.858252 1.570796 0.400000 404.000000
8.500000 0.509341 0.500000 0.182310 1.570796 0.400000 404.000000
8.750000 0.539743 0.500000 1.499206 1.570796 0.400000 404.000000
9.000000 0.571026 0.500000 2.180289 1.570796 0.400000 404.000000
9.250000 0.603190 0.512048 2.588264 1.570796 0.400000 404.000000
9.500000 0.636236 0.509050 2.811608 1.570796 0.400000 404.000000
9.750000 0.670163 0.500000 2.888476 1.570796 0.400000 404.000000
10.000000 0.704971 0.500000 2.868643 1.570796 0.400000 404.000000
10.250000 0.740660 0.502392 2.929001 1.570796 0.400000 404.000000
10.500000 0.777230 0.517241 4.041464 1.570796 0.400000 404.000000
10.750000 0.814682 0.503356 4.559926 1.570796 0.400000 404.000000
11.000000 0.853014 0.500000 4.801282 1.570796 0.400000 404.000000
11.250000 0.892228 0.510204 4.889762 1.570796 0.400000 404.000000
11.500000 0.932324 0.513699 4.878676 1.570796 0.400000 404.000000
11.750000 0.973300 0.500000 4.801049 1.570796 0.400000 404.000000
12.000000 1.015158 0.500000 4.630273 1.570796 0.400000 404.000000
12.250000 1.057896 0.515625 4.323492 1.570796 0.400000 404.000000
12.500000 1.101516 0.500000 3.924728 1.570796 0.400000 404.000000
12.750000 1.146018 0.500000 3.361735 1.570796 0.400000 404.000000
13.000000 1.191400 0.505319 2.562622 1.570796 0.400000 404.000000
13.250000 1.237664 0.500000 1.348532 1.570796 0.400000 404.000000
13.500000 1.284809 0.497238 -2.142067 1.570796 0.400000 404.000000
13.750000 1.332835 0.489130 -1.681644 1.570796 0.400000 404.000000
14.000000 1.381742 0.500000 -1.299752 1.570796 0.400000 404.000000
14.250000 1.431531 0.466321 -1.538698 1.570796 0.400000 404.000000
14.500000 1.482201 0.619565 -0.982987 1.570796 0.400000 404.000000
14.750000 1.533752 0.653846 -1.618989 1.570796 0.400000 404.000000
15.000000 1.586184 0.528634 -1.563201 1.570796 0.400000 404.000000
15.250000 1.639497 0.775862 -1.173498 1.570796 0.400000 404.000000
15.500000 1.693692 1.000000 1.828586 4.712389 0.400000 404.000000
15.750000 1.748768 1.000000 3.312881 4.712389 0.400000 404.000000
16.000000 1.804725 0.500000 5.897841 3.141593 0.400000 404.000000
16.250000 1.861563 0.500000 8.296608 3.141593 0.400000 404.000000
16.500000 1.919282 0.514706 10.293832 3.141593 0.400000 404.000000
16.750000 1.977883 0.523256 11.810974 3.141593 0.400000 404.000000
17.000000 2.037365 0.500000 13.209332 3.141593 0.400000 404.000000
17.250000 2.097728 0.525000 13.889877 3.141593 0.400000 404.000000
17.500000 2.158972 0.520833 15.332635 3.141593 0.400000 404.000000
17.750000 2.221098 0.500000 16.484885 3.141593 0.400000 404.000000
18.000000 2.284105 0.500000 17.400905 3.141593 0.400000 404.000000
18.250000 2.347993 0.535714 18.211148 3.141593 0.400000 404.000000
18.500000 2.412762 0.576923 19.163037 3.141593 0.400000 404.000000
18.750000 2.478412 0.500000 20.083474 3.141593 0.400000 404.000000
19.000000 2.544944 0.535714 20.817893 3.141593 0.400000 404.000000
