6.000000 0.253789 1.687500 -1.739215 1.570796 0.400000 481.000000
6.250000 0.275379 1.574074 -1.749199 1.570796 0.400000 481.000000
6.500000 0.297850 1.637931 -1.716303 1.570796 0.400000 481.000000
6.750000 0.321202 1.500000 -1.702797 1.570796 0.400000 481.000000
7.000000 0.345436 1.483516 -1.772061 1.570796 0.400000 481.000000
7.250000 0.370550 1.196809 -1.679534 1.570796 0.400000 481.000000
7.500000 0.396546 1.061321 -1.767967 1.570796 0.400000 481.000000
7.750000 0.423423 1.159091 -1.290250 1.570796 0.400000 481.000000
8.000000 0.451181 0.508475 -1.403943 1.570796 0.400000 481.000000
8.250000 0.479821 0.500000 0.781397 1.570796 0.400000 481.000000
8.500000 0.509341 0.500000 1.580709 1.570796 0.400000 481.000000
8.750000 0.539743 0.500000 2.015522 1.570796 0.400000 481.000000
9.000000 0.571026 0.505618 2.222076 1.570796 0.400000 481.000000
9.250000 0.603190 0.500000 2.246507 1.570796 0.400000 481.000000
9.500000 0.636236 0.507519 2.159552 1.570796 0.400000 481.000000
9.750000 0.670163 0.504202 2.745789 1.570796 0.400000 481.000000
10.000000 0.704971 0.502232 3.417861 1.570796 0.400000 481.000000
10.250000 0.740660 0.508475 3.930198 1.570796 0.400000 481.000000
10.500000 0.777230 0.515625 4.169266 1.570796 0.400000 481.000000
10.750000 0.814682 0.518868 4.284272 1.570796 0.400000 481.000000
11.000000 0.853014 0.500000 4.331557 1.570796 0.400000 481.000000
11.250000 0.892228 0.515625 4.224545 1.570796 0.400000 481.000000
11.500000 0.932324 0.512422 4.051340 1.570796 0.400000 481.000000
11.750000 0.973300 0.500000 3.757951 1.570796 0.400000 481.000000
12.000000 1.015158 0.512195 3.300540 1.570796 0.400000 481.000000
12.250000 1.057896 0.505952 2.675376 1.570796 0.400000 481.000000
12.500000 1.101516 0.500000 1.741379 1.570796 0.400000 481.000000
12.750000 1.146018 0.500000 -0.180580 1.570796 0.400000 481.000000
13.000000 1.191400 0.573980 -0.975383 1.570796 0.400000 481.000000
13.250000 1.237664 0.538674 -1.342423 1.570796 0.400000 481.000000
13.500000 1.284809 0.660622 -1.388414 1.570796 0.400000 481.000000
13.750000 1.332835 0.738342 -1.516018 1.570796 0.400000 481.000000
14.000000 1.381742 0.571066 -1.378115 1.570796 0.400000 481.000000
14.250000 1.431531 0.610860 -1.241430 1.570796 0.400000 481.000000
14.500000 1.482201 0.669014 -1.361256 1.570796 0.400000 481.000000
14.750000 1.533752 0.785340 -1.612457 1.570796 0.400000 481.000000
15.000000 1.586184 0.781991 -1.649281 1.570796 0.400000 481.000000
15.250000 1.639497 1.000000 0.241297 4.712389 0.400000 481.000000
15.500000 1.693692 0.997110 2.204634 4.712389 0.400000 481.000000
15.750000 1.748768 0.560345 4.571322 3.141593 0.400000 481.000000
16.000000 1.804725 0.500000 6.905132 3.141593 0.400000 481.000000
16.250000 1.861563 0.500000 8.895235 3.141593 0.400000 481.000000
16.500000 1.919282 0.495283 10.596770 3.141593 0.400000 481.000000
16.750000 1.977883 0.514706 11.790952 3.141593 0.400000 481.000000
17.000000 2.037365 0.500000 13.526895 3.141593 0.400000 481.000000
17.250000 2.097728 0.559701 14.679575 3.141593 0.400000 481.000000
17.500000 2.158972 0.500000 15.721589 3.141593 0.400000 481.000000
17.750000 2.221098 0.500000 16.612037 3.141593 0.400000 481.000000
18.000000 2.284105 0.555556 17.421728 3.141593 0.400000 481.000000
18.250000 2.347993 0.523256 18.403526 3.141593 0.400000 481.000000
18.500000 2.412762 0.562500 19.031225 3.141593 0.400000 481.000000
18.750000 2.478412 0.576923 19.831433 3.141593 0.400000 481.000000
19.000000 2.544944 0.592105 20.556452 3.141593 0.400000 481.000000
