6.000000 0.253789 1.235294 -1.696516 1.570796 0.400000 27.000000
6.250000 0.275379 0.916667 -1.699204 1.570796 0.400000 27.000000
6.500000 0.297850 0.887097 -1.561765 1.570796 0.400000 27.000000
6.750000 0.321202 1.220930 -1.766958 1.570796 0.400000 27.000000
7.000000 0.345436 1.129032 -1.723879 1.570796 0.400000 27.000000
7.250000 0.370550 0.927835 -1.727691 1.570796 0.400000 27.000000
7.500000 0.396546 0.756881 -1.619608 1.570796 0.400000 27.000000
7.750000 0.423423 0.808824 -1.675139 1.570796 0.400000 27.000000
8.000000 0.451181 0.918367 -1.746169 1.570796 0.400000 27.000000
8.250000 0.479821 0.500000 0.340542 1.570796 0.400000 27.000000
8.500000 0.509341 0.498555 1.387645 1.570796 0.400000 27.000000
8.750000 0.539743 0.498555 1.471158 1.570796 0.400000 27.000000
9.000000 0.571026 0.500000 2.114374 1.570796 0.400000 27.000000
9.250000 0.603190 0.500000 2.555713 1.570796 0.400000 27.000000
9.500000 0.636236 0.513699 2.818989 1.570796 0.400000 27.000000
9.750000 0.670163 0.514706 2.925370 1.570796 0.400000 27.000000
10.000000 0.704971 0.507246 2.889144 1.570796 0.400000 27.000000
10.250000 0.740660 0.509050 2.699426 1.570796 0.400000 27.000000
10.500000 0.777230 0.500000 2.348206 1.570796 0.400000 27.000000
10.750000 0.814682 0.504808 1.747368 1.570796 0.400000 27.000000
11.000000 0.853014 0.500000 0.733981 1.570796 0.400000 27.000000
11.250000 0.892228 0.493421 -2.447948 1.570796 0.400000 27.000000
11.500000 0.932324 0.542763 -1.080922 1.570796 0.400000 27.000000
11.750000 0.973300 0.496988 -1.340877 1.570796 0.400000 27.000000
12.000000 1.015158 0.528846 -1.604500 1.570796 0.400000 27.000000
12.250000 1.057896 0.690184 -1.397729 1.570796 0.400000 27.000000
12.500000 1.101516 0.658784 -1.607540 1.570796 0.400000 27.000000
12.750000 1.146018 0.450000 -1.526249 1.570796 0.400000 27.000000
13.000000 1.191400 0.650000 -1.678353 1.570796 0.400000 27.000000
13.250000 1.237664 0.494012 -1.496638 1.570796 0.400000 27.000000
13.500000 1.284809 0.509259 -1.731433 1.570796 0.400000 27.000000
13.750000 1.332835 0.497449 -1.347025 1.570796 0.400000 27.000000
14.000000 1.381742 0.408416 -1.118126 1.570796 0.400000 27.000000
14.250000 1.431531 0.594059 -1.290092 1.570796 0.400000 27.000000
14.500000 1.482201 0.625000 -1.747514 1.570796 0.400000 27.000000
14.750000 1.533752 0.650510 -1.630472 1.570796 0.400000 27.000000
15.000000 1.586184 0.792453 -1.380944 1.570796 0.400000 27.000000
15.250000 1.639497 0.500000 3.867581 3.141593 0.400000 27.000000
15.500000 1.693692 0.632530 5.332917 3.141593 0.400000 27.000000
15.750000 1.748768 0.606618 7.209330 3.141593 0.400000 27.000000
16.000000 1.804725 0.500000 9.658900 3.141593 0.400000 27.000000
16.250000 1.861563 0.500000 11.288756 3.141593 0.400000 27.000000
16.500000 1.919282 0.500000 12.497128 3.141593 0.400000 27.000000
16.750000 1.977883 0.500000 13.545729 3.141593 0.400000 27.000000
17.000000 2.037365 0.500000 14.534149 3.141593 0.400000 27.000000
17.250000 2.097728 0.576923 15.372107 3.141593 0.400000 27.000000
17.500000 2.158972 0.535714 16.045948 3.141593 0.400000 27.000000
17.750000 2.221098 0.500000 16.938785 3.141593 0.400000 27.000000
18.000000 2.284105 0.548780 17.506787 3.141593 0.400000 27.000000
18.250000 2.347993 0.576923 18.268840 3.141593 0.400000 27.000000
18.500000 2.412762 0.576923 19.131196 3.141593 0.400000 27.000000
18.750000 2.478412 0.500000 19.874011 3.141593 0.400000 27.000000
19.000000 2.544944 0.500000 20.597469 3.141593 0.400000 27.000000
