6.000000 0.253789 1.147059 -1.679892 1.570796 0.400000 884.000000
6.250000 0.275379 1.235294 -1.780254 1.570796 0.400000 884.000000
6.500000 0.297850 1.220930 -1.652661 1.570796 0.400000 884.000000
6.750000 0.321202 1.339286 -1.740927 1.570796 0.400000 884.000000
7.000000 0.345436 1.193182 -1.825705 1.570796 0.400000 884.000000
7.250000 0.370550 1.093750 -1.603387 1.570796 0.400000 884.000000
7.500000 0.396546 1.000000 -1.313464 1.570796 0.400000 884.000000
7.750000 0.423423 0.500000 -0.516995 1.570796 0.400000 884.000000
8.000000 0.451181 0.500000 0.875179 1.570796 0.400000 884.000000
8.250000 0.479821 0.500000 1.451373 1.570796 0.400000 884.000000
8.500000 0.509341 0.507353 1.723617 1.570796 0.400000 884.000000
8.750000 0.539743 0.506431 1.775061 1.570796 0.400000 884.000000
9.000000 0.571026 0.504808 1.617151 1.570796 0.400000 884.000000
9.250000 0.603190 0.508850 1.780049 1.570796 0.400000 884.000000
9.500000 0.636236 0.501761 2.674505 1.570796 0.400000 884.000000
9.750000 0.670163 0.508475 3.216593 1.570796 0.400000 884.000000
10.000000 0.704971 0.512195 3.537790 1.570796 0.400000 884.000000
10.250000 0.740660 0.513158 3.722492 1.570796 0.400000 884.000000
10.500000 0.777230 0.517241 3.792237 1.570796 0.400000 884.000000
10.750000 0.814682 0.514286 3.744027 1.570796 0.400000 884.000000
11.000000 0.853014 0.500000 3.586737 1.570796 0.400000 884.000000
11.250000 0.892228 0.512195 3.294647 1.570796 0.400000 884.000000
11.500000 0.932324 0.508475 2.846817 1.570796 0.400000 884.000000
11.750000 0.973300 0.500000 2.181951 1.570796 0.400000 884.000000
12.000000 1.015158 0.500000 1.105882 1.570796 0.400000 884.000000
12.250000 1.057896 0.496988 -1.896038 1.570796 0.400000 884.000000
12.500000 1.101516 0.681818 -1.427329 1.570796 0.400000 884.000000
12.750000 1.146018 0.754438 -1.483594 1.570796 0.400000 884.000000
13.000000 1.191400 0.867347 -1.649874 1.570796 0.400000 884.000000
13.250000 1.237664 0.632022 -1.614083 1.570796 0.400000 884.000000
13.500000 1.284809 0.589005 -1.270479 1.570796 0.400000 884.000000
13.750000 1.332835 0.772059 -1.245540 1.570796 0.400000 884.000000
14.000000 1.381742 0.611413 -1.498674 1.570796 0.400000 884.000000
14.250000 1.431531 0.692308 -1.274073 1.570796 0.400000 884.000000
14.500000 1.482201 0.824607 -1.637826 1.570796 0.400000 884.000000
14.750000 1.533752 0.735294 -1.640845 1.570796 0.400000 884.000000
15.000000 1.586184 0.880567 -1.742791 4.712389 0.400000 884.000000
15.250000 1.639497 0.498252 2.658166 3.141593 0.400000 884.000000
15.500000 1.693692 0.632530 4.676689 3.141593 0.400000 884.000000
15.750000 1.748768 0.707547 5.978399 3.141593 0.400000 884.000000
16.000000 1.804725 0.500000 9.118224 3.141593 0.400000 884.000000
16.250000 1.861563 0.517241 10.887670 3.141593 0.400000 884.000000
16.500000 1.919282 0.500000 12.255253 3.141593 0.400000 884.000000
16.750000 1.977883 0.500000 13.314059 3.141593 0.400000 884.000000
17.000000 2.037365 0.500000 14.397647 3.141593 0.400000 884.000000
17.250000 2.097728 0.566038 15.302161 3.141593 0.400000 884.000000
17.500000 2.158972 0.535714 16.081352 3.141593 0.400000 884.000000
17.750000 2.221098 0.500000 17.027204 3.141593 0.400000 884.000000
18.000000 2.284105 0.535714 17.674570 3.141593 0.400000 884.000000
18.250000 2.347993 0.562500 18.331442 3.141593 0.400000 884.000000
18.500000 2.412762 0.576923 19.056452 3.141593 0.400000 884.000000
18.750000 2.478412 0.576923 19.704066 3.141593 0.400000 884.000000
19.000000 2.544944 0.592105 20.281745 3.141593 0.400000 884.000000
