6.000000 0.253789 0.865385 -1.721775 1.570796 0.400000 737.000000
6.250000 0.275379 1.018519 -1.764923 1.570796 0.400000 737.000000
6.500000 0.297850 0.916667 -1.691498 1.570796 0.400000 737.000000
6.750000 0.321202 0.937500 -1.674949 1.570796 0.400000 737.000000
7.000000 0.345436 1.034483 -1.746843 1.570796 0.400000 737.000000
7.250000 0.370550 0.859375 -1.733324 1.570796 0.400000 737.000000
7.500000 0.396546 0.825000 -1.670192 1.570796 0.400000 737.000000
7.750000 0.423423 0.927835 -1.746197 1.570796 0.400000 737.000000
8.000000 0.451181 1.019417 -1.688256 1.570796 0.400000 737.000000
8.250000 0.479821 0.885827 -1.330933 1.570796 0.400000 737.000000
8.500000 0.509341 0.500000 -0.218495 1.570796 0.400000 737.000000
8.750000 0.539743 0.500000 1.387437 1.570796 0.400000 737.000000
9.000000 0.571026 0.506431 2.138184 1.570796 0.400000 737.000000
9.250000 0.603190 0.498339 2.036192 1.570796 0.400000 737.000000
9.500000 0.636236 0.497925 2.745202 1.570796 0.400000 737.000000
9.750000 0.670163 0.506757 3.000412 1.570796 0.400000 737.000000
10.000000 0.704971 0.511364 3.507821 1.570796 0.400000 737.000000
10.250000 0.740660 0.515625 3.815447 1.570796 0.400000 737.000000
10.500000 0.777230 0.500000 3.982021 1.570796 0.400000 737.000000
10.750000 0.814682 0.513699 3.996745 1.570796 0.400000 737.000000
11.000000 0.853014 0.500000 3.933196 1.570796 0.400000 737.000000
11.250000 0.892228 0.512422 3.719148 1.570796 0.400000 737.000000
11.500000 0.932324 0.514286 3.392163 1.570796 0.400000 737.000000
11.750000 0.973300 0.512195 2.906842 1.570796 0.400000 737.000000
12.000000 1.015158 0.500000 2.196774 1.570796 0.400000 737.000000
12.250000 1.057896 0.500000 1.021392 1.570796 0.400000 737.000000
12.500000 1.101516 0.490196 -2.772703 1.570796 0.400000 737.000000
12.750000 1.146018 0.535714 -1.508375 1.570796 0.400000 737.000000
13.000000 1.191400 0.535714 -1.299719 1.570796 0.400000 737.000000
13.250000 1.237664 0.650000 -1.659767 1.570796 0.400000 737.000000
13.500000 1.284809 0.529412 -1.404725 1.570796 0.400000 737.000000
13.750000 1.332835 0.576923 -1.730089 1.570796 0.400000 737.000000
14.000000 1.381742 0.614754 -1.564126 1.570796 0.400000 737.000000
14.250000 1.431531 0.615385 -1.431136 1.570796 0.400000 737.000000
14.500000 1.482201 0.570652 -1.536276 1.570796 0.400000 737.000000
14.750000 1.533752 0.576923 -1.483372 1.570796 0.400000 737.000000
15.000000 1.586184 0.594714 -1.473955 1.570796 0.400000 737.000000
15.250000 1.639497 0.500000 0.856965 3.141593 0.400000 737.000000
15.500000 1.693692 0.512195 4.412552 3.141593 0.400000 737.000000
15.750000 1.748768 0.800562 4.803777 3.141593 0.400000 737.000000
16.000000 1.804725 0.619835 7.757229 3.141593 0.400000 737.000000
16.250000 1.861563 0.519802 10.051701 3.141593 0.400000 737.000000
16.500000 1.919282 0.517241 11.662282 3.141593 0.400000 737.000000
16.750000 1.977883 0.535714 12.935241 3.141593 0.400000 737.000000
17.000000 2.037365 0.528169 14.059370 3.141593 0.400000 737.000000
17.250000 2.097728 0.526316 14.981703 3.141593 0.400000 737.000000
17.500000 2.158972 0.500000 15.819699 3.141593 0.400000 737.000000
17.750000 2.221098 0.555556 16.622497 3.141593 0.400000 737.000000
18.000000 2.284105 0.523256 17.512403 3.141593 0.400000 737.000000
18.250000 2.347993 0.562500 18.106689 3.141593 0.400000 737.000000
18.500000 2.412762 0.576923 18.939105 3.141593 0.400000 737.000000
18.750000 2.478412 0.576923 19.686049 3.141593 0.400000 737.000000
19.000000 2.544944 0.500000 20.379880 3.141593 0.400000 737.000000
