6.000000 0.253789 2.062500 -1.735323 1.570796 0.400000 544.000000
6.250000 0.275379 1.850649 -1.756129 1.570796 0.400000 544.000000
6.500000 0.297850 1.833333 -1.726466 1.570796 0.400000 544.000000
6.750000 0.321202 1.724138 -1.744842 1.570796 0.400000 544.000000
7.000000 0.345436 1.852941 -1.814436 1.570796 0.400000 544.000000
7.250000 0.370550 1.451613 -1.751290 1.570796 0.400000 544.000000
7.500000 0.396546 1.442308 -1.751596 1.570796 0.400000 544.000000
7.750000 0.423423 1.601942 -1.742456 1.570796 0.400000 544.000000
8.000000 0.451181 1.532258 -1.684722 1.570796 0.400000 544.000000
8.250000 0.479821 0.900000 -1.612330 1.570796 0.400000 544.000000
8.500000 0.509341 0.500000 0.281488 1.570796 0.400000 544.000000
8.750000 0.539743 0.500000 1.536623 1.570796 0.400000 544.000000
9.000000 0.571026 0.508065 2.195612 1.570796 0.400000 544.000000
9.250000 0.603190 0.498155 2.540464 1.570796 0.400000 544.000000
9.500000 0.636236 0.500000 2.673184 1.570796 0.400000 544.000000
9.750000 0.670163 0.500000 2.923138 1.570796 0.400000 544.000000
10.000000 0.704971 0.502392 3.011279 1.570796 0.400000 544.000000
10.250000 0.740660 0.500000 3.845134 1.570796 0.400000 544.000000
10.500000 0.777230 0.512422 4.167009 1.570796 0.400000 544.000000
10.750000 0.814682 0.500000 4.334954 1.570796 0.400000 544.000000
11.000000 0.853014 0.500000 4.373606 1.570796 0.400000 544.000000
11.250000 0.892228 0.500000 4.315123 1.570796 0.400000 544.000000
11.500000 0.932324 0.510204 4.148779 1.570796 0.400000 544.000000
11.750000 0.973300 0.518868 3.865882 1.570796 0.400000 544.000000
12.000000 1.015158 0.508475 3.466329 1.570796 0.400000 544.000000
12.250000 1.057896 0.506757 2.878212 1.570796 0.400000 544.000000
12.500000 1.101516 0.504808 2.031442 1.570796 0.400000 544.000000
12.750000 1.146018 0.500000 0.584849 1.570796 0.400000 544.000000
13.000000 1.191400 0.569196 -0.368746 1.570796 0.400000 544.000000
13.250000 1.237664 0.497630 -1.187865 1.570796 0.400000 544.000000
13.500000 1.284809 0.625000 -1.484171 1.570796 0.400000 544.000000
13.750000 1.332835 0.571066 -1.323779 1.570796 0.400000 544.000000
14.000000 1.381742 0.650289 -1.586853 1.570796 0.400000 544.000000
14.250000 1.431531 0.710526 -1.418467 1.570796 0.400000 544.000000
14.500000 1.482201 0.621547 -1.646091 1.570796 0.400000 544.000000
14.750000 1.533752 0.588235 -1.404448 1.570796 0.400000 544.000000
15.000000 1.586184 0.653670 -1.598512 1.570796 0.400000 544.000000
15.250000 1.639497 0.734694 -1.700325 1.570796 0.400000 544.000000
15.500000 1.693692 1.000000 1.861203 4.712389 0.400000 544.000000
15.750000 1.748768 1.000000 3.036606 4.712389 0.400000 544.000000
16.000000 1.804725 0.722892 4.945108 3.141593 0.400000 544.000000
16.250000 1.861563 0.611111 6.990299 3.141593 0.400000 544.000000
16.500000 1.919282 0.686620 7.961753 3.141593 0.400000 544.000000
16.750000 1.977883 0.500000 11.567228 3.141593 0.400000 544.000000
17.000000 2.037365 0.500000 13.041245 3.141593 0.400000 544.000000
17.250000 2.097728 0.520833 14.254410 3.141593 0.400000 544.000000
17.500000 2.158972 0.535714 15.314474 3.141593 0.400000 544.000000
17.750000 2.221098 0.526316 16.392251 3.141593 0.400000 544.000000
18.000000 2.284105 0.500000 17.481169 3.141593 0.400000 544.000000
18.250000 2.347993 0.562500 18.193693 3.141593 0.400000 544.000000
18.500000 2.412762 0.592105 19.197537 3.141593 0.400000 544.000000
18.750000 2.478412 0.500000 20.021817 3.141593 0.400000 544.000000
19.000000 2.544944 0.500000 20.798942 3.141593 0.400000 544.000000
