8.000000 0.800000 1.276596 -1.679057 1.570796 0.000000 191.000000
8.500000 0.800000 1.000000 -1.581287 1.570796 0.000000 191.000000
9.000000 0.800000 0.512821 -2.300259 1.570796 0.000000 191.000000
9.500000 0.800000 0.500000 2.615366 1.570796 0.000000 191.000000
10.000000 0.800000 0.500000 3.908242 1.570796 0.000000 191.000000
10.500000 0.800000 0.500000 4.510411 1.570796 0.000000 191.000000
11.000000 0.800000 0.517241 4.619433 1.570796 0.000000 191.000000
11.500000 0.800000 0.517241 4.314797 1.570796 0.000000 191.000000
12.000000 0.800000 0.500000 3.496050 1.570796 0.000000 191.000000
12.500000 0.800000 0.500000 1.692775 1.570796 0.000000 191.000000
13.000000 0.800000 0.563584 -1.204098 1.570796 0.000000 191.000000
13.500000 0.800000 0.604839 -1.292789 1.570796 0.000000 191.000000
14.000000 0.800000 0.583333 -1.498616 1.570796 0.000000 191.000000
14.500000 0.800000 0.529891 -1.528651 1.570796 0.000000 191.000000
15.000000 0.800000 0.585938 -1.611163 1.570796 0.000000 191.000000
15.500000 0.800000 0.602679 -1.570340 1.570796 0.000000 191.000000
16.000000 0.800000 0.855978 -1.779881 1.570796 0.000000 191.000000
16.500000 0.800000 0.992647 -1.657244 1.570796 0.000000 191.000000
17.000000 0.800000 1.000000 -1.000296 4.712389 0.000000 191.000000
17.500000 0.800000 0.574163 -1.783708 1.570796 0.000000 191.000000
18.000000 0.800000 0.393145 -1.525266 1.570796 0.000000 191.000000
18.500000 0.800000 0.358456 -1.515177 1.570796 0.000000 191.000000
19.000000 0.800000 0.415020 -1.570223 1.570796 0.000000 191.000000
19.500000 0.800000 0.500000 0.713094 3.141593 0.000000 191.000000
20.000000 0.800000 0.500000 3.654989 3.141593 0.000000 191.000000
20.500000 0.800000 0.500000 5.079733 3.141593 0.000000 191.000000
21.000000 0.800000 0.500000 5.916761 3.141593 0.000000 191.000000
21.500000 0.800000 0.512048 6.352237 3.141593 0.000000 191.000000
22.000000 0.800000 0.511364 6.479453 3.141593 0.000000 191.000000
22.500000 0.800000 0.513699 6.292811 3.141593 0.000000 191.000000
23.000000 0.800000 0.510638 5.771417 3.141593 0.000000 191.000000
23.500000 0.800000 0.500000 4.839210 3.141593 0.000000 191.000000
24.000000 0.800000 0.500000 3.188505 3.141593 0.000000 191.000000
24.500000 0.800000 0.500000 -1.373984 3.141593 0.000000 191.000000
25.000000 0.800000 0.523256 -1.628845 1.570796 0.000000 191.000000
25.500000 0.800000 0.438462 -1.745507 1.570796 0.000000 191.000000
26.000000 0.800000 0.372671 -1.568678 1.570796 0.000000 191.000000
26.500000 0.800000 0.364742 -1.595868 1.570796 0.000000 191.000000
27.000000 0.800000 0.384615 -1.595729 1.570796 0.000000 191.000000
27.500000 0.800000 0.416667 -1.699239 1.570796 0.000000 191.000000
28.000000 0.800000 0.458716 -1.707004 1.570796 0.000000 191.000000
28.500000 0.800000 0.450450 -1.716261 1.570796 0.000000 191.000000
29.000000 0.800000 0.464602 -1.713487 1.570796 0.000000 191.000000
29.500000 0.800000 0.522727 -1.795101 1.570796 0.000000 191.000000
30.000000 0.800000 0.554734 -1.808247 1.570796 0.000000 191.000000
30.500000 0.800000 0.495495 -1.646749 1.570796 0.000000 191.000000
31.000000 0.800000 0.481050 -1.913245 4.712389 0.000000 191.000000
31.500000 0.800000 0.501453 -1.875003 4.712389 0.000000 191.000000
32.000000 0.800000 0.500000 2.553282 4.712389 0.000000 191.000000
32.500000 0.800000 0.500000 4.231873 4.712389 0.000000 191.000000
33.000000 0.800000 0.500000 5.234253 4.712389 0.000000 191.000000
33.500000 0.800000 0.500000 5.791205 4.712389 0.000000 191.000000
34.000000 0.800000 0.500000 6.029465 4.712389 0.000000 191.000000
34.500000 0.800000 0.506135 5.954542 4.712389 0.000000 191.000000
35.000000 0.800000 0.500000 5.572073 4.712389 0.000000 191.000000
