6.000000 0.253789 0.926966 -1.657071 1.570796 0.400000 135.000000
6.250000 0.275379 1.293103 -1.651592 1.570796 0.400000 135.000000
6.500000 0.297850 1.411765 -1.719321 1.570796 0.400000 135.000000
6.750000 0.321202 1.588235 -1.787373 1.570796 0.400000 135.000000
7.000000 0.345436 1.534091 -1.745979 1.570796 0.400000 135.000000
7.250000 0.370550 1.436170 -1.729359 1.570796 0.400000 135.000000
7.500000 0.396546 1.319444 -1.585851 1.570796 0.400000 135.000000
7.750000 0.423423 1.391753 -1.745444 1.570796 0.400000 135.000000
8.000000 0.451181 1.171875 -1.666655 1.570796 0.400000 135.000000
8.250000 0.479821 0.500000 -0.538252 1.570796 0.400000 135.000000
8.500000 0.509341 0.500000 1.163592 1.570796 0.400000 135.000000
8.750000 0.539743 0.500000 1.878544 1.570796 0.400000 135.000000
9.000000 0.571026 0.500000 2.284178 1.570796 0.400000 135.000000
9.250000 0.603190 0.505618 2.492112 1.570796 0.400000 135.000000
9.500000 0.636236 0.500000 2.517327 1.570796 0.400000 135.000000
9.750000 0.670163 0.497925 2.332039 1.570796 0.400000 135.000000
10.000000 0.704971 0.500000 3.153177 1.570796 0.400000 135.000000
10.250000 0.740660 0.503731 3.086693 1.570796 0.400000 135.000000
10.500000 0.777230 0.500000 4.338982 1.570796 0.400000 135.000000
10.750000 0.814682 0.500000 4.704664 1.570796 0.400000 135.000000
11.000000 0.853014 0.500000 4.938059 1.570796 0.400000 135.000000
11.250000 0.892228 0.523256 5.053784 1.570796 0.400000 135.000000
11.500000 0.932324 0.500000 5.138808 1.570796 0.400000 135.000000
11.750000 0.973300 0.500000 5.108632 1.570796 0.400000 135.000000
12.000000 1.015158 0.519231 4.960016 1.570796 0.400000 135.000000
12.250000 1.057896 0.500000 4.785489 1.570796 0.400000 135.000000
12.500000 1.101516 0.517241 4.440866 1.570796 0.400000 135.000000
12.750000 1.146018 0.512422 4.020945 1.570796 0.400000 135.000000
13.000000 1.191400 0.513158 3.438393 1.570796 0.400000 135.000000
13.250000 1.237664 0.508475 2.643349 1.570796 0.400000 135.000000
13.500000 1.284809 0.500000 1.418553 1.570796 0.400000 135.000000
13.750000 1.332835 0.497238 -2.622765 1.570796 0.400000 135.000000
14.000000 1.381742 0.497238 -1.703878 1.570796 0.400000 135.000000
14.250000 1.431531 0.494505 -1.280384 1.570796 0.400000 135.000000
14.500000 1.482201 0.568720 -1.250054 1.570796 0.400000 135.000000
14.750000 1.533752 0.535714 -1.294652 1.570796 0.400000 135.000000
15.000000 1.586184 0.546559 -1.351547 1.570796 0.400000 135.000000
15.250000 1.639497 0.784519 -1.708069 1.570796 0.400000 135.000000
15.500000 1.693692 1.000000 1.502752 4.712389 0.400000 135.000000
15.750000 1.748768 0.678191 4.092962 3.141593 0.400000 135.000000
16.000000 1.804725 0.496324 6.659932 3.141593 0.400000 135.000000
16.250000 1.861563 0.500000 8.772789 3.141593 0.400000 135.000000
16.500000 1.919282 0.495283 10.530976 3.141593 0.400000 135.000000
16.750000 1.977883 0.530303 12.124810 3.141593 0.400000 135.000000
17.000000 2.037365 0.500000 11.951100 3.141593 0.400000 135.000000
17.250000 2.097728 0.500000 14.049553 3.141593 0.400000 135.000000
17.500000 2.158972 0.543478 15.167023 3.141593 0.400000 135.000000
17.750000 2.221098 0.500000 16.174659 3.141593 0.400000 135.000000
18.000000 2.284105 0.555556 17.156082 3.141593 0.400000 135.000000
18.250000 2.347993 0.500000 18.247063 3.141593 0.400000 135.000000
18.500000 2.412762 0.535714 19.021447 3.141593 0.400000 135.000000
18.750000 2.478412 0.562500 19.875161 3.141593 0.400000 135.000000
19.000000 2.544944 0.576923 20.775887 3.141593 0.400000 135.000000
