6.000000 0.253789 1.293103 -1.669321 1.570796 0.400000 149.000000
6.250000 0.275379 1.278409 -1.693150 1.570796 0.400000 149.000000
6.500000 0.297850 1.308140 -1.741190 1.570796 0.400000 149.000000
6.750000 0.321202 1.482558 -1.805273 1.570796 0.400000 149.000000
7.000000 0.345436 1.355422 -1.871430 1.570796 0.400000 149.000000
7.250000 0.370550 1.328125 -1.802972 1.570796 0.400000 149.000000
7.500000 0.396546 1.102941 -1.699542 1.570796 0.400000 149.000000
7.750000 0.423423 1.276596 -1.740921 1.570796 0.400000 149.000000
8.000000 0.451181 1.022727 -1.557740 1.570796 0.400000 149.000000
8.250000 0.479821 0.930233 -1.445753 1.570796 0.400000 149.000000
8.500000 0.509341 0.500000 1.743640 1.570796 0.400000 149.000000
8.750000 0.539743 0.500000 1.910924 1.570796 0.400000 149.000000
9.000000 0.571026 0.500000 1.879056 1.570796 0.400000 149.000000
9.250000 0.603190 0.500000 1.637333 1.570796 0.400000 149.000000
9.500000 0.636236 0.500000 1.728238 1.570796 0.400000 149.000000
9.750000 0.670163 0.500000 2.767576 1.570796 0.400000 149.000000
10.000000 0.704971 0.500000 3.459203 1.570796 0.400000 149.000000
10.250000 0.740660 0.500000 3.955634 1.570796 0.400000 149.000000
10.500000 0.777230 0.500000 4.312018 1.570796 0.400000 149.000000
10.750000 0.814682 0.517241 4.522162 1.570796 0.400000 149.000000
11.000000 0.853014 0.519231 4.657356 1.570796 0.400000 149.000000
11.250000 0.892228 0.523256 4.694353 1.570796 0.400000 149.000000
11.500000 0.932324 0.519231 4.631005 1.570796 0.400000 149.000000
11.750000 0.973300 0.500000 4.509581 1.570796 0.400000 149.000000
12.000000 1.015158 0.500000 4.237638 1.570796 0.400000 149.000000
12.250000 1.057896 0.515625 3.850120 1.570796 0.400000 149.000000
12.500000 1.101516 0.507812 3.319740 1.570796 0.400000 149.000000
12.750000 1.146018 0.506329 2.588317 1.570796 0.400000 149.000000
13.000000 1.191400 0.500000 1.465098 1.570796 0.400000 149.000000
13.250000 1.237664 0.497788 -2.102967 1.570796 0.400000 149.000000
13.500000 1.284809 0.573529 -1.064901 1.570796 0.400000 149.000000
13.750000 1.332835 0.497238 -1.218060 1.570796 0.400000 149.000000
14.000000 1.381742 0.617647 -1.718605 1.570796 0.400000 149.000000
14.250000 1.431531 0.500000 -1.395042 1.570796 0.400000 149.000000
14.500000 1.482201 0.497449 -1.361279 1.570796 0.400000 149.000000
14.750000 1.533752 0.500000 -1.380485 1.570796 0.400000 149.000000
15.000000 1.586184 0.572289 -1.558637 1.570796 0.400000 149.000000
15.250000 1.639497 1.000000 0.777113 4.712389 0.400000 149.000000
15.500000 1.693692 1.000000 2.811070 4.712389 0.400000 149.000000
15.750000 1.748768 0.689655 4.959036 3.141593 0.400000 149.000000
16.000000 1.804725 0.572917 6.980096 3.141593 0.400000 149.000000
16.250000 1.861563 0.511364 8.674781 3.141593 0.400000 149.000000
16.500000 1.919282 0.500000 9.533848 3.141593 0.400000 149.000000
16.750000 1.977883 0.500000 12.144365 3.141593 0.400000 149.000000
17.000000 2.037365 0.500000 13.006028 3.141593 0.400000 149.000000
17.250000 2.097728 0.543478 14.098598 3.141593 0.400000 149.000000
17.500000 2.158972 0.500000 15.240913 3.141593 0.400000 149.000000
17.750000 2.221098 0.500000 16.302335 3.141593 0.400000 149.000000
18.000000 2.284105 0.535714 17.209576 3.141593 0.400000 149.000000
18.250000 2.347993 0.500000 18.315630 3.141593 0.400000 149.000000
18.500000 2.412762 0.500000 19.173534 3.141593 0.400000 149.000000
18.750000 2.478412 0.548780 19.868886 3.141593 0.400000 149.000000
19.000000 2.544944 0.562500 20.602226 3.141593 0.400000 149.000000
