6.000000 0.253789 1.613924 -1.753274 1.570796 0.400000 582.000000
6.250000 0.275379 1.418919 -1.767422 1.570796 0.400000 582.000000
6.500000 0.297850 1.304348 -1.588895 1.570796 0.400000 582.000000
6.750000 0.321202 1.308140 -1.765811 1.570796 0.400000 582.000000
7.000000 0.345436 1.348315 -1.742763 1.570796 0.400000 582.000000
7.250000 0.370550 1.421053 -1.698435 1.570796 0.400000 582.000000
7.500000 0.396546 0.919811 -1.621552 1.570796 0.400000 582.000000
7.750000 0.423423 1.224490 -1.724827 1.570796 0.400000 582.000000
8.000000 0.451181 1.339286 -1.869300 1.570796 0.400000 582.000000
8.250000 0.479821 0.969828 -1.677157 1.570796 0.400000 582.000000
8.500000 0.509341 0.733083 -1.504140 1.570796 0.400000 582.000000
8.750000 0.539743 0.500000 0.340128 1.570796 0.400000 582.000000
9.000000 0.571026 0.500000 1.685443 1.570796 0.400000 582.000000
9.250000 0.603190 0.498252 2.047287 1.570796 0.400000 582.000000
9.500000 0.636236 0.500000 2.714443 1.570796 0.400000 582.000000
9.750000 0.670163 0.511364 3.199397 1.570796 0.400000 582.000000
10.000000 0.704971 0.514286 3.537567 1.570796 0.400000 582.000000
10.250000 0.740660 0.512422 3.758137 1.570796 0.400000 582.000000
10.500000 0.777230 0.515625 3.853183 1.570796 0.400000 582.000000
10.750000 0.814682 0.500000 3.864073 1.570796 0.400000 582.000000
11.000000 0.853014 0.500000 3.725182 1.570796 0.400000 582.000000
11.250000 0.892228 0.514286 3.470422 1.570796 0.400000 582.000000
11.500000 0.932324 0.513158 3.089589 1.570796 0.400000 582.000000
11.750000 0.973300 0.500000 2.510435 1.570796 0.400000 582.000000
12.000000 1.015158 0.500000 1.620341 1.570796 0.400000 582.000000
12.250000 1.057896 0.500000 -0.249741 1.570796 0.400000 582.000000
12.500000 1.101516 0.546875 -0.705746 1.570796 0.400000 582.000000
12.750000 1.146018 0.497449 -1.122892 1.570796 0.400000 582.000000
13.000000 1.191400 0.532544 -1.459850 1.570796 0.400000 582.000000
13.250000 1.237664 0.558511 -1.367232 1.570796 0.400000 582.000000
13.500000 1.284809 0.583832 -1.593766 1.570796 0.400000 582.000000
13.750000 1.332835 0.580110 -1.451148 1.570796 0.400000 582.000000
14.000000 1.381742 0.621547 -1.634424 1.570796 0.400000 582.000000
14.250000 1.431531 0.745614 -1.812890 1.570796 0.400000 582.000000
14.500000 1.482201 0.579897 -1.415359 1.570796 0.400000 582.000000
14.750000 1.533752 0.612981 -1.551419 1.570796 0.400000 582.000000
15.000000 1.586184 0.528169 -1.533105 1.570796 0.400000 582.000000
15.250000 1.639497 1.000000 -0.722977 4.712389 0.400000 582.000000
15.500000 1.693692 1.000000 2.364655 4.712389 0.400000 582.000000
15.750000 1.748768 1.000000 3.628768 4.712389 0.400000 582.000000
16.000000 1.804725 0.695364 5.538088 3.141593 0.400000 582.000000
16.250000 1.861563 0.500000 7.417925 3.141593 0.400000 582.000000
16.500000 1.919282 0.500000 9.129376 3.141593 0.400000 582.000000
16.750000 1.977883 0.500000 11.405347 3.141593 0.400000 582.000000
17.000000 2.037365 0.500000 12.206743 3.141593 0.400000 582.000000
17.250000 2.097728 0.528169 13.575868 3.141593 0.400000 582.000000
17.500000 2.158972 0.500000 14.952853 3.141593 0.400000 582.000000
17.750000 2.221098 0.500000 15.962585 3.141593 0.400000 582.000000
18.000000 2.284105 0.576923 17.185173 3.141593 0.400000 582.000000
18.250000 2.347993 0.535714 18.037998 3.141593 0.400000 582.000000
18.500000 2.412762 0.562500 18.945127 3.141593 0.400000 582.000000
18.750000 2.478412 0.608108 20.038790 3.141593 0.400000 582.000000
19.000000 2.544944 0.500000 20.833543 3.141593 0.400000 582.000000
