6.000000 0.253789 1.400000 -1.768002 1.570796 0.400000 414.000000
6.250000 0.275379 1.481481 -1.788069 1.570796 0.400000 414.000000
6.500000 0.297850 1.293103 -1.737196 1.570796 0.400000 414.000000
6.750000 0.321202 1.379310 -1.737711 1.570796 0.400000 414.000000
7.000000 0.345436 1.574074 -1.891024 1.570796 0.400000 414.000000
7.250000 0.370550 1.276596 -1.722033 1.570796 0.400000 414.000000
7.500000 0.396546 1.276596 -1.904061 1.570796 0.400000 414.000000
7.750000 0.423423 1.159091 -1.285130 1.570796 0.400000 414.000000
8.000000 0.451181 0.509709 -1.692843 1.570796 0.400000 414.000000
8.250000 0.479821 0.500000 0.666678 1.570796 0.400000 414.000000
8.500000 0.509341 0.500000 1.541666 1.570796 0.400000 414.000000
8.750000 0.539743 1.918605 -2.207022 1.570796 0.400000 414.000000
9.000000 0.571026 0.509434 2.250066 1.570796 0.400000 414.000000
9.250000 0.603190 0.500000 2.312364 1.570796 0.400000 414.000000
9.500000 0.636236 0.505952 2.222789 1.570796 0.400000 414.000000
9.750000 0.670163 0.515021 2.762085 1.570796 0.400000 414.000000
10.000000 0.704971 0.500000 3.451896 1.570796 0.400000 414.000000
10.250000 0.740660 0.515873 3.700971 1.570796 0.400000 414.000000
10.500000 0.777230 0.508475 3.787713 1.570796 0.400000 414.000000
10.750000 0.814682 0.500000 3.736191 1.570796 0.400000 414.000000
11.000000 0.853014 0.513158 3.562635 1.570796 0.400000 414.000000
11.250000 0.892228 0.500000 3.272774 1.570796 0.400000 414.000000
11.500000 0.932324 0.505952 2.803982 1.570796 0.400000 414.000000
11.750000 0.973300 0.500000 2.125690 1.570796 0.400000 414.000000
12.000000 1.015158 0.500000 1.012714 1.570796 0.400000 414.000000
12.250000 1.057896 0.506757 -1.885955 1.570796 0.400000 414.000000
12.500000 1.101516 0.685976 -1.507059 1.570796 0.400000 414.000000
12.750000 1.146018 0.693642 -1.509735 1.570796 0.400000 414.000000
13.000000 1.191400 0.792254 -1.602765 1.570796 0.400000 414.000000
13.250000 1.237664 0.732759 -1.587389 1.570796 0.400000 414.000000
13.500000 1.284809 0.870968 -1.668716 1.570796 0.400000 414.000000
13.750000 1.332835 0.655738 -1.580566 1.570796 0.400000 414.000000
14.000000 1.381742 0.921788 -1.727272 1.570796 0.400000 414.000000
14.250000 1.431531 0.597015 -1.414863 1.570796 0.400000 414.000000
14.500000 1.482201 0.603015 -1.427259 1.570796 0.400000 414.000000
14.750000 1.533752 0.898438 -1.557914 1.570796 0.400000 414.000000
15.000000 1.586184 0.785714 -1.720756 1.570796 0.400000 414.000000
15.250000 1.639497 0.934903 -0.252631 4.712389 0.400000 414.000000
15.500000 1.693692 0.558252 2.455215 3.141593 0.400000 414.000000
15.750000 1.748768 0.632530 4.980987 3.141593 0.400000 414.000000
16.000000 1.804725 0.557851 6.920774 3.141593 0.400000 414.000000
16.250000 1.861563 0.500000 8.761420 3.141593 0.400000 414.000000
16.500000 1.919282 0.495283 10.556208 3.141593 0.400000 414.000000
16.750000 1.977883 0.500000 12.232394 3.141593 0.400000 414.000000
17.000000 2.037365 0.500000 12.853747 3.141593 0.400000 414.000000
17.250000 2.097728 0.543478 14.159813 3.141593 0.400000 414.000000
17.500000 2.158972 0.500000 15.363157 3.141593 0.400000 414.000000
17.750000 2.221098 0.500000 16.397429 3.141593 0.400000 414.000000
18.000000 2.284105 0.555556 17.301900 3.141593 0.400000 414.000000
18.250000 2.347993 0.523256 18.316298 3.141593 0.400000 414.000000
18.500000 2.412762 0.548780 19.015447 3.141593 0.400000 414.000000
18.750000 2.478412 0.576923 19.881024 3.141593 0.400000 414.000000
19.000000 2.544944 0.592105 20.675831 3.141593 0.400000 414.000000
