6.000000 0.253789 1.265060 -1.659170 1.570796 0.400000 919.000000
6.250000 0.275379 1.084337 -1.718373 1.570796 0.400000 919.000000
6.500000 0.297850 1.339286 -1.805493 1.570796 0.400000 919.000000
6.750000 0.321202 1.379310 -1.692219 1.570796 0.400000 919.000000
7.000000 0.345436 1.395349 -1.821634 1.570796 0.400000 919.000000
7.250000 0.370550 0.544355 -0.939522 1.570796 0.400000 919.000000
7.500000 0.396546 0.500000 0.643061 1.570796 0.400000 919.000000
7.750000 0.423423 1.666667 -1.908969 1.570796 0.400000 919.000000
8.000000 0.451181 0.500000 1.141160 1.570796 0.400000 919.000000
8.250000 0.479821 0.500000 0.961740 1.570796 0.400000 919.000000
8.500000 0.509341 0.500000 0.418331 1.570796 0.400000 919.000000
8.750000 0.539743 0.872093 -1.397629 1.570796 0.400000 919.000000
9.000000 0.571026 0.681818 -2.320336 1.570796 0.400000 919.000000
9.250000 0.603190 0.500000 1.081677 1.570796 0.400000 919.000000
9.500000 0.636236 0.500000 2.295674 1.570796 0.400000 919.000000
9.750000 0.670163 0.511364 3.044405 1.570796 0.400000 919.000000
10.000000 0.704971 0.500000 3.570646 1.570796 0.400000 919.000000
10.250000 0.740660 0.511364 3.920100 1.570796 0.400000 919.000000
10.500000 0.777230 0.515625 4.143022 1.570796 0.400000 919.000000
10.750000 0.814682 0.520833 4.270269 1.570796 0.400000 919.000000
11.000000 0.853014 0.500000 4.295713 1.570796 0.400000 919.000000
11.250000 0.892228 0.517241 4.196392 1.570796 0.400000 919.000000
11.500000 0.932324 0.515625 4.001193 1.570796 0.400000 919.000000
11.750000 0.973300 0.500000 3.718972 1.570796 0.400000 919.000000
12.000000 1.015158 0.513158 3.247564 1.570796 0.400000 919.000000
12.250000 1.057896 0.508475 2.597287 1.570796 0.400000 919.000000
12.500000 1.101516 0.500000 1.621753 1.570796 0.400000 919.000000
12.750000 1.146018 0.500000 -0.655112 1.570796 0.400000 919.000000
13.000000 1.191400 0.555556 -0.877322 1.570796 0.400000 919.000000
13.250000 1.237664 0.535714 -1.243823 1.570796 0.400000 919.000000
13.500000 1.284809 0.654070 -1.606803 1.570796 0.400000 919.000000
13.750000 1.332835 0.628492 -1.360723 1.570796 0.400000 919.000000
14.000000 1.381742 0.538462 -1.319421 1.570796 0.400000 919.000000
14.250000 1.431531 0.614754 -1.524183 1.570796 0.400000 919.000000
14.500000 1.482201 0.509050 -1.303141 1.570796 0.400000 919.000000
14.750000 1.533752 0.564159 -1.463239 1.570796 0.400000 919.000000
15.000000 1.586184 0.498555 -0.568333 3.141593 0.400000 919.000000
15.250000 1.639497 0.500000 3.726299 3.141593 0.400000 919.000000
15.500000 1.693692 0.546358 5.778927 3.141593 0.400000 919.000000
15.750000 1.748768 0.500000 7.647560 3.141593 0.400000 919.000000
16.000000 1.804725 0.517241 9.316105 3.141593 0.400000 919.000000
16.250000 1.861563 0.525000 10.525937 3.141593 0.400000 919.000000
16.500000 1.919282 0.500000 12.048635 3.141593 0.400000 919.000000
16.750000 1.977883 0.514706 11.802386 3.141593 0.400000 919.000000
17.000000 2.037365 0.500000 13.100400 3.141593 0.400000 919.000000
17.250000 2.097728 0.528169 14.306624 3.141593 0.400000 919.000000
17.500000 2.158972 0.545455 15.335687 3.141593 0.400000 919.000000
17.750000 2.221098 0.535714 16.386420 3.141593 0.400000 919.000000
18.000000 2.284105 0.500000 17.493660 3.141593 0.400000 919.000000
18.250000 2.347993 0.535714 18.264331 3.141593 0.400000 919.000000
18.500000 2.412762 0.548780 19.068797 3.141593 0.400000 919.000000
18.750000 2.478412 0.592105 19.906410 3.141593 0.400000 919.000000
19.000000 2.544944 0.500000 20.759096 3.141593 0.400000 919.000000
