6.000000 0.253789 1.759259 -1.704265 1.570796 0.400000 255.000000
6.250000 0.275379 1.574074 -1.765610 1.570796 0.400000 255.000000
6.500000 0.297850 1.516854 -1.686466 1.570796 0.400000 255.000000
6.750000 0.321202 1.482558 -1.721210 1.570796 0.400000 255.000000
7.000000 0.345436 1.785714 -1.784197 1.570796 0.400000 255.000000
7.250000 0.370550 1.815789 -1.682182 1.570796 0.400000 255.000000
7.500000 0.396546 1.370192 -1.714955 1.570796 0.400000 255.000000
7.750000 0.423423 1.285714 -1.696105 1.570796 0.400000 255.000000
8.000000 0.451181 1.262376 -1.595734 1.570796 0.400000 255.000000
8.250000 0.479821 0.615672 -1.407641 1.570796 0.400000 255.000000
8.500000 0.509341 0.500000 0.361289 1.570796 0.400000 255.000000
8.750000 0.539743 0.500000 1.566190 1.570796 0.400000 255.000000
9.000000 0.571026 0.500000 2.212791 1.570796 0.400000 255.000000
9.250000 0.603190 0.500000 2.561402 1.570796 0.400000 255.000000
9.500000 0.636236 0.500000 2.708066 1.570796 0.400000 255.000000
9.750000 0.670163 0.507246 2.885687 1.570796 0.400000 255.000000
10.000000 0.704971 0.512195 3.067065 1.570796 0.400000 255.000000
10.250000 0.740660 0.517241 3.843884 1.570796 0.400000 255.000000
10.500000 0.777230 0.500000 4.191246 1.570796 0.400000 255.000000
10.750000 0.814682 0.500000 4.354020 1.570796 0.400000 255.000000
11.000000 0.853014 0.517241 4.402810 1.570796 0.400000 255.000000
11.250000 0.892228 0.500000 4.367200 1.570796 0.400000 255.000000
11.500000 0.932324 0.513699 4.218450 1.570796 0.400000 255.000000
11.750000 0.973300 0.512422 3.952862 1.570796 0.400000 255.000000
12.000000 1.015158 0.500000 3.579835 1.570796 0.400000 255.000000
12.250000 1.057896 0.509709 3.022370 1.570796 0.400000 255.000000
12.500000 1.101516 0.500000 2.236745 1.570796 0.400000 255.000000
12.750000 1.146018 0.500000 0.957210 1.570796 0.400000 255.000000
13.000000 1.191400 0.561024 -0.161301 1.570796 0.400000 255.000000
13.250000 1.237664 0.500000 -1.152103 1.570796 0.400000 255.000000
13.500000 1.284809 0.600000 -1.398416 1.570796 0.400000 255.000000
13.750000 1.332835 0.548780 -1.237954 1.570796 0.400000 255.000000
14.000000 1.381742 0.561497 -1.606868 1.570796 0.400000 255.000000
14.250000 1.431531 0.505181 -1.404933 1.570796 0.400000 255.000000
14.500000 1.482201 0.604839 -1.530491 1.570796 0.400000 255.000000
14.750000 1.533752 0.640704 -1.423797 1.570796 0.400000 255.000000
15.000000 1.586184 0.641892 -1.449636 1.570796 0.400000 255.000000
15.250000 1.639497 0.840000 -1.329861 1.570796 0.400000 255.000000
15.500000 1.693692 1.000000 1.674568 4.712389 0.400000 255.000000
15.750000 1.748768 1.000000 3.344177 4.712389 0.400000 255.000000
16.000000 1.804725 0.997110 4.389168 4.712389 0.400000 255.000000
16.250000 1.861563 0.500000 6.566093 3.141593 0.400000 255.000000
16.500000 1.919282 0.504202 9.040985 3.141593 0.400000 255.000000
16.750000 1.977883 0.500000 11.036729 3.141593 0.400000 255.000000
17.000000 2.037365 0.500000 13.087329 3.141593 0.400000 255.000000
17.250000 2.097728 0.523256 14.141050 3.141593 0.400000 255.000000
17.500000 2.158972 0.500000 15.139516 3.141593 0.400000 255.000000
17.750000 2.221098 0.517241 16.251471 3.141593 0.400000 255.000000
18.000000 2.284105 0.500000 17.195455 3.141593 0.400000 255.000000
18.250000 2.347993 0.576923 18.237647 3.141593 0.400000 255.000000
18.500000 2.412762 0.500000 19.206450 3.141593 0.400000 255.000000
18.750000 2.478412 0.535714 19.936686 3.141593 0.400000 255.000000
19.000000 2.544944 0.562500 20.699855 3.141593 0.400000 255.000000
