6.000000 0.253789 0.948276 -1.589685 1.570796 0.400000 997.000000
6.250000 0.275379 0.926966 -1.645618 1.570796 0.400000 997.000000
6.500000 0.297850 1.046512 -1.649731 1.570796 0.400000 997.000000
6.750000 0.321202 1.166667 -1.683457 1.570796 0.400000 997.000000
7.000000 0.345436 1.166667 -1.747313 1.570796 0.400000 997.000000
7.250000 0.370550 1.061321 -1.639145 1.570796 0.400000 997.000000
7.500000 0.396546 0.911215 -1.616167 1.570796 0.400000 997.000000
7.750000 0.423423 1.222826 -1.860955 1.570796 0.400000 997.000000
8.000000 0.451181 1.032110 -1.577165 1.570796 0.400000 997.000000
8.250000 0.479821 0.500000 1.506718 1.570796 0.400000 997.000000
8.500000 0.509341 0.500000 1.620902 1.570796 0.400000 997.000000
8.750000 0.539743 0.500000 1.516429 1.570796 0.400000 997.000000
9.000000 0.571026 0.500000 1.162563 1.570796 0.400000 997.000000
9.250000 0.603190 0.500000 0.708591 1.570796 0.400000 997.000000
9.500000 0.636236 0.500000 2.134684 1.570796 0.400000 997.000000
9.750000 0.670163 0.500000 2.971325 1.570796 0.400000 997.000000
10.000000 0.704971 0.516055 3.540533 1.570796 0.400000 997.000000
10.250000 0.740660 0.500000 3.949009 1.570796 0.400000 997.000000
10.500000 0.777230 0.517241 4.217091 1.570796 0.400000 997.000000
10.750000 0.814682 0.520833 4.360757 1.570796 0.400000 997.000000
11.000000 0.853014 0.500000 4.441234 1.570796 0.400000 997.000000
11.250000 0.892228 0.500000 4.408381 1.570796 0.400000 997.000000
11.500000 0.932324 0.513699 4.232162 1.570796 0.400000 997.000000
11.750000 0.973300 0.510204 4.003121 1.570796 0.400000 997.000000
12.000000 1.015158 0.500000 3.632686 1.570796 0.400000 997.000000
12.250000 1.057896 0.507812 3.088458 1.570796 0.400000 997.000000
12.500000 1.101516 0.507519 2.318014 1.570796 0.400000 997.000000
12.750000 1.146018 0.500000 1.097196 1.570796 0.400000 997.000000
13.000000 1.191400 0.487013 -3.043497 1.570796 0.400000 997.000000
13.250000 1.237664 0.538922 -1.459669 1.570796 0.400000 997.000000
13.500000 1.284809 0.542169 -1.288492 1.570796 0.400000 997.000000
13.750000 1.332835 0.466321 -1.170068 1.570796 0.400000 997.000000
14.000000 1.381742 0.527027 -1.484511 1.570796 0.400000 997.000000
14.250000 1.431531 0.532995 -1.376134 1.570796 0.400000 997.000000
14.500000 1.482201 0.638298 -1.640761 1.570796 0.400000 997.000000
14.750000 1.533752 0.502232 -1.394113 1.570796 0.400000 997.000000
15.000000 1.586184 0.500000 0.321040 3.141593 0.400000 997.000000
15.250000 1.639497 0.500000 4.174393 3.141593 0.400000 997.000000
15.500000 1.693692 0.520833 6.065821 3.141593 0.400000 997.000000
15.750000 1.748768 0.606618 7.130322 3.141593 0.400000 997.000000
16.000000 1.804725 0.526316 9.392833 3.141593 0.400000 997.000000
16.250000 1.861563 0.523256 11.053243 3.141593 0.400000 997.000000
16.500000 1.919282 0.500000 12.316441 3.141593 0.400000 997.000000
16.750000 1.977883 0.513699 13.393719 3.141593 0.400000 997.000000
17.000000 2.037365 0.500000 14.350642 3.141593 0.400000 997.000000
17.250000 2.097728 0.500000 15.208573 3.141593 0.400000 997.000000
17.500000 2.158972 0.545455 15.856480 3.141593 0.400000 997.000000
17.750000 2.221098 0.500000 16.766142 3.141593 0.400000 997.000000
18.000000 2.284105 0.562500 17.292456 3.141593 0.400000 997.000000
18.250000 2.347993 0.576923 17.990467 3.141593 0.400000 997.000000
18.500000 2.412762 0.592105 18.662487 3.141593 0.400000 997.000000
18.750000 2.478412 0.576923 19.368564 3.141593 0.400000 997.000000
19.000000 2.544944 0.500000 20.004894 3.141593 0.400000 997.000000
