6.000000 0.253789 1.558442 -1.828195 1.570796 0.400000 733.000000
6.250000 0.275379 1.312500 -1.780276 1.570796 0.400000 733.000000
6.500000 0.297850 1.264045 -1.731994 1.570796 0.400000 733.000000
6.750000 0.321202 1.174699 -1.692791 1.570796 0.400000 733.000000
7.000000 0.345436 1.536145 -1.865958 1.570796 0.400000 733.000000
7.250000 0.370550 1.022727 -1.665018 1.570796 0.400000 733.000000
7.500000 0.396546 1.222826 -1.863950 1.570796 0.400000 733.000000
7.750000 0.423423 1.228448 -1.086488 1.570796 0.400000 733.000000
8.000000 0.451181 0.503731 -1.172271 1.570796 0.400000 733.000000
8.250000 0.479821 0.500000 0.867761 1.570796 0.400000 733.000000
8.500000 0.509341 0.507042 1.621322 1.570796 0.400000 733.000000
8.750000 0.539743 0.506135 2.028545 1.570796 0.400000 733.000000
9.000000 0.571026 0.507968 2.215531 1.570796 0.400000 733.000000
9.250000 0.603190 0.510000 2.229497 1.570796 0.400000 733.000000
9.500000 0.636236 0.500000 2.072084 1.570796 0.400000 733.000000
9.750000 0.670163 0.515021 2.722642 1.570796 0.400000 733.000000
10.000000 0.704971 0.502392 3.379658 1.570796 0.400000 733.000000
10.250000 0.740660 0.500000 3.578469 1.570796 0.400000 733.000000
10.500000 0.777230 0.500000 3.571135 1.570796 0.400000 733.000000
10.750000 0.814682 0.509709 3.434146 1.570796 0.400000 733.000000
11.000000 0.853014 0.512821 3.164200 1.570796 0.400000 733.000000
11.250000 0.892228 0.500000 2.746641 1.570796 0.400000 733.000000
11.500000 0.932324 0.500000 2.103740 1.570796 0.400000 733.000000
11.750000 0.973300 0.500000 1.045401 1.570796 0.400000 733.000000
12.000000 1.015158 0.641447 -1.576514 1.570796 0.400000 733.000000
12.250000 1.057896 0.882353 -1.582854 1.570796 0.400000 733.000000
12.500000 1.101516 0.583832 -1.544151 1.570796 0.400000 733.000000
12.750000 1.146018 0.843750 -1.589014 1.570796 0.400000 733.000000
13.000000 1.191400 0.867052 -1.503783 1.570796 0.400000 733.000000
13.250000 1.237664 0.673653 -1.619242 1.570796 0.400000 733.000000
13.500000 1.284809 0.888158 -1.720148 1.570796 0.400000 733.000000
13.750000 1.332835 0.670391 -1.629038 1.570796 0.400000 733.000000
14.000000 1.381742 0.745614 -1.686007 1.570796 0.400000 733.000000
14.250000 1.431531 0.750000 -1.651840 1.570796 0.400000 733.000000
14.500000 1.482201 0.810811 -1.740236 1.570796 0.400000 733.000000
14.750000 1.533752 0.799492 -1.601237 1.570796 0.400000 733.000000
15.000000 1.586184 0.714286 -1.889125 4.712389 0.400000 733.000000
15.250000 1.639497 0.500000 2.615905 3.141593 0.400000 733.000000
15.500000 1.693692 0.587349 4.921028 3.141593 0.400000 733.000000
15.750000 1.748768 0.606618 6.516538 3.141593 0.400000 733.000000
16.000000 1.804725 0.666667 7.326266 3.141593 0.400000 733.000000
16.250000 1.861563 0.495283 9.933666 3.141593 0.400000 733.000000
16.500000 1.919282 0.517241 11.644193 3.141593 0.400000 733.000000
16.750000 1.977883 0.500000 12.902143 3.141593 0.400000 733.000000
17.000000 2.037365 0.500000 13.923368 3.141593 0.400000 733.000000
17.250000 2.097728 0.551471 14.890632 3.141593 0.400000 733.000000
17.500000 2.158972 0.535714 15.749285 3.141593 0.400000 733.000000
17.750000 2.221098 0.500000 16.576905 3.141593 0.400000 733.000000
18.000000 2.284105 0.555556 17.298752 3.141593 0.400000 733.000000
18.250000 2.347993 0.500000 18.204148 3.141593 0.400000 733.000000
18.500000 2.412762 0.535714 18.889135 3.141593 0.400000 733.000000
18.750000 2.478412 0.548780 19.446694 3.141593 0.400000 733.000000
19.000000 2.544944 0.548780 20.083553 3.141593 0.400000 733.000000
