6.000000 0.253789 0.914634 -1.665924 1.570796 0.400000 233.000000
6.250000 0.275379 1.058824 -1.681628 1.570796 0.400000 233.000000
6.500000 0.297850 0.926966 -1.708209 1.570796 0.400000 233.000000
6.750000 0.321202 0.959302 -1.709891 1.570796 0.400000 233.000000
7.000000 0.345436 1.250000 -1.740072 1.570796 0.400000 233.000000
7.250000 0.370550 0.989011 -1.706978 1.570796 0.400000 233.000000
7.500000 0.396546 0.955882 -1.747717 1.570796 0.400000 233.000000
7.750000 0.423423 1.147959 -1.767404 1.570796 0.400000 233.000000
8.000000 0.451181 1.100917 -1.563320 1.570796 0.400000 233.000000
8.250000 0.479821 0.500000 0.808902 1.570796 0.400000 233.000000
8.500000 0.509341 0.500000 1.586633 1.570796 0.400000 233.000000
8.750000 0.539743 0.500000 2.005421 1.570796 0.400000 233.000000
9.000000 0.571026 0.500000 2.205925 1.570796 0.400000 233.000000
9.250000 0.603190 0.500000 2.229588 1.570796 0.400000 233.000000
9.500000 0.636236 0.500000 2.006835 1.570796 0.400000 233.000000
9.750000 0.670163 0.500000 2.354430 1.570796 0.400000 233.000000
10.000000 0.704971 0.500000 3.255692 1.570796 0.400000 233.000000
10.250000 0.740660 0.500000 3.885508 1.570796 0.400000 233.000000
10.500000 0.777230 0.518868 4.334718 1.570796 0.400000 233.000000
10.750000 0.814682 0.500000 4.685039 1.570796 0.400000 233.000000
11.000000 0.853014 0.500000 4.902737 1.570796 0.400000 233.000000
11.250000 0.892228 0.523256 5.004996 1.570796 0.400000 233.000000
11.500000 0.932324 0.500000 5.090322 1.570796 0.400000 233.000000
11.750000 0.973300 0.500000 5.042937 1.570796 0.400000 233.000000
12.000000 1.015158 0.515267 4.861773 1.570796 0.400000 233.000000
12.250000 1.057896 0.519231 4.653052 1.570796 0.400000 233.000000
12.500000 1.101516 0.500000 4.315254 1.570796 0.400000 233.000000
12.750000 1.146018 0.512422 3.854260 1.570796 0.400000 233.000000
13.000000 1.191400 0.507812 3.230922 1.570796 0.400000 233.000000
13.250000 1.237664 0.507519 2.344155 1.570796 0.400000 233.000000
13.500000 1.284809 0.500000 0.897954 1.570796 0.400000 233.000000
13.750000 1.332835 0.472441 -0.243823 1.570796 0.400000 233.000000
14.000000 1.381742 0.497788 -1.091791 1.570796 0.400000 233.000000
14.250000 1.431531 0.538922 -1.481248 1.570796 0.400000 233.000000
14.500000 1.482201 0.559701 -1.333138 1.570796 0.400000 233.000000
14.750000 1.533752 0.462085 -1.326147 1.570796 0.400000 233.000000
15.000000 1.586184 0.512048 -1.266945 1.570796 0.400000 233.000000
15.250000 1.639497 1.000000 -0.559758 4.712389 0.400000 233.000000
15.500000 1.693692 1.000000 2.406826 4.712389 0.400000 233.000000
15.750000 1.748768 0.791667 4.310743 3.141593 0.400000 233.000000
16.000000 1.804725 0.572917 6.771233 3.141593 0.400000 233.000000
16.250000 1.861563 0.500000 8.890032 3.141593 0.400000 233.000000
16.500000 1.919282 0.519802 10.664059 3.141593 0.400000 233.000000
16.750000 1.977883 0.519802 12.383980 3.141593 0.400000 233.000000
17.000000 2.037365 0.511364 13.335628 3.141593 0.400000 233.000000
17.250000 2.097728 0.535714 13.622178 3.141593 0.400000 233.000000
17.500000 2.158972 0.520833 14.751606 3.141593 0.400000 233.000000
17.750000 2.221098 0.535714 15.825910 3.141593 0.400000 233.000000
18.000000 2.284105 0.526316 16.979006 3.141593 0.400000 233.000000
18.250000 2.347993 0.566038 18.054407 3.141593 0.400000 233.000000
18.500000 2.412762 0.500000 19.096548 3.141593 0.400000 233.000000
18.750000 2.478412 0.535714 19.851479 3.141593 0.400000 233.000000
19.000000 2.544944 0.562500 20.660891 3.141593 0.400000 233.000000
