6.000000 0.253789 0.925926 -1.756025 1.570796 0.400000 442.000000
6.250000 0.275379 0.823171 -1.722761 1.570796 0.400000 442.000000
6.500000 0.297850 0.681818 -1.770024 1.570796 0.400000 442.000000
6.750000 0.321202 0.740741 -1.656077 1.570796 0.400000 442.000000
7.000000 0.345436 0.617647 -1.765943 1.570796 0.400000 442.000000
7.250000 0.370550 0.594059 -1.618138 1.570796 0.400000 442.000000
7.500000 0.396546 0.816832 -1.597245 1.570796 0.400000 442.000000
7.750000 0.423423 0.555556 -2.403194 1.570796 0.400000 442.000000
8.000000 0.451181 0.500000 -0.159872 1.570796 0.400000 442.000000
8.250000 0.479821 0.500000 1.125353 1.570796 0.400000 442.000000
8.500000 0.509341 0.500000 1.711099 1.570796 0.400000 442.000000
8.750000 0.539743 0.506757 2.015009 1.570796 0.400000 442.000000
9.000000 0.571026 0.505952 2.113330 1.570796 0.400000 442.000000
9.250000 0.603190 0.509434 2.032022 1.570796 0.400000 442.000000
9.500000 0.636236 0.500000 1.761151 1.570796 0.400000 442.000000
9.750000 0.670163 0.503534 2.277672 1.570796 0.400000 442.000000
10.000000 0.704971 0.502092 3.298772 1.570796 0.400000 442.000000
10.250000 0.740660 0.505618 3.924051 1.570796 0.400000 442.000000
10.500000 0.777230 0.510471 4.332336 1.570796 0.400000 442.000000
10.750000 0.814682 0.508475 4.620220 1.570796 0.400000 442.000000
11.000000 0.853014 0.518868 4.807004 1.570796 0.400000 442.000000
11.250000 0.892228 0.500000 4.900631 1.570796 0.400000 442.000000
11.500000 0.932324 0.509259 4.889361 1.570796 0.400000 442.000000
11.750000 0.973300 0.515625 4.798022 1.570796 0.400000 442.000000
12.000000 1.015158 0.517241 4.603907 1.570796 0.400000 442.000000
12.250000 1.057896 0.500000 4.341047 1.570796 0.400000 442.000000
12.500000 1.101516 0.500000 3.915302 1.570796 0.400000 442.000000
12.750000 1.146018 0.506329 3.356480 1.570796 0.400000 442.000000
13.000000 1.191400 0.504808 2.571960 1.570796 0.400000 442.000000
13.250000 1.237664 0.500000 1.354156 1.570796 0.400000 442.000000
13.500000 1.284809 0.523256 -1.712322 1.570796 0.400000 442.000000
13.750000 1.332835 0.518868 -1.658060 1.570796 0.400000 442.000000
14.000000 1.381742 0.502793 -1.402422 1.570796 0.400000 442.000000
14.250000 1.431531 0.482456 -1.621814 1.570796 0.400000 442.000000
14.500000 1.482201 0.494924 -1.603043 1.570796 0.400000 442.000000
14.750000 1.533752 0.500000 -1.572080 1.570796 0.400000 442.000000
15.000000 1.586184 0.571066 -1.697419 1.570796 0.400000 442.000000
15.250000 1.639497 1.000000 -1.088476 4.712389 0.400000 442.000000
15.500000 1.693692 0.500000 3.174943 3.141593 0.400000 442.000000
15.750000 1.748768 0.496689 5.706640 3.141593 0.400000 442.000000
16.000000 1.804725 0.523256 7.561871 3.141593 0.400000 442.000000
16.250000 1.861563 0.581395 8.688734 3.141593 0.400000 442.000000
16.500000 1.919282 0.495283 11.154443 3.141593 0.400000 442.000000
16.750000 1.977883 0.500000 12.642907 3.141593 0.400000 442.000000
17.000000 2.037365 0.535714 13.783712 3.141593 0.400000 442.000000
17.250000 2.097728 0.535714 14.825650 3.141593 0.400000 442.000000
17.500000 2.158972 0.535714 15.738844 3.141593 0.400000 442.000000
17.750000 2.221098 0.517241 16.681229 3.141593 0.400000 442.000000
18.000000 2.284105 0.576923 17.497781 3.141593 0.400000 442.000000
18.250000 2.347993 0.523256 18.345881 3.141593 0.400000 442.000000
18.500000 2.412762 0.548780 18.989449 3.141593 0.400000 442.000000
18.750000 2.478412 0.562500 19.618176 3.141593 0.400000 442.000000
19.000000 2.544944 0.576923 20.323123 3.141593 0.400000 442.000000
