6.000000 0.253789 0.722892 -1.472525 1.570796 0.400000 885.000000
6.250000 0.275379 0.789474 -1.621567 1.570796 0.400000 885.000000
6.500000 0.297850 0.705882 -1.651684 1.570796 0.400000 885.000000
6.750000 0.321202 0.868421 -1.585439 1.570796 0.400000 885.000000
7.000000 0.345436 0.948276 -1.658971 1.570796 0.400000 885.000000
7.250000 0.370550 0.655340 -1.512199 1.570796 0.400000 885.000000
7.500000 0.396546 0.894495 -1.414863 1.570796 0.400000 885.000000
7.750000 0.423423 0.525000 -2.030068 1.570796 0.400000 885.000000
8.000000 0.451181 0.500000 0.317419 1.570796 0.400000 885.000000
8.250000 0.479821 0.500000 1.264897 1.570796 0.400000 885.000000
8.500000 0.509341 0.500000 1.734926 1.570796 0.400000 885.000000
8.750000 0.539743 0.505051 1.956757 1.570796 0.400000 885.000000
9.000000 0.571026 0.500000 1.978060 1.570796 0.400000 885.000000
9.250000 0.603190 0.505051 1.808996 1.570796 0.400000 885.000000
9.500000 0.636236 0.502915 1.566281 1.570796 0.400000 885.000000
9.750000 0.670163 0.510638 2.736686 1.570796 0.400000 885.000000
10.000000 0.704971 0.500000 3.461772 1.570796 0.400000 885.000000
10.250000 0.740660 0.500000 3.958524 1.570796 0.400000 885.000000
10.500000 0.777230 0.500000 4.307131 1.570796 0.400000 885.000000
10.750000 0.814682 0.500000 4.544729 1.570796 0.400000 885.000000
11.000000 0.853014 0.500000 4.673761 1.570796 0.400000 885.000000
11.250000 0.892228 0.510204 4.694364 1.570796 0.400000 885.000000
11.500000 0.932324 0.500000 4.638636 1.570796 0.400000 885.000000
11.750000 0.973300 0.510204 4.485354 1.570796 0.400000 885.000000
12.000000 1.015158 0.500000 4.233925 1.570796 0.400000 885.000000
12.250000 1.057896 0.514286 3.845934 1.570796 0.400000 885.000000
12.500000 1.101516 0.512195 3.317477 1.570796 0.400000 885.000000
12.750000 1.146018 0.500000 2.577664 1.570796 0.400000 885.000000
13.000000 1.191400 0.500000 1.445259 1.570796 0.400000 885.000000
13.250000 1.237664 0.500000 -1.928621 1.570796 0.400000 885.000000
13.500000 1.284809 0.544693 -1.619594 1.570796 0.400000 885.000000
13.750000 1.332835 0.466667 -1.137429 1.570796 0.400000 885.000000
14.000000 1.381742 0.497630 -1.275322 1.570796 0.400000 885.000000
14.250000 1.431531 0.450820 -1.534747 1.570796 0.400000 885.000000
14.500000 1.482201 0.505181 -1.451765 1.570796 0.400000 885.000000
14.750000 1.533752 0.550459 -1.529791 1.570796 0.400000 885.000000
15.000000 1.586184 0.544355 -1.491197 1.570796 0.400000 885.000000
15.250000 1.639497 1.000000 0.296339 4.712389 0.400000 885.000000
15.500000 1.693692 0.538462 3.919893 3.141593 0.400000 885.000000
15.750000 1.748768 0.503731 6.335255 3.141593 0.400000 885.000000
16.000000 1.804725 0.508475 8.362833 3.141593 0.400000 885.000000
16.250000 1.861563 0.495283 10.064289 3.141593 0.400000 885.000000
16.500000 1.919282 0.500000 11.645187 3.141593 0.400000 885.000000
16.750000 1.977883 0.500000 12.608059 3.141593 0.400000 885.000000
17.000000 2.037365 0.500000 12.231512 3.141593 0.400000 885.000000
17.250000 2.097728 0.500000 13.791328 3.141593 0.400000 885.000000
17.500000 2.158972 0.500000 15.035134 3.141593 0.400000 885.000000
17.750000 2.221098 0.500000 16.077382 3.141593 0.400000 885.000000
18.000000 2.284105 0.500000 17.276160 3.141593 0.400000 885.000000
18.250000 2.347993 0.523256 18.181352 3.141593 0.400000 885.000000
18.500000 2.412762 0.548780 18.930624 3.141593 0.400000 885.000000
18.750000 2.478412 0.562500 19.845118 3.141593 0.400000 885.000000
19.000000 2.544944 0.576923 20.759128 3.141593 0.400000 885.000000
