6.000000 0.253789 2.232143 -1.711855 1.570796 0.400000 267.000000
6.250000 0.275379 2.088608 -1.742411 1.570796 0.400000 267.000000
6.500000 0.297850 1.896552 -1.601388 1.570796 0.400000 267.000000
6.750000 0.321202 1.833333 -1.711015 1.570796 0.400000 267.000000
7.000000 0.345436 2.029412 -1.770428 1.570796 0.400000 267.000000
7.250000 0.370550 1.778351 -1.718019 1.570796 0.400000 267.000000
7.500000 0.396546 1.707921 -1.591428 1.570796 0.400000 267.000000
7.750000 0.423423 1.530612 -1.770731 1.570796 0.400000 267.000000
8.000000 0.451181 1.336634 -1.744436 1.570796 0.400000 267.000000
8.250000 0.479821 0.922131 -1.648493 1.570796 0.400000 267.000000
8.500000 0.509341 0.839552 -1.327203 1.570796 0.400000 267.000000
8.750000 0.539743 0.500000 0.245410 1.570796 0.400000 267.000000
9.000000 0.571026 0.500000 1.645975 1.570796 0.400000 267.000000
9.250000 0.603190 0.500000 2.292868 1.570796 0.400000 267.000000
9.500000 0.636236 0.500000 2.881032 1.570796 0.400000 267.000000
9.750000 0.670163 0.500000 3.214089 1.570796 0.400000 267.000000
10.000000 0.704971 0.500000 3.439353 1.570796 0.400000 267.000000
10.250000 0.740660 0.517241 3.557286 1.570796 0.400000 267.000000
10.500000 0.777230 0.500000 3.594864 1.570796 0.400000 267.000000
10.750000 0.814682 0.514286 3.506892 1.570796 0.400000 267.000000
11.000000 0.853014 0.505618 3.332099 1.570796 0.400000 267.000000
11.250000 0.892228 0.509709 3.022249 1.570796 0.400000 267.000000
11.500000 0.932324 0.510000 2.535959 1.570796 0.400000 267.000000
11.750000 0.973300 0.505618 1.750744 1.570796 0.400000 267.000000
12.000000 1.015158 0.500000 0.265458 1.570796 0.400000 267.000000
12.250000 1.057896 0.579897 -0.628611 1.570796 0.400000 267.000000
12.500000 1.101516 0.500000 -1.269958 1.570796 0.400000 267.000000
12.750000 1.146018 0.494012 -1.416089 1.570796 0.400000 267.000000
13.000000 1.191400 0.561497 -1.315815 1.570796 0.400000 267.000000
13.250000 1.237664 0.514286 -1.510992 1.570796 0.400000 267.000000
13.500000 1.284809 0.583333 -1.400672 1.570796 0.400000 267.000000
13.750000 1.332835 0.611413 -1.519300 1.570796 0.400000 267.000000
14.000000 1.381742 0.685279 -1.524819 1.570796 0.400000 267.000000
14.250000 1.431531 0.705446 -1.496127 1.570796 0.400000 267.000000
14.500000 1.482201 0.701970 -1.359039 1.570796 0.400000 267.000000
14.750000 1.533752 0.813679 -1.515461 1.570796 0.400000 267.000000
15.000000 1.586184 0.896018 -1.509354 1.570796 0.400000 267.000000
15.250000 1.639497 0.987654 -1.412607 1.570796 0.400000 267.000000
15.500000 1.693692 0.697674 2.275068 3.141593 0.400000 267.000000
15.750000 1.748768 0.787293 4.421848 3.141593 0.400000 267.000000
16.000000 1.804725 0.709459 6.242914 3.141593 0.400000 267.000000
16.250000 1.861563 0.509709 9.325308 3.141593 0.400000 267.000000
16.500000 1.919282 0.500000 11.213015 3.141593 0.400000 267.000000
16.750000 1.977883 0.520833 12.569160 3.141593 0.400000 267.000000
17.000000 2.037365 0.528169 13.784750 3.141593 0.400000 267.000000
17.250000 2.097728 0.526316 14.800625 3.141593 0.400000 267.000000
17.500000 2.158972 0.500000 15.761582 3.141593 0.400000 267.000000
17.750000 2.221098 0.566038 16.686371 3.141593 0.400000 267.000000
18.000000 2.284105 0.535714 17.509386 3.141593 0.400000 267.000000
18.250000 2.347993 0.576923 18.249133 3.141593 0.400000 267.000000
18.500000 2.412762 0.500000 19.154220 3.141593 0.400000 267.000000
18.750000 2.478412 0.500000 19.840036 3.141593 0.400000 267.000000
19.000000 2.544944 0.500000 20.530483 3.141593 0.400000 267.000000
