6.000000 0.253789 0.914634 -1.676249 1.570796 0.400000 468.000000
6.250000 0.275379 0.854430 -1.757413 1.570796 0.400000 468.000000
6.500000 0.297850 0.903614 -1.676716 1.570796 0.400000 468.000000
6.750000 0.321202 1.147059 -1.723620 1.570796 0.400000 468.000000
7.000000 0.345436 0.926966 -1.766097 1.570796 0.400000 468.000000
7.250000 0.370550 0.947368 -1.703607 1.570796 0.400000 468.000000
7.500000 0.396546 0.756881 -1.541058 1.570796 0.400000 468.000000
7.750000 0.423423 0.891089 -1.672051 1.570796 0.400000 468.000000
8.000000 0.451181 0.916667 -1.852749 1.570796 0.400000 468.000000
8.250000 0.479821 0.860656 -1.101705 1.570796 0.400000 468.000000
8.500000 0.509341 0.498555 0.040734 1.570796 0.400000 468.000000
8.750000 0.539743 0.500000 1.222439 1.570796 0.400000 468.000000
9.000000 0.571026 0.500000 2.059504 1.570796 0.400000 468.000000
9.250000 0.603190 0.500000 2.592106 1.570796 0.400000 468.000000
9.500000 0.636236 0.506757 2.881681 1.570796 0.400000 468.000000
9.750000 0.670163 0.513158 3.032164 1.570796 0.400000 468.000000
10.000000 0.704971 0.513158 3.040978 1.570796 0.400000 468.000000
10.250000 0.740660 0.507812 2.926958 1.570796 0.400000 468.000000
10.500000 0.777230 0.500000 2.666347 1.570796 0.400000 468.000000
10.750000 0.814682 0.507968 2.179985 1.570796 0.400000 468.000000
11.000000 0.853014 0.500000 1.417311 1.570796 0.400000 468.000000
11.250000 0.892228 0.500000 -0.149753 1.570796 0.400000 468.000000
11.500000 0.932324 0.550847 -0.295509 1.570796 0.400000 468.000000
11.750000 0.973300 0.459184 -1.082547 1.570796 0.400000 468.000000
12.000000 1.015158 0.542763 -1.338324 1.570796 0.400000 468.000000
12.250000 1.057896 0.544693 -1.173471 1.570796 0.400000 468.000000
12.500000 1.101516 0.584416 -1.387238 1.570796 0.400000 468.000000
12.750000 1.146018 0.455801 -1.371470 1.570796 0.400000 468.000000
13.000000 1.191400 0.494012 -1.505253 1.570796 0.400000 468.000000
13.250000 1.237664 0.573248 -1.664784 1.570796 0.400000 468.000000
13.500000 1.284809 0.524194 -1.472294 1.570796 0.400000 468.000000
13.750000 1.332835 0.460123 -1.723218 1.570796 0.400000 468.000000
14.000000 1.381742 0.528169 -1.043714 1.570796 0.400000 468.000000
14.250000 1.431531 0.566860 -1.745441 1.570796 0.400000 468.000000
14.500000 1.482201 0.608108 -1.479937 1.570796 0.400000 468.000000
14.750000 1.533752 0.556931 -1.549849 1.570796 0.400000 468.000000
15.000000 1.586184 0.500000 1.177694 3.141593 0.400000 468.000000
15.250000 1.639497 0.500000 4.833048 3.141593 0.400000 468.000000
15.500000 1.693692 0.500000 6.799040 3.141593 0.400000 468.000000
15.750000 1.748768 0.509709 8.287953 3.141593 0.400000 468.000000
16.000000 1.804725 0.495283 9.646370 3.141593 0.400000 468.000000
16.250000 1.861563 0.495283 10.729406 3.141593 0.400000 468.000000
16.500000 1.919282 0.500000 11.932576 3.141593 0.400000 468.000000
16.750000 1.977883 0.535714 13.432004 3.141593 0.400000 468.000000
17.000000 2.037365 0.500000 14.387552 3.141593 0.400000 468.000000
17.250000 2.097728 0.559701 15.214020 3.141593 0.400000 468.000000
17.500000 2.158972 0.545455 15.935118 3.141593 0.400000 468.000000
17.750000 2.221098 0.526316 16.616967 3.141593 0.400000 468.000000
18.000000 2.284105 0.500000 17.515433 3.141593 0.400000 468.000000
18.250000 2.347993 0.535714 18.090961 3.141593 0.400000 468.000000
18.500000 2.412762 0.548780 18.612685 3.141593 0.400000 468.000000
18.750000 2.478412 0.562500 19.131851 3.141593 0.400000 468.000000
19.000000 2.544944 0.562500 19.718506 3.141593 0.400000 468.000000
