6.000000 0.253789 1.034483 -1.617784 1.570796 0.400000 588.000000
6.250000 0.275379 1.139241 -1.720213 1.570796 0.400000 588.000000
6.500000 0.297850 0.967742 -1.652888 1.570796 0.400000 588.000000
6.750000 0.321202 1.193182 -1.687859 1.570796 0.400000 588.000000
7.000000 0.345436 1.107955 -1.804815 1.570796 0.400000 588.000000
7.250000 0.370550 0.965347 -1.628131 1.570796 0.400000 588.000000
7.500000 0.396546 1.153846 -1.738828 1.570796 0.400000 588.000000
7.750000 0.423423 0.721154 -1.586030 1.570796 0.400000 588.000000
8.000000 0.451181 1.147959 -1.384534 1.570796 0.400000 588.000000
8.250000 0.479821 0.525000 -2.194043 1.570796 0.400000 588.000000
8.500000 0.509341 0.500000 0.641667 1.570796 0.400000 588.000000
8.750000 0.539743 0.500000 1.677553 1.570796 0.400000 588.000000
9.000000 0.571026 0.500000 2.252755 1.570796 0.400000 588.000000
9.250000 0.603190 0.508475 2.589866 1.570796 0.400000 588.000000
9.500000 0.636236 0.506757 2.749972 1.570796 0.400000 588.000000
9.750000 0.670163 0.500000 2.777889 1.570796 0.400000 588.000000
10.000000 0.704971 0.512195 2.731183 1.570796 0.400000 588.000000
10.250000 0.740660 0.502793 3.598570 1.570796 0.400000 588.000000
10.500000 0.777230 0.512422 4.150079 1.570796 0.400000 588.000000
10.750000 0.814682 0.518868 4.421053 1.570796 0.400000 588.000000
11.000000 0.853014 0.500000 4.551589 1.570796 0.400000 588.000000
11.250000 0.892228 0.515625 4.534730 1.570796 0.400000 588.000000
11.500000 0.932324 0.509259 4.437544 1.570796 0.400000 588.000000
11.750000 0.973300 0.512422 4.240895 1.570796 0.400000 588.000000
12.000000 1.015158 0.511364 3.924159 1.570796 0.400000 588.000000
12.250000 1.057896 0.500000 3.469110 1.570796 0.400000 588.000000
12.500000 1.101516 0.500000 2.838481 1.570796 0.400000 588.000000
12.750000 1.146018 0.500000 1.911640 1.570796 0.400000 588.000000
13.000000 1.191400 0.500000 0.171482 1.570796 0.400000 588.000000
13.250000 1.237664 0.497449 -0.970161 1.570796 0.400000 588.000000
13.500000 1.284809 0.541237 -1.346200 1.570796 0.400000 588.000000
13.750000 1.332835 0.632530 -1.522454 1.570796 0.400000 588.000000
14.000000 1.381742 0.604839 -1.479125 1.570796 0.400000 588.000000
14.250000 1.431531 0.634328 -1.577883 1.570796 0.400000 588.000000
14.500000 1.482201 0.692308 -1.471347 1.570796 0.400000 588.000000
14.750000 1.533752 0.479452 -1.364481 1.570796 0.400000 588.000000
15.000000 1.586184 0.669643 -1.526031 1.570796 0.400000 588.000000
15.250000 1.639497 1.000000 -1.038020 4.712389 0.400000 588.000000
15.500000 1.693692 1.000000 2.290482 4.712389 0.400000 588.000000
15.750000 1.748768 1.000000 3.316262 4.712389 0.400000 588.000000
16.000000 1.804725 0.768072 4.856649 3.141593 0.400000 588.000000
16.250000 1.861563 0.948795 5.130548 3.141593 0.400000 588.000000
16.500000 1.919282 0.500000 9.691994 3.141593 0.400000 588.000000
16.750000 1.977883 0.500000 11.580025 3.141593 0.400000 588.000000
17.000000 2.037365 0.528169 12.978890 3.141593 0.400000 588.000000
17.250000 2.097728 0.543478 14.277853 3.141593 0.400000 588.000000
17.500000 2.158972 0.555556 15.314495 3.141593 0.400000 588.000000
17.750000 2.221098 0.535714 16.371982 3.141593 0.400000 588.000000
18.000000 2.284105 0.523256 17.420402 3.141593 0.400000 588.000000
18.250000 2.347993 0.562500 18.166962 3.141593 0.400000 588.000000
18.500000 2.412762 0.608108 19.184032 3.141593 0.400000 588.000000
18.750000 2.478412 0.500000 19.960950 3.141593 0.400000 588.000000
19.000000 2.544944 0.500000 20.725825 3.141593 0.400000 588.000000
