6.000000 0.253789 1.057692 -1.613589 1.570796 0.400000 500.000000
6.250000 0.275379 1.250000 -1.694352 1.570796 0.400000 500.000000
6.500000 0.297850 1.147059 -1.720055 1.570796 0.400000 500.000000
6.750000 0.321202 1.107955 -1.713042 1.570796 0.400000 500.000000
7.000000 0.345436 1.448864 -1.721687 1.570796 0.400000 500.000000
7.250000 0.370550 1.250000 -1.604298 1.570796 0.400000 500.000000
7.500000 0.396546 1.125000 -1.697596 1.570796 0.400000 500.000000
7.750000 0.423423 0.946602 -1.613908 1.570796 0.400000 500.000000
8.000000 0.451181 1.005155 -1.275092 1.570796 0.400000 500.000000
8.250000 0.479821 0.508475 -2.003695 1.570796 0.400000 500.000000
8.500000 0.509341 0.500000 0.772631 1.570796 0.400000 500.000000
8.750000 0.539743 0.507353 1.730770 1.570796 0.400000 500.000000
9.000000 0.571026 0.504587 2.270406 1.570796 0.400000 500.000000
9.250000 0.603190 0.510638 2.560867 1.570796 0.400000 500.000000
9.500000 0.636236 0.506757 2.723098 1.570796 0.400000 500.000000
9.750000 0.670163 0.512195 2.723161 1.570796 0.400000 500.000000
10.000000 0.704971 0.513158 3.104243 1.570796 0.400000 500.000000
10.250000 0.740660 0.517241 3.673728 1.570796 0.400000 500.000000
10.500000 0.777230 0.500000 3.935943 1.570796 0.400000 500.000000
10.750000 0.814682 0.515625 4.007525 1.570796 0.400000 500.000000
11.000000 0.853014 0.500000 3.957075 1.570796 0.400000 500.000000
11.250000 0.892228 0.514286 3.758654 1.570796 0.400000 500.000000
11.500000 0.932324 0.513158 3.448276 1.570796 0.400000 500.000000
11.750000 0.973300 0.509050 2.981605 1.570796 0.400000 500.000000
12.000000 1.015158 0.508475 2.295521 1.570796 0.400000 500.000000
12.250000 1.057896 0.500000 1.223741 1.570796 0.400000 500.000000
12.500000 1.101516 0.500000 -1.945288 1.570796 0.400000 500.000000
12.750000 1.146018 0.606936 -1.432845 1.570796 0.400000 500.000000
13.000000 1.191400 0.538674 -1.325328 1.570796 0.400000 500.000000
13.250000 1.237664 0.685714 -1.583301 1.570796 0.400000 500.000000
13.500000 1.284809 0.590909 -1.459959 1.570796 0.400000 500.000000
13.750000 1.332835 0.576923 -1.406890 1.570796 0.400000 500.000000
14.000000 1.381742 0.621547 -1.480772 1.570796 0.400000 500.000000
14.250000 1.431531 0.585938 -1.541370 1.570796 0.400000 500.000000
14.500000 1.482201 0.576923 -1.529182 1.570796 0.400000 500.000000
14.750000 1.533752 0.658537 -1.455398 1.570796 0.400000 500.000000
15.000000 1.586184 0.636161 -1.542670 1.570796 0.400000 500.000000
15.250000 1.639497 0.878661 -1.581479 1.570796 0.400000 500.000000
15.500000 1.693692 1.000000 1.621559 4.712389 0.400000 500.000000
15.750000 1.748768 0.791667 3.847842 3.141593 0.400000 500.000000
16.000000 1.804725 0.596026 6.061949 3.141593 0.400000 500.000000
16.250000 1.861563 0.801887 6.146712 3.141593 0.400000 500.000000
16.500000 1.919282 0.519802 10.503531 3.141593 0.400000 500.000000
16.750000 1.977883 0.500000 12.188925 3.141593 0.400000 500.000000
17.000000 2.037365 0.535714 13.434476 3.141593 0.400000 500.000000
17.250000 2.097728 0.543478 14.611001 3.141593 0.400000 500.000000
17.500000 2.158972 0.545455 15.583259 3.141593 0.400000 500.000000
17.750000 2.221098 0.526316 16.565448 3.141593 0.400000 500.000000
18.000000 2.284105 0.500000 17.561940 3.141593 0.400000 500.000000
18.250000 2.347993 0.548780 18.221645 3.141593 0.400000 500.000000
18.500000 2.412762 0.576923 19.059335 3.141593 0.400000 500.000000
18.750000 2.478412 0.576923 19.925793 3.141593 0.400000 500.000000
19.000000 2.544944 0.588235 20.698396 3.141593 0.400000 500.000000
