6.000000 0.253789 0.993976 -1.683626 1.570796 0.400000 390.000000
6.250000 0.275379 1.234177 -1.831257 1.570796 0.400000 390.000000
6.500000 0.297850 1.147059 -1.747419 1.570796 0.400000 390.000000
6.750000 0.321202 1.147059 -1.694753 1.570796 0.400000 390.000000
7.000000 0.345436 1.193182 -1.802102 1.570796 0.400000 390.000000
7.250000 0.370550 0.967742 -1.710394 1.570796 0.400000 390.000000
7.500000 0.396546 1.102941 -1.682589 1.570796 0.400000 390.000000
7.750000 0.423423 1.342105 -1.843809 1.570796 0.400000 390.000000
8.000000 0.451181 0.793269 -1.754191 1.570796 0.400000 390.000000
8.250000 0.479821 1.013514 -1.606587 1.570796 0.400000 390.000000
8.500000 0.509341 0.600000 -2.386006 1.570796 0.400000 390.000000
8.750000 0.539743 0.500000 0.640034 1.570796 0.400000 390.000000
9.000000 0.571026 0.500000 1.817911 1.570796 0.400000 390.000000
9.250000 0.603190 0.507519 2.486019 1.570796 0.400000 390.000000
9.500000 0.636236 0.510638 2.907345 1.570796 0.400000 390.000000
9.750000 0.670163 0.513158 3.164179 1.570796 0.400000 390.000000
10.000000 0.704971 0.514286 3.279624 1.570796 0.400000 390.000000
10.250000 0.740660 0.500000 3.360525 1.570796 0.400000 390.000000
10.500000 0.777230 0.517241 3.586262 1.570796 0.400000 390.000000
10.750000 0.814682 0.512422 3.918212 1.570796 0.400000 390.000000
11.000000 0.853014 0.509259 4.214965 1.570796 0.400000 390.000000
11.250000 0.892228 0.517241 4.413815 1.570796 0.400000 390.000000
11.500000 0.932324 0.500000 4.435256 1.570796 0.400000 390.000000
11.750000 0.973300 0.502793 4.275088 1.570796 0.400000 390.000000
12.000000 1.015158 0.500000 3.964137 1.570796 0.400000 390.000000
12.250000 1.057896 0.511364 3.511420 1.570796 0.400000 390.000000
12.500000 1.101516 0.505618 2.889338 1.570796 0.400000 390.000000
12.750000 1.146018 0.500000 1.983877 1.570796 0.400000 390.000000
13.000000 1.191400 0.500000 0.333853 1.570796 0.400000 390.000000
13.250000 1.237664 0.589888 -1.370856 1.570796 0.400000 390.000000
13.500000 1.284809 0.714286 -1.783689 1.570796 0.400000 390.000000
13.750000 1.332835 0.669643 -1.499130 1.570796 0.400000 390.000000
14.000000 1.381742 0.573980 -1.465083 1.570796 0.400000 390.000000
14.250000 1.431531 0.727273 -1.585555 1.570796 0.400000 390.000000
14.500000 1.482201 0.660622 -1.547244 1.570796 0.400000 390.000000
14.750000 1.533752 0.530660 -1.294734 1.570796 0.400000 390.000000
15.000000 1.586184 0.668016 -1.378250 1.570796 0.400000 390.000000
15.250000 1.639497 0.971660 -2.547900 4.712389 0.400000 390.000000
15.500000 1.693692 1.000000 2.133132 4.712389 0.400000 390.000000
15.750000 1.748768 1.000000 3.472345 4.712389 0.400000 390.000000
16.000000 1.804725 1.000000 4.069345 4.712389 0.400000 390.000000
16.250000 1.861563 0.531915 7.104935 3.141593 0.400000 390.000000
16.500000 1.919282 0.514706 9.757213 3.141593 0.400000 390.000000
16.750000 1.977883 0.500000 11.447139 3.141593 0.400000 390.000000
17.000000 2.037365 0.528169 12.816515 3.141593 0.400000 390.000000
17.250000 2.097728 0.535714 14.114846 3.141593 0.400000 390.000000
17.500000 2.158972 0.545455 15.197420 3.141593 0.400000 390.000000
17.750000 2.221098 0.526316 16.313332 3.141593 0.400000 390.000000
18.000000 2.284105 0.500000 17.386279 3.141593 0.400000 390.000000
18.250000 2.347993 0.548780 18.136618 3.141593 0.400000 390.000000
18.500000 2.412762 0.576923 19.070977 3.141593 0.400000 390.000000
18.750000 2.478412 0.608108 20.096197 3.141593 0.400000 390.000000
19.000000 2.544944 0.500000 20.842555 3.141593 0.400000 390.000000
