6.000000 0.253789 1.482558 -1.648021 1.570796 0.400000 214.000000
6.250000 0.275379 1.764706 -1.671920 1.570796 0.400000 214.000000
6.500000 0.297850 1.737805 -1.721030 1.570796 0.400000 214.000000
6.750000 0.321202 1.630435 -1.668460 1.570796 0.400000 214.000000
7.000000 0.345436 1.619318 -1.772136 1.570796 0.400000 214.000000
7.250000 0.370550 1.454082 -1.642535 1.570796 0.400000 214.000000
7.500000 0.396546 1.683673 -1.772684 1.570796 0.400000 214.000000
7.750000 0.423423 1.397059 -1.476633 1.570796 0.400000 214.000000
8.000000 0.451181 0.515267 -1.304953 1.570796 0.400000 214.000000
8.250000 0.479821 0.500000 0.815428 1.570796 0.400000 214.000000
8.500000 0.509341 0.500000 1.590782 1.570796 0.400000 214.000000
8.750000 0.539743 0.500000 2.010430 1.570796 0.400000 214.000000
9.000000 0.571026 0.500000 2.205398 1.570796 0.400000 214.000000
9.250000 0.603190 0.500000 2.232747 1.570796 0.400000 214.000000
9.500000 0.636236 0.500000 2.058168 1.570796 0.400000 214.000000
9.750000 0.670163 0.500000 2.321481 1.570796 0.400000 214.000000
10.000000 0.704971 0.511364 3.244125 1.570796 0.400000 214.000000
10.250000 0.740660 0.500000 3.890681 1.570796 0.400000 214.000000
10.500000 0.777230 0.500000 4.337527 1.570796 0.400000 214.000000
10.750000 0.814682 0.513699 4.650492 1.570796 0.400000 214.000000
11.000000 0.853014 0.515267 4.861909 1.570796 0.400000 214.000000
11.250000 0.892228 0.523256 4.974616 1.570796 0.400000 214.000000
11.500000 0.932324 0.500000 5.007199 1.570796 0.400000 214.000000
11.750000 0.973300 0.523256 4.932807 1.570796 0.400000 214.000000
12.000000 1.015158 0.511364 4.783508 1.570796 0.400000 214.000000
12.250000 1.057896 0.510204 4.524345 1.570796 0.400000 214.000000
12.500000 1.101516 0.512422 4.160989 1.570796 0.400000 214.000000
12.750000 1.146018 0.511364 3.669550 1.570796 0.400000 214.000000
13.000000 1.191400 0.509050 2.989662 1.570796 0.400000 214.000000
13.250000 1.237664 0.500000 2.010345 1.570796 0.400000 214.000000
13.500000 1.284809 0.500000 0.167476 1.570796 0.400000 214.000000
13.750000 1.332835 0.568720 -0.858579 1.570796 0.400000 214.000000
14.000000 1.381742 0.530660 -1.095706 1.570796 0.400000 214.000000
14.250000 1.431531 0.590278 -1.152415 1.570796 0.400000 214.000000
14.500000 1.482201 0.618557 -1.417733 1.570796 0.400000 214.000000
14.750000 1.533752 0.533175 -1.398961 1.570796 0.400000 214.000000
15.000000 1.586184 0.681818 -1.380835 1.570796 0.400000 214.000000
15.250000 1.639497 0.911765 -2.514535 4.712389 0.400000 214.000000
15.500000 1.693692 1.000000 2.104624 4.712389 0.400000 214.000000
15.750000 1.748768 1.000000 3.598015 4.712389 0.400000 214.000000
16.000000 1.804725 0.745033 6.163607 3.141593 0.400000 214.000000
16.250000 1.861563 0.508475 9.308656 3.141593 0.400000 214.000000
16.500000 1.919282 0.500000 11.323301 3.141593 0.400000 214.000000
16.750000 1.977883 0.523256 12.573715 3.141593 0.400000 214.000000
17.000000 2.037365 0.543478 13.519364 3.141593 0.400000 214.000000
17.250000 2.097728 0.559701 14.557550 3.141593 0.400000 214.000000
17.500000 2.158972 0.555556 15.383395 3.141593 0.400000 214.000000
17.750000 2.221098 0.535714 16.339551 3.141593 0.400000 214.000000
18.000000 2.284105 0.500000 17.352561 3.141593 0.400000 214.000000
18.250000 2.347993 0.535714 18.125080 3.141593 0.400000 214.000000
18.500000 2.412762 0.548780 18.938162 3.141593 0.400000 214.000000
18.750000 2.478412 0.576923 19.821007 3.141593 0.400000 214.000000
19.000000 2.544944 0.576923 20.694568 3.141593 0.400000 214.000000
