6.000000 0.253789 1.071429 -1.646334 1.570796 0.400000 779.000000
6.250000 0.275379 1.189024 -1.663420 1.570796 0.400000 779.000000
6.500000 0.297850 1.483516 -1.717667 1.570796 0.400000 779.000000
6.750000 0.321202 1.193182 -1.711764 1.570796 0.400000 779.000000
7.000000 0.345436 1.500000 -1.713591 1.570796 0.400000 779.000000
7.250000 0.370550 1.262376 -1.610352 1.570796 0.400000 779.000000
7.500000 0.396546 0.928571 -1.704666 1.570796 0.400000 779.000000
7.750000 0.423423 1.224490 -1.546231 1.570796 0.400000 779.000000
8.000000 0.451181 0.588235 -1.642961 1.570796 0.400000 779.000000
8.250000 0.479821 0.500000 0.662189 1.570796 0.400000 779.000000
8.500000 0.509341 0.500000 1.524724 1.570796 0.400000 779.000000
8.750000 0.539743 0.500000 1.985937 1.570796 0.400000 779.000000
9.000000 0.571026 0.500000 2.224554 1.570796 0.400000 779.000000
9.250000 0.603190 0.511364 2.270530 1.570796 0.400000 779.000000
9.500000 0.636236 0.507117 2.107598 1.570796 0.400000 779.000000
9.750000 0.670163 0.500000 2.499322 1.570796 0.400000 779.000000
10.000000 0.704971 0.502232 3.305628 1.570796 0.400000 779.000000
10.250000 0.740660 0.500000 3.925601 1.570796 0.400000 779.000000
10.500000 0.777230 0.512422 4.329124 1.570796 0.400000 779.000000
10.750000 0.814682 0.510204 4.607352 1.570796 0.400000 779.000000
11.000000 0.853014 0.515267 4.783690 1.570796 0.400000 779.000000
11.250000 0.892228 0.523256 4.863790 1.570796 0.400000 779.000000
11.500000 0.932324 0.519231 4.848437 1.570796 0.400000 779.000000
11.750000 0.973300 0.511364 4.757643 1.570796 0.400000 779.000000
12.000000 1.015158 0.517241 4.544724 1.570796 0.400000 779.000000
12.250000 1.057896 0.500000 4.279171 1.570796 0.400000 779.000000
12.500000 1.101516 0.514286 3.826245 1.570796 0.400000 779.000000
12.750000 1.146018 0.509709 3.251253 1.570796 0.400000 779.000000
13.000000 1.191400 0.507519 2.435877 1.570796 0.400000 779.000000
13.250000 1.237664 0.500000 1.144682 1.570796 0.400000 779.000000
13.500000 1.284809 0.473978 -0.085567 1.570796 0.400000 779.000000
13.750000 1.332835 0.497788 -1.152361 1.570796 0.400000 779.000000
14.000000 1.381742 0.535714 -1.325452 1.570796 0.400000 779.000000
14.250000 1.431531 0.502577 -1.123575 1.570796 0.400000 779.000000
14.500000 1.482201 0.462085 -1.358354 1.570796 0.400000 779.000000
14.750000 1.533752 0.576923 -1.544572 1.570796 0.400000 779.000000
15.000000 1.586184 0.530973 -1.516120 1.570796 0.400000 779.000000
15.250000 1.639497 1.000000 0.143954 4.712389 0.400000 779.000000
15.500000 1.693692 1.000000 2.460905 4.712389 0.400000 779.000000
15.750000 1.748768 0.923077 3.884020 3.141593 0.400000 779.000000
16.000000 1.804725 0.660377 5.977692 3.141593 0.400000 779.000000
16.250000 1.861563 0.527344 8.347216 3.141593 0.400000 779.000000
16.500000 1.919282 0.500000 10.823619 3.141593 0.400000 779.000000
16.750000 1.977883 0.500000 12.324901 3.141593 0.400000 779.000000
17.000000 2.037365 0.520833 13.561187 3.141593 0.400000 779.000000
17.250000 2.097728 0.535714 14.630733 3.141593 0.400000 779.000000
17.500000 2.158972 0.526316 15.725546 3.141593 0.400000 779.000000
17.750000 2.221098 0.500000 16.801787 3.141593 0.400000 779.000000
18.000000 2.284105 0.562500 17.502252 3.141593 0.400000 779.000000
18.250000 2.347993 0.592105 18.475280 3.141593 0.400000 779.000000
18.500000 2.412762 0.489130 19.311534 3.141593 0.400000 779.000000
18.750000 2.478412 0.500000 20.094253 3.141593 0.400000 779.000000
19.000000 2.544944 0.500000 20.657550 3.141593 0.400000 779.000000
