6.000000 0.253789 1.189024 -1.742382 1.570796 0.400000 18.000000
6.250000 0.275379 1.058824 -1.745931 1.570796 0.400000 18.000000
6.500000 0.297850 1.220930 -1.787668 1.570796 0.400000 18.000000
6.750000 0.321202 1.348315 -1.748481 1.570796 0.400000 18.000000
7.000000 0.345436 1.424051 -1.743105 1.570796 0.400000 18.000000
7.250000 0.370550 1.262376 -1.713111 1.570796 0.400000 18.000000
7.500000 0.396546 1.136364 -1.763670 1.570796 0.400000 18.000000
7.750000 0.423423 1.318681 -1.886862 1.570796 0.400000 18.000000
8.000000 0.451181 0.500000 0.114747 1.570796 0.400000 18.000000
8.250000 0.479821 0.500000 1.201740 1.570796 0.400000 18.000000
8.500000 0.509341 0.500000 1.724622 1.570796 0.400000 18.000000
8.750000 0.539743 0.505865 1.985922 1.570796 0.400000 18.000000
9.000000 0.571026 0.508065 2.042284 1.570796 0.400000 18.000000
9.250000 0.603190 0.500000 1.923325 1.570796 0.400000 18.000000
9.500000 0.636236 0.500000 1.502935 1.570796 0.400000 18.000000
9.750000 0.670163 0.500000 2.284196 1.570796 0.400000 18.000000
10.000000 0.704971 0.500000 3.215267 1.570796 0.400000 18.000000
10.250000 0.740660 0.508475 3.859453 1.570796 0.400000 18.000000
10.500000 0.777230 0.518868 4.330205 1.570796 0.400000 18.000000
10.750000 0.814682 0.517241 4.669067 1.570796 0.400000 18.000000
11.000000 0.853014 0.500000 4.923963 1.570796 0.400000 18.000000
11.250000 0.892228 0.519231 5.041477 1.570796 0.400000 18.000000
11.500000 0.932324 0.500000 5.132336 1.570796 0.400000 18.000000
11.750000 0.973300 0.500000 5.099580 1.570796 0.400000 18.000000
12.000000 1.015158 0.515267 4.931405 1.570796 0.400000 18.000000
12.250000 1.057896 0.519231 4.732993 1.570796 0.400000 18.000000
12.500000 1.101516 0.510204 4.411736 1.570796 0.400000 18.000000
12.750000 1.146018 0.500000 3.986660 1.570796 0.400000 18.000000
13.000000 1.191400 0.500000 3.390187 1.570796 0.400000 18.000000
13.250000 1.237664 0.505952 2.560242 1.570796 0.400000 18.000000
13.500000 1.284809 0.500000 1.287954 1.570796 0.400000 18.000000
13.750000 1.332835 0.503049 -3.006701 1.570796 0.400000 18.000000
14.000000 1.381742 0.511364 -1.605720 1.570796 0.400000 18.000000
14.250000 1.431531 0.576923 -1.366444 1.570796 0.400000 18.000000
14.500000 1.482201 0.533175 -1.317356 1.570796 0.400000 18.000000
14.750000 1.533752 0.462085 -1.290102 1.570796 0.400000 18.000000
15.000000 1.586184 0.537849 -1.272742 1.570796 0.400000 18.000000
15.250000 1.639497 1.000000 0.522648 4.712389 0.400000 18.000000
15.500000 1.693692 0.843373 2.764466 3.141593 0.400000 18.000000
15.750000 1.748768 0.677711 5.154603 3.141593 0.400000 18.000000
16.000000 1.804725 0.858434 5.148494 3.141593 0.400000 18.000000
16.250000 1.861563 0.500000 9.478695 3.141593 0.400000 18.000000
16.500000 1.919282 0.535714 11.271444 3.141593 0.400000 18.000000
16.750000 1.977883 0.520833 12.614398 3.141593 0.400000 18.000000
17.000000 2.037365 0.535714 13.807960 3.141593 0.400000 18.000000
17.250000 2.097728 0.535714 14.795735 3.141593 0.400000 18.000000
17.500000 2.158972 0.526316 15.794261 3.141593 0.400000 18.000000
17.750000 2.221098 0.500000 16.778311 3.141593 0.400000 18.000000
18.000000 2.284105 0.548780 17.426796 3.141593 0.400000 18.000000
18.250000 2.347993 0.576923 18.223068 3.141593 0.400000 18.000000
18.500000 2.412762 0.576923 19.082059 3.141593 0.400000 18.000000
18.750000 2.478412 0.500000 19.847680 3.141593 0.400000 18.000000
19.000000 2.544944 0.500000 20.474838 3.141593 0.400000 18.000000
