6.000000 0.253789 1.265060 -1.747290 1.570796 0.400000 459.000000
6.250000 0.275379 1.607143 -1.791817 1.570796 0.400000 459.000000
6.500000 0.297850 1.465517 -1.760696 1.570796 0.400000 459.000000
6.750000 0.321202 1.363636 -1.723719 1.570796 0.400000 459.000000
7.000000 0.345436 1.637931 -1.782188 1.570796 0.400000 459.000000
7.250000 0.370550 1.236264 -1.735901 1.570796 0.400000 459.000000
7.500000 0.396546 1.081731 -1.639486 1.570796 0.400000 459.000000
7.750000 0.423423 1.436170 -1.794989 1.570796 0.400000 459.000000
8.000000 0.451181 1.237864 -1.820687 1.570796 0.400000 459.000000
8.250000 0.479821 1.025641 -1.611394 1.570796 0.400000 459.000000
8.500000 0.509341 0.512821 -2.086918 1.570796 0.400000 459.000000
8.750000 0.539743 0.500000 0.842764 1.570796 0.400000 459.000000
9.000000 0.571026 0.508475 1.898555 1.570796 0.400000 459.000000
9.250000 0.603190 0.508929 2.518085 1.570796 0.400000 459.000000
9.500000 0.636236 0.500000 2.894621 1.570796 0.400000 459.000000
9.750000 0.670163 0.500000 3.119249 1.570796 0.400000 459.000000
10.000000 0.704971 0.513158 3.211632 1.570796 0.400000 459.000000
10.250000 0.740660 0.515873 3.285043 1.570796 0.400000 459.000000
10.500000 0.777230 0.503049 3.903029 1.570796 0.400000 459.000000
10.750000 0.814682 0.503356 4.404120 1.570796 0.400000 459.000000
11.000000 0.853014 0.500000 4.693068 1.570796 0.400000 459.000000
11.250000 0.892228 0.500000 4.825461 1.570796 0.400000 459.000000
11.500000 0.932324 0.500000 4.836423 1.570796 0.400000 459.000000
11.750000 0.973300 0.517241 4.732751 1.570796 0.400000 459.000000
12.000000 1.015158 0.518868 4.524182 1.570796 0.400000 459.000000
12.250000 1.057896 0.500000 4.244451 1.570796 0.400000 459.000000
12.500000 1.101516 0.510471 3.794299 1.570796 0.400000 459.000000
12.750000 1.146018 0.509050 3.206893 1.570796 0.400000 459.000000
13.000000 1.191400 0.505051 2.373500 1.570796 0.400000 459.000000
13.250000 1.237664 0.500000 1.025785 1.570796 0.400000 459.000000
13.500000 1.284809 0.502232 -0.645891 1.570796 0.400000 459.000000
13.750000 1.332835 0.535714 -1.437380 1.570796 0.400000 459.000000
14.000000 1.381742 0.662983 -1.451767 1.570796 0.400000 459.000000
14.250000 1.431531 0.664062 -1.518508 1.570796 0.400000 459.000000
14.500000 1.482201 0.645933 -1.441960 1.570796 0.400000 459.000000
14.750000 1.533752 0.675355 -1.301352 1.570796 0.400000 459.000000
15.000000 1.586184 0.703125 -1.665038 1.570796 0.400000 459.000000
15.250000 1.639497 0.725806 -1.829339 4.712389 0.400000 459.000000
15.500000 1.693692 1.000000 1.226168 4.712389 0.400000 459.000000
15.750000 1.748768 1.000000 3.150682 4.712389 0.400000 459.000000
16.000000 1.804725 1.000000 4.205251 4.712389 0.400000 459.000000
16.250000 1.861563 0.750000 5.876097 3.141593 0.400000 459.000000
16.500000 1.919282 0.611111 8.237136 3.141593 0.400000 459.000000
16.750000 1.977883 0.519802 11.146007 3.141593 0.400000 459.000000
17.000000 2.037365 0.529412 12.650567 3.141593 0.400000 459.000000
17.250000 2.097728 0.500000 13.838542 3.141593 0.400000 459.000000
17.500000 2.158972 0.526316 15.058211 3.141593 0.400000 459.000000
17.750000 2.221098 0.517241 16.217355 3.141593 0.400000 459.000000
18.000000 2.284105 0.500000 17.304033 3.141593 0.400000 459.000000
18.250000 2.347993 0.548780 18.088439 3.141593 0.400000 459.000000
18.500000 2.412762 0.576923 19.046135 3.141593 0.400000 459.000000
18.750000 2.478412 0.608108 20.086869 3.141593 0.400000 459.000000
19.000000 2.544944 0.500000 20.835074 3.141593 0.400000 459.000000
