6.000000 0.253789 1.278409 -1.616446 1.570796 0.400000 273.000000
6.250000 0.275379 1.875000 -1.703291 1.570796 0.400000 273.000000
6.500000 0.297850 1.184211 -1.622342 1.570796 0.400000 273.000000
6.750000 0.321202 1.483516 -1.643379 1.570796 0.400000 273.000000
7.000000 0.345436 1.483516 -1.754239 1.570796 0.400000 273.000000
7.250000 0.370550 1.304348 -1.602851 1.570796 0.400000 273.000000
7.500000 0.396546 1.216216 -1.608150 1.570796 0.400000 273.000000
7.750000 0.423423 0.972222 -1.532565 1.570796 0.400000 273.000000
8.000000 0.451181 1.225962 -1.454976 1.570796 0.400000 273.000000
8.250000 0.479821 0.606618 -1.138902 1.570796 0.400000 273.000000
8.500000 0.509341 0.500000 0.487266 1.570796 0.400000 273.000000
8.750000 0.539743 0.500000 1.613700 1.570796 0.400000 273.000000
9.000000 0.571026 0.500000 2.046950 1.570796 0.400000 273.000000
9.250000 0.603190 0.498047 2.522214 1.570796 0.400000 273.000000
9.500000 0.636236 0.511364 2.781972 1.570796 0.400000 273.000000
9.750000 0.670163 0.500000 3.022105 1.570796 0.400000 273.000000
10.000000 0.704971 0.502793 3.267708 1.570796 0.400000 273.000000
10.250000 0.740660 0.514286 3.382752 1.570796 0.400000 273.000000
10.500000 0.777230 0.511364 3.350775 1.570796 0.400000 273.000000
10.750000 0.814682 0.507812 3.164502 1.570796 0.400000 273.000000
11.000000 0.853014 0.500000 2.829898 1.570796 0.400000 273.000000
11.250000 0.892228 0.505618 2.278489 1.570796 0.400000 273.000000
11.500000 0.932324 0.500000 1.436317 1.570796 0.400000 273.000000
11.750000 0.973300 0.500000 -0.485973 1.570796 0.400000 273.000000
12.000000 1.015158 0.541667 -0.852660 1.570796 0.400000 273.000000
12.250000 1.057896 0.500000 -1.265152 1.570796 0.400000 273.000000
12.500000 1.101516 0.541237 -1.216419 1.570796 0.400000 273.000000
12.750000 1.146018 0.561497 -1.323258 1.570796 0.400000 273.000000
13.000000 1.191400 0.459184 -1.371008 1.570796 0.400000 273.000000
13.250000 1.237664 0.505618 -1.452664 1.570796 0.400000 273.000000
13.500000 1.284809 0.538462 -1.351482 1.570796 0.400000 273.000000
13.750000 1.332835 0.502577 -1.480979 1.570796 0.400000 273.000000
14.000000 1.381742 0.504808 -1.456618 1.570796 0.400000 273.000000
14.250000 1.431531 0.507246 -1.434385 1.570796 0.400000 273.000000
14.500000 1.482201 0.576923 -1.492444 1.570796 0.400000 273.000000
14.750000 1.533752 0.508475 -1.365388 1.570796 0.400000 273.000000
15.000000 1.586184 0.517241 -1.486570 1.570796 0.400000 273.000000
15.250000 1.639497 0.500000 3.681821 3.141593 0.400000 273.000000
15.500000 1.693692 0.496324 6.038308 3.141593 0.400000 273.000000
15.750000 1.748768 0.495868 7.523554 3.141593 0.400000 273.000000
16.000000 1.804725 0.535714 8.905553 3.141593 0.400000 273.000000
16.250000 1.861563 0.495283 10.193843 3.141593 0.400000 273.000000
16.500000 1.919282 0.509709 11.347085 3.141593 0.400000 273.000000
16.750000 1.977883 0.541237 11.854441 3.141593 0.400000 273.000000
17.000000 2.037365 0.500000 14.095524 3.141593 0.400000 273.000000
17.250000 2.097728 0.500000 14.375891 3.141593 0.400000 273.000000
17.500000 2.158972 0.520833 15.151446 3.141593 0.400000 273.000000
17.750000 2.221098 0.535714 16.048970 3.141593 0.400000 273.000000
18.000000 2.284105 0.526316 17.079200 3.141593 0.400000 273.000000
18.250000 2.347993 0.500000 18.214232 3.141593 0.400000 273.000000
18.500000 2.412762 0.523256 19.080898 3.141593 0.400000 273.000000
18.750000 2.478412 0.548780 19.805573 3.141593 0.400000 273.000000
19.000000 2.544944 0.576923 20.716474 3.141593 0.400000 273.000000
