6.000000 0.253789 1.265060 -1.753011 1.570796 0.400000 394.000000
6.250000 0.275379 1.203704 -1.753138 1.570796 0.400000 394.000000
6.500000 0.297850 1.428571 -1.756252 1.570796 0.400000 394.000000
6.750000 0.321202 1.370968 -1.641495 1.570796 0.400000 394.000000
7.000000 0.345436 1.637931 -1.752345 1.570796 0.400000 394.000000
7.250000 0.370550 1.019417 -1.532566 1.570796 0.400000 394.000000
7.500000 0.396546 1.082474 -1.462124 1.570796 0.400000 394.000000
7.750000 0.423423 0.645161 -2.074884 1.570796 0.400000 394.000000
8.000000 0.451181 0.500000 0.207342 1.570796 0.400000 394.000000
8.250000 0.479821 0.500000 1.236178 1.570796 0.400000 394.000000
8.500000 0.509341 0.500000 1.739773 1.570796 0.400000 394.000000
8.750000 0.539743 0.508065 1.985643 1.570796 0.400000 394.000000
9.000000 0.571026 0.505618 2.033028 1.570796 0.400000 394.000000
9.250000 0.603190 0.500000 1.877365 1.570796 0.400000 394.000000
9.500000 0.636236 0.501859 2.260166 1.570796 0.400000 394.000000
9.750000 0.670163 0.501969 2.971677 1.570796 0.400000 394.000000
10.000000 0.704971 0.507246 3.575556 1.570796 0.400000 394.000000
10.250000 0.740660 0.517241 3.891318 1.570796 0.400000 394.000000
10.500000 0.777230 0.515625 4.089167 1.570796 0.400000 394.000000
10.750000 0.814682 0.512422 4.173366 1.570796 0.400000 394.000000
11.000000 0.853014 0.500000 4.159829 1.570796 0.400000 394.000000
11.250000 0.892228 0.512422 4.035625 1.570796 0.400000 394.000000
11.500000 0.932324 0.502793 3.802891 1.570796 0.400000 394.000000
11.750000 0.973300 0.513158 3.437095 1.570796 0.400000 394.000000
12.000000 1.015158 0.500000 2.918895 1.570796 0.400000 394.000000
12.250000 1.057896 0.500000 2.138299 1.570796 0.400000 394.000000
12.500000 1.101516 0.500000 0.863722 1.570796 0.400000 394.000000
12.750000 1.146018 0.468750 -0.476713 1.570796 0.400000 394.000000
13.000000 1.191400 0.617647 -1.712082 1.570796 0.400000 394.000000
13.250000 1.237664 0.701754 -1.413669 1.570796 0.400000 394.000000
13.500000 1.284809 0.611413 -1.421373 1.570796 0.400000 394.000000
13.750000 1.332835 0.494924 -1.383089 1.570796 0.400000 394.000000
14.000000 1.381742 0.612245 -1.475240 1.570796 0.400000 394.000000
14.250000 1.431531 0.824176 -1.644522 1.570796 0.400000 394.000000
14.500000 1.482201 0.708955 -1.574796 1.570796 0.400000 394.000000
14.750000 1.533752 0.739437 -1.478554 1.570796 0.400000 394.000000
15.000000 1.586184 0.646552 -1.554512 1.570796 0.400000 394.000000
15.250000 1.639497 1.000000 1.752130 4.712389 0.400000 394.000000
15.500000 1.693692 0.497449 4.048398 3.141593 0.400000 394.000000
15.750000 1.748768 0.496324 6.262227 3.141593 0.400000 394.000000
16.000000 1.804725 0.500000 8.014248 3.141593 0.400000 394.000000
16.250000 1.861563 0.495283 9.555473 3.141593 0.400000 394.000000
16.500000 1.919282 0.540541 10.707095 3.141593 0.400000 394.000000
16.750000 1.977883 0.511364 12.629166 3.141593 0.400000 394.000000
17.000000 2.037365 0.520833 13.821620 3.141593 0.400000 394.000000
17.250000 2.097728 0.528169 14.825250 3.141593 0.400000 394.000000
17.500000 2.158972 0.535714 15.714973 3.141593 0.400000 394.000000
17.750000 2.221098 0.526316 16.573341 3.141593 0.400000 394.000000
18.000000 2.284105 0.500000 17.602983 3.141593 0.400000 394.000000
18.250000 2.347993 0.535714 18.190056 3.141593 0.400000 394.000000
18.500000 2.412762 0.576923 18.874599 3.141593 0.400000 394.000000
18.750000 2.478412 0.576923 19.612790 3.141593 0.400000 394.000000
19.000000 2.544944 0.592105 20.285562 3.141593 0.400000 394.000000
