6.000000 0.253789 1.168831 -1.768518 1.570796 0.400000 799.000000
6.250000 0.275379 1.379310 -1.659279 1.570796 0.400000 799.000000
6.500000 0.297850 1.323529 -1.757008 1.570796 0.400000 799.000000
6.750000 0.321202 1.619318 -1.798665 1.570796 0.400000 799.000000
7.000000 0.345436 1.308140 -1.739842 1.570796 0.400000 799.000000
7.250000 0.370550 1.179775 -1.926086 1.570796 0.400000 799.000000
7.500000 0.396546 1.336634 -1.371746 1.570796 0.400000 799.000000
7.750000 0.423423 0.505618 -1.661254 1.570796 0.400000 799.000000
8.000000 0.451181 0.500000 0.517871 1.570796 0.400000 799.000000
8.250000 0.479821 0.500000 1.335877 1.570796 0.400000 799.000000
8.500000 0.509341 0.500000 1.747144 1.570796 0.400000 799.000000
8.750000 0.539743 0.500000 1.925396 1.570796 0.400000 799.000000
9.000000 0.571026 0.508929 1.895172 1.570796 0.400000 799.000000
9.250000 0.603190 0.500000 1.677223 1.570796 0.400000 799.000000
9.500000 0.636236 0.502793 1.385853 1.570796 0.400000 799.000000
9.750000 0.670163 0.500000 2.664918 1.570796 0.400000 799.000000
10.000000 0.704971 0.500000 3.413877 1.570796 0.400000 799.000000
10.250000 0.740660 0.510471 3.943808 1.570796 0.400000 799.000000
10.500000 0.777230 0.500000 4.325711 1.570796 0.400000 799.000000
10.750000 0.814682 0.515625 4.573739 1.570796 0.400000 799.000000
11.000000 0.853014 0.513699 4.733474 1.570796 0.400000 799.000000
11.250000 0.892228 0.517241 4.789439 1.570796 0.400000 799.000000
11.500000 0.932324 0.517241 4.758416 1.570796 0.400000 799.000000
11.750000 0.973300 0.500000 4.657998 1.570796 0.400000 799.000000
12.000000 1.015158 0.518868 4.413732 1.570796 0.400000 799.000000
12.250000 1.057896 0.500000 4.082607 1.570796 0.400000 799.000000
12.500000 1.101516 0.500000 3.632294 1.570796 0.400000 799.000000
12.750000 1.146018 0.500000 2.983141 1.570796 0.400000 799.000000
13.000000 1.191400 0.504202 2.042158 1.570796 0.400000 799.000000
13.250000 1.237664 0.500000 0.366689 1.570796 0.400000 799.000000
13.500000 1.284809 0.637500 -0.968971 1.570796 0.400000 799.000000
13.750000 1.332835 0.597015 -1.287314 1.570796 0.400000 799.000000
14.000000 1.381742 0.685976 -1.549081 1.570796 0.400000 799.000000
14.250000 1.431531 0.721154 -1.379125 1.570796 0.400000 799.000000
14.500000 1.482201 0.704225 -1.523461 1.570796 0.400000 799.000000
14.750000 1.533752 0.753589 -1.721847 1.570796 0.400000 799.000000
15.000000 1.586184 0.826531 -1.555207 1.570796 0.400000 799.000000
15.250000 1.639497 1.000000 0.340124 4.712389 0.400000 799.000000
15.500000 1.693692 1.000000 2.320125 4.712389 0.400000 799.000000
15.750000 1.748768 0.646552 4.640831 3.141593 0.400000 799.000000
16.000000 1.804725 0.658784 6.436842 3.141593 0.400000 799.000000
16.250000 1.861563 0.535714 8.738675 3.141593 0.400000 799.000000
16.500000 1.919282 0.500000 11.077030 3.141593 0.400000 799.000000
16.750000 1.977883 0.500000 12.518063 3.141593 0.400000 799.000000
17.000000 2.037365 0.520833 13.699626 3.141593 0.400000 799.000000
17.250000 2.097728 0.526316 14.723248 3.141593 0.400000 799.000000
17.500000 2.158972 0.517241 15.735012 3.141593 0.400000 799.000000
17.750000 2.221098 0.500000 16.808220 3.141593 0.400000 799.000000
18.000000 2.284105 0.548780 17.441362 3.141593 0.400000 799.000000
18.250000 2.347993 0.562500 18.300703 3.141593 0.400000 799.000000
18.500000 2.412762 0.592105 19.087388 3.141593 0.400000 799.000000
18.750000 2.478412 0.588235 19.921500 3.141593 0.400000 799.000000
19.000000 2.544944 0.500000 20.549995 3.141593 0.400000 799.000000
