6.000000 0.253789 0.806452 -1.600239 1.570796 0.400000 898.000000
6.250000 0.275379 0.773196 -1.567774 1.570796 0.400000 898.000000
6.500000 0.297850 0.741758 -1.622846 1.570796 0.400000 898.000000
6.750000 0.321202 0.733696 -1.667190 1.570796 0.400000 898.000000
7.000000 0.345436 0.703125 -1.683303 1.570796 0.400000 898.000000
7.250000 0.370550 0.735294 -1.567047 1.570796 0.400000 898.000000
7.500000 0.396546 0.636792 -1.450854 1.570796 0.400000 898.000000
7.750000 0.423423 0.619266 -1.544953 1.570796 0.400000 898.000000
8.000000 0.451181 0.500000 0.338194 1.570796 0.400000 898.000000
8.250000 0.479821 0.500000 1.276623 1.570796 0.400000 898.000000
8.500000 0.509341 0.500000 1.741502 1.570796 0.400000 898.000000
8.750000 0.539743 0.507042 1.932344 1.570796 0.400000 898.000000
9.000000 0.571026 0.500000 1.746507 1.570796 0.400000 898.000000
9.250000 0.603190 0.500000 2.410735 1.570796 0.400000 898.000000
9.500000 0.636236 0.512821 2.889148 1.570796 0.400000 898.000000
9.750000 0.670163 0.513158 3.182861 1.570796 0.400000 898.000000
10.000000 0.704971 0.500000 3.347831 1.570796 0.400000 898.000000
10.250000 0.740660 0.517241 3.344329 1.570796 0.400000 898.000000
10.500000 0.777230 0.511364 3.235460 1.570796 0.400000 898.000000
10.750000 0.814682 0.510471 2.987773 1.570796 0.400000 898.000000
11.000000 0.853014 0.509050 2.590558 1.570796 0.400000 898.000000
11.250000 0.892228 0.507117 1.969011 1.570796 0.400000 898.000000
11.500000 0.932324 0.500000 0.925960 1.570796 0.400000 898.000000
11.750000 0.973300 0.491071 -2.643752 1.570796 0.400000 898.000000
12.000000 1.015158 0.477707 -1.249498 1.570796 0.400000 898.000000
12.250000 1.057896 0.453297 -1.281794 1.570796 0.400000 898.000000
12.500000 1.101516 0.450000 -1.585672 1.570796 0.400000 898.000000
12.750000 1.146018 0.441176 -1.419048 1.570796 0.400000 898.000000
13.000000 1.191400 0.455801 -1.362629 1.570796 0.400000 898.000000
13.250000 1.237664 0.448370 -1.564300 1.570796 0.400000 898.000000
13.500000 1.284809 0.409836 -1.270651 1.570796 0.400000 898.000000
13.750000 1.332835 0.384615 -1.324728 1.570796 0.400000 898.000000
14.000000 1.381742 0.521739 -1.020813 1.570796 0.400000 898.000000
14.250000 1.431531 0.373134 -1.563192 1.570796 0.400000 898.000000
14.500000 1.482201 0.411585 -1.666430 1.570796 0.400000 898.000000
14.750000 1.533752 0.500000 -0.421614 3.141593 0.400000 898.000000
15.000000 1.586184 0.500000 4.159206 3.141593 0.400000 898.000000
15.250000 1.639497 0.496324 6.218548 3.141593 0.400000 898.000000
15.500000 1.693692 0.500000 7.812961 3.141593 0.400000 898.000000
15.750000 1.748768 0.509709 9.303700 3.141593 0.400000 898.000000
16.000000 1.804725 0.500000 10.543295 3.141593 0.400000 898.000000
16.250000 1.861563 0.517241 11.629337 3.141593 0.400000 898.000000
16.500000 1.919282 0.519802 12.369006 3.141593 0.400000 898.000000
16.750000 1.977883 0.500000 13.695657 3.141593 0.400000 898.000000
17.000000 2.037365 0.535714 14.357914 3.141593 0.400000 898.000000
17.250000 2.097728 0.551471 15.046873 3.141593 0.400000 898.000000
17.500000 2.158972 0.566038 15.766016 3.141593 0.400000 898.000000
17.750000 2.221098 0.535714 16.427654 3.141593 0.400000 898.000000
18.000000 2.284105 0.500000 17.416290 3.141593 0.400000 898.000000
18.250000 2.347993 0.511364 18.175611 3.141593 0.400000 898.000000
18.500000 2.412762 0.548780 18.800060 3.141593 0.400000 898.000000
18.750000 2.478412 0.562500 19.497560 3.141593 0.400000 898.000000
19.000000 2.544944 0.576923 20.274787 3.141593 0.400000 898.000000
