6.000000 0.253789 1.018519 -1.720540 1.570796 0.400000 745.000000
6.250000 0.275379 1.000000 -1.767043 1.570796 0.400000 745.000000
6.500000 0.297850 0.882353 -1.822727 1.570796 0.400000 745.000000
6.750000 0.321202 1.022727 -1.714165 1.570796 0.400000 745.000000
7.000000 0.345436 1.139241 -1.833662 1.570796 0.400000 745.000000
7.250000 0.370550 1.000000 -1.659040 1.570796 0.400000 745.000000
7.500000 0.396546 1.071429 -1.786813 1.570796 0.400000 745.000000
7.750000 0.423423 0.911215 -1.164642 1.570796 0.400000 745.000000
8.000000 0.451181 0.503049 -0.912534 1.570796 0.400000 745.000000
8.250000 0.479821 0.500000 0.938396 1.570796 0.400000 745.000000
8.500000 0.509341 0.505618 1.644286 1.570796 0.400000 745.000000
8.750000 0.539743 0.500000 2.023080 1.570796 0.400000 745.000000
9.000000 0.571026 0.500000 2.190522 1.570796 0.400000 745.000000
9.250000 0.603190 0.500000 2.176302 1.570796 0.400000 745.000000
9.500000 0.636236 0.500000 2.051857 1.570796 0.400000 745.000000
9.750000 0.670163 0.502092 2.759525 1.570796 0.400000 745.000000
10.000000 0.704971 0.502232 3.430215 1.570796 0.400000 745.000000
10.250000 0.740660 0.502392 3.695893 1.570796 0.400000 745.000000
10.500000 0.777230 0.500000 3.750342 1.570796 0.400000 745.000000
10.750000 0.814682 0.511364 3.675033 1.570796 0.400000 745.000000
11.000000 0.853014 0.507519 3.482040 1.570796 0.400000 745.000000
11.250000 0.892228 0.508850 3.164769 1.570796 0.400000 745.000000
11.500000 0.932324 0.500000 2.678684 1.570796 0.400000 745.000000
11.750000 0.973300 0.500000 1.938139 1.570796 0.400000 745.000000
12.000000 1.015158 0.500000 0.608067 1.570796 0.400000 745.000000
12.250000 1.057896 0.597826 -1.702260 1.570796 0.400000 745.000000
12.500000 1.101516 0.667808 -1.547051 1.570796 0.400000 745.000000
12.750000 1.146018 0.552147 -1.714907 1.570796 0.400000 745.000000
13.000000 1.191400 0.706522 -1.721205 1.570796 0.400000 745.000000
13.250000 1.237664 0.632530 -1.630227 1.570796 0.400000 745.000000
13.500000 1.284809 0.628743 -1.728726 1.570796 0.400000 745.000000
13.750000 1.332835 0.532544 -1.569924 1.570796 0.400000 745.000000
14.000000 1.381742 0.628492 -1.744557 1.570796 0.400000 745.000000
14.250000 1.431531 0.634328 -1.208854 1.570796 0.400000 745.000000
14.500000 1.482201 0.662983 -1.800414 1.570796 0.400000 745.000000
14.750000 1.533752 0.653846 -1.690559 1.570796 0.400000 745.000000
15.000000 1.586184 0.613636 -1.502929 1.570796 0.400000 745.000000
15.250000 1.639497 1.000000 0.150451 4.712389 0.400000 745.000000
15.500000 1.693692 0.998201 2.295737 4.712389 0.400000 745.000000
15.750000 1.748768 0.997340 3.814744 3.141593 0.400000 745.000000
16.000000 1.804725 0.500000 5.739078 3.141593 0.400000 745.000000
16.250000 1.861563 0.500000 8.195669 3.141593 0.400000 745.000000
16.500000 1.919282 0.509709 10.169469 3.141593 0.400000 745.000000
16.750000 1.977883 0.514706 11.884689 3.141593 0.400000 745.000000
17.000000 2.037365 0.517241 13.207047 3.141593 0.400000 745.000000
17.250000 2.097728 0.520833 14.347649 3.141593 0.400000 745.000000
17.500000 2.158972 0.543478 15.486586 3.141593 0.400000 745.000000
17.750000 2.221098 0.566038 16.494544 3.141593 0.400000 745.000000
18.000000 2.284105 0.535714 17.355266 3.141593 0.400000 745.000000
18.250000 2.347993 0.500000 18.397195 3.141593 0.400000 745.000000
18.500000 2.412762 0.535714 19.111090 3.141593 0.400000 745.000000
18.750000 2.478412 0.562500 19.848094 3.141593 0.400000 745.000000
19.000000 2.544944 0.576923 20.644866 3.141593 0.400000 745.000000
