6.000000 0.253789 0.843750 -1.708851 1.570796 0.400000 142.000000
6.250000 0.275379 0.852273 -1.668405 1.570796 0.400000 142.000000
6.500000 0.297850 0.784884 -1.666239 1.570796 0.400000 142.000000
6.750000 0.321202 0.892857 -1.772762 1.570796 0.400000 142.000000
7.000000 0.345436 0.868421 -1.700494 1.570796 0.400000 142.000000
7.250000 0.370550 1.060606 -1.769605 1.570796 0.400000 142.000000
7.500000 0.396546 0.721154 -1.572886 1.570796 0.400000 142.000000
7.750000 0.423423 1.019417 -1.413826 1.570796 0.400000 142.000000
8.000000 0.451181 0.552632 -2.119888 1.570796 0.400000 142.000000
8.250000 0.479821 0.500000 0.361781 1.570796 0.400000 142.000000
8.500000 0.509341 0.500000 1.416429 1.570796 0.400000 142.000000
8.750000 0.539743 0.500000 1.966133 1.570796 0.400000 142.000000
9.000000 0.571026 0.500000 2.267305 1.570796 0.400000 142.000000
9.250000 0.603190 0.500000 2.383956 1.570796 0.400000 142.000000
9.500000 0.636236 0.508475 2.323861 1.570796 0.400000 142.000000
9.750000 0.670163 0.500000 2.196920 1.570796 0.400000 142.000000
10.000000 0.704971 0.502392 3.223262 1.570796 0.400000 142.000000
10.250000 0.740660 0.500000 3.905253 1.570796 0.400000 142.000000
10.500000 0.777230 0.500000 4.196927 1.570796 0.400000 142.000000
10.750000 0.814682 0.500000 4.338912 1.570796 0.400000 142.000000
11.000000 0.853014 0.518868 4.364245 1.570796 0.400000 142.000000
11.250000 0.892228 0.509259 4.306718 1.570796 0.400000 142.000000
11.500000 0.932324 0.511364 4.126895 1.570796 0.400000 142.000000
11.750000 0.973300 0.513158 3.850261 1.570796 0.400000 142.000000
12.000000 1.015158 0.512195 3.445620 1.570796 0.400000 142.000000
12.250000 1.057896 0.500000 2.861449 1.570796 0.400000 142.000000
12.500000 1.101516 0.500000 2.003153 1.570796 0.400000 142.000000
12.750000 1.146018 0.500000 0.487553 1.570796 0.400000 142.000000
13.000000 1.191400 0.541237 -1.001236 1.570796 0.400000 142.000000
13.250000 1.237664 0.567568 -1.525527 1.570796 0.400000 142.000000
13.500000 1.284809 0.668790 -1.658297 1.570796 0.400000 142.000000
13.750000 1.332835 0.500000 -1.318502 1.570796 0.400000 142.000000
14.000000 1.381742 0.502577 -1.282739 1.570796 0.400000 142.000000
14.250000 1.431531 0.546117 -1.319406 1.570796 0.400000 142.000000
14.500000 1.482201 0.560748 -1.446061 1.570796 0.400000 142.000000
14.750000 1.533752 0.454545 -1.563471 1.570796 0.400000 142.000000
15.000000 1.586184 0.627615 -1.657725 1.570796 0.400000 142.000000
15.250000 1.639497 1.000000 0.465691 4.712389 0.400000 142.000000
15.500000 1.693692 0.714286 3.707521 3.141593 0.400000 142.000000
15.750000 1.748768 0.736196 5.453128 3.141593 0.400000 142.000000
16.000000 1.804725 0.512821 8.481520 3.141593 0.400000 142.000000
16.250000 1.861563 0.494505 10.331619 3.141593 0.400000 142.000000
16.500000 1.919282 0.500000 11.778970 3.141593 0.400000 142.000000
16.750000 1.977883 0.500000 12.899688 3.141593 0.400000 142.000000
17.000000 2.037365 0.500000 13.975903 3.141593 0.400000 142.000000
17.250000 2.097728 0.576923 15.000850 3.141593 0.400000 142.000000
17.500000 2.158972 0.535714 15.833833 3.141593 0.400000 142.000000
17.750000 2.221098 0.500000 16.796010 3.141593 0.400000 142.000000
18.000000 2.284105 0.562500 17.444815 3.141593 0.400000 142.000000
18.250000 2.347993 0.576923 18.270702 3.141593 0.400000 142.000000
18.500000 2.412762 0.576923 19.148867 3.141593 0.400000 142.000000
18.750000 2.478412 0.500000 19.935006 3.141593 0.400000 142.000000
19.000000 2.544944 0.500000 20.577944 3.141593 0.400000 142.000000
