6.000000 0.253789 1.147059 -1.684932 1.570796 0.400000 875.000000
6.250000 0.275379 1.125000 -1.813911 1.570796 0.400000 875.000000
6.500000 0.297850 1.355422 -1.834473 1.570796 0.400000 875.000000
6.750000 0.321202 1.293103 -1.738398 1.570796 0.400000 875.000000
7.000000 0.345436 1.220930 -1.848554 1.570796 0.400000 875.000000
7.250000 0.370550 1.015625 -1.713960 1.570796 0.400000 875.000000
7.500000 0.396546 0.906593 -1.837254 1.570796 0.400000 875.000000
7.750000 0.423423 1.102941 -1.429249 1.570796 0.400000 875.000000
8.000000 0.451181 0.503356 -0.973229 1.570796 0.400000 875.000000
8.250000 0.479821 0.500000 0.897160 1.570796 0.400000 875.000000
8.500000 0.509341 0.500000 1.608159 1.570796 0.400000 875.000000
8.750000 0.539743 0.500000 1.987209 1.570796 0.400000 875.000000
9.000000 0.571026 0.500000 2.148104 1.570796 0.400000 875.000000
9.250000 0.603190 0.511364 2.126809 1.570796 0.400000 875.000000
9.500000 0.636236 0.508929 1.998753 1.570796 0.400000 875.000000
9.750000 0.670163 0.505618 2.434034 1.570796 0.400000 875.000000
10.000000 0.704971 0.509709 3.540106 1.570796 0.400000 875.000000
10.250000 0.740660 0.507812 3.910733 1.570796 0.400000 875.000000
10.500000 0.777230 0.500000 4.111989 1.570796 0.400000 875.000000
10.750000 0.814682 0.500000 4.201330 1.570796 0.400000 875.000000
11.000000 0.853014 0.511364 4.179337 1.570796 0.400000 875.000000
11.250000 0.892228 0.507812 4.059089 1.570796 0.400000 875.000000
11.500000 0.932324 0.514706 3.825960 1.570796 0.400000 875.000000
11.750000 0.973300 0.500000 3.473425 1.570796 0.400000 875.000000
12.000000 1.015158 0.500000 2.960369 1.570796 0.400000 875.000000
12.250000 1.057896 0.505865 2.197670 1.570796 0.400000 875.000000
12.500000 1.101516 0.500000 0.965249 1.570796 0.400000 875.000000
12.750000 1.146018 0.650000 -1.920387 1.570796 0.400000 875.000000
13.000000 1.191400 0.736196 -1.633354 1.570796 0.400000 875.000000
13.250000 1.237664 0.712291 -1.603296 1.570796 0.400000 875.000000
13.500000 1.284809 0.538674 -1.628873 1.570796 0.400000 875.000000
13.750000 1.332835 0.607143 -1.049685 1.570796 0.400000 875.000000
14.000000 1.381742 0.697674 -0.923960 1.570796 0.400000 875.000000
14.250000 1.431531 0.662983 -1.695671 1.570796 0.400000 875.000000
14.500000 1.482201 0.750000 -1.448557 1.570796 0.400000 875.000000
14.750000 1.533752 0.750000 -1.687790 1.570796 0.400000 875.000000
15.000000 1.586184 0.759494 -1.911804 4.712389 0.400000 875.000000
15.250000 1.639497 0.807365 1.043069 3.141593 0.400000 875.000000
15.500000 1.693692 0.650510 4.142081 3.141593 0.400000 875.000000
15.750000 1.748768 0.768072 5.194992 3.141593 0.400000 875.000000
16.000000 1.804725 0.500000 8.720591 3.141593 0.400000 875.000000
16.250000 1.861563 0.500000 10.621250 3.141593 0.400000 875.000000
16.500000 1.919282 0.523256 12.068186 3.141593 0.400000 875.000000
16.750000 1.977883 0.551471 13.227623 3.141593 0.400000 875.000000
17.000000 2.037365 0.535714 14.214928 3.141593 0.400000 875.000000
17.250000 2.097728 0.535714 15.045695 3.141593 0.400000 875.000000
17.500000 2.158972 0.500000 15.867913 3.141593 0.400000 875.000000
17.750000 2.221098 0.500000 16.887738 3.141593 0.400000 875.000000
18.000000 2.284105 0.535714 17.508752 3.141593 0.400000 875.000000
18.250000 2.347993 0.562500 18.255216 3.141593 0.400000 875.000000
18.500000 2.412762 0.576923 19.063792 3.141593 0.400000 875.000000
18.750000 2.478412 0.588235 19.970975 3.141593 0.400000 875.000000
19.000000 2.544944 0.500000 20.660330 3.141593 0.400000 875.000000
