6.000000 0.253789 1.100000 -1.829371 1.570796 0.400000 262.000000
6.250000 0.275379 1.300000 -1.824847 1.570796 0.400000 262.000000
6.500000 0.297850 1.133721 -1.772495 1.570796 0.400000 262.000000
6.750000 0.321202 1.046512 -1.788645 1.570796 0.400000 262.000000
7.000000 0.345436 1.011236 -1.779244 1.570796 0.400000 262.000000
7.250000 0.370550 1.159794 -1.790676 1.570796 0.400000 262.000000
7.500000 0.396546 0.594059 -1.711018 1.570796 0.400000 262.000000
7.750000 0.423423 1.015625 -1.828638 1.570796 0.400000 262.000000
8.000000 0.451181 0.636792 -1.451697 1.570796 0.400000 262.000000
8.250000 0.479821 0.505618 -0.982307 1.570796 0.400000 262.000000
8.500000 0.509341 0.500000 1.074179 1.570796 0.400000 262.000000
8.750000 0.539743 0.507353 1.850537 1.570796 0.400000 262.000000
9.000000 0.571026 0.509709 2.294806 1.570796 0.400000 262.000000
9.250000 0.603190 0.500000 2.540136 1.570796 0.400000 262.000000
9.500000 0.636236 0.497925 2.583873 1.570796 0.400000 262.000000
9.750000 0.670163 0.509050 2.611031 1.570796 0.400000 262.000000
10.000000 0.704971 0.500000 2.301859 1.570796 0.400000 262.000000
10.250000 0.740660 0.500000 3.853697 1.570796 0.400000 262.000000
10.500000 0.777230 0.500000 4.281049 1.570796 0.400000 262.000000
10.750000 0.814682 0.517241 4.509468 1.570796 0.400000 262.000000
11.000000 0.853014 0.510204 4.624739 1.570796 0.400000 262.000000
11.250000 0.892228 0.510204 4.646261 1.570796 0.400000 262.000000
11.500000 0.932324 0.500000 4.582039 1.570796 0.400000 262.000000
11.750000 0.973300 0.510204 4.408650 1.570796 0.400000 262.000000
12.000000 1.015158 0.518868 4.128214 1.570796 0.400000 262.000000
12.250000 1.057896 0.511364 3.728986 1.570796 0.400000 262.000000
12.500000 1.101516 0.500000 3.179278 1.570796 0.400000 262.000000
12.750000 1.146018 0.507117 2.376984 1.570796 0.400000 262.000000
13.000000 1.191400 0.500000 1.103880 1.570796 0.400000 262.000000
13.250000 1.237664 0.490196 -2.715574 1.570796 0.400000 262.000000
13.500000 1.284809 0.500000 -1.356270 1.570796 0.400000 262.000000
13.750000 1.332835 0.455801 -1.471016 1.570796 0.400000 262.000000
14.000000 1.381742 0.538462 -1.407496 1.570796 0.400000 262.000000
14.250000 1.431531 0.443548 -1.552726 1.570796 0.400000 262.000000
14.500000 1.482201 0.532995 -1.570940 1.570796 0.400000 262.000000
14.750000 1.533752 0.587558 -1.442555 1.570796 0.400000 262.000000
15.000000 1.586184 0.785714 -1.742932 1.570796 0.400000 262.000000
15.250000 1.639497 0.732422 -1.818612 4.712389 0.400000 262.000000
15.500000 1.693692 1.000000 1.991462 4.712389 0.400000 262.000000
15.750000 1.748768 1.000000 3.260256 4.712389 0.400000 262.000000
16.000000 1.804725 1.000000 4.163767 4.712389 0.400000 262.000000
16.250000 1.861563 0.700000 6.028197 3.141593 0.400000 262.000000
16.500000 1.919282 0.508475 9.099912 3.141593 0.400000 262.000000
16.750000 1.977883 0.500000 11.226920 3.141593 0.400000 262.000000
17.000000 2.037365 0.500000 12.716685 3.141593 0.400000 262.000000
17.250000 2.097728 0.528169 14.009409 3.141593 0.400000 262.000000
17.500000 2.158972 0.545455 15.122053 3.141593 0.400000 262.000000
17.750000 2.221098 0.535714 16.257158 3.141593 0.400000 262.000000
18.000000 2.284105 0.500000 17.387815 3.141593 0.400000 262.000000
18.250000 2.347993 0.562500 18.160337 3.141593 0.400000 262.000000
18.500000 2.412762 0.500000 19.202869 3.141593 0.400000 262.000000
18.750000 2.478412 0.500000 20.078914 3.141593 0.400000 262.000000
19.000000 2.544944 0.500000 20.713685 3.141593 0.400000 262.000000
