6.000000 0.253789 1.800000 -1.785716 1.570796 0.400000 717.000000
6.250000 0.275379 1.578947 -1.670776 1.570796 0.400000 717.000000
6.500000 0.297850 1.416667 -1.743229 1.570796 0.400000 717.000000
6.750000 0.321202 1.551724 -1.722649 1.570796 0.400000 717.000000
7.000000 0.345436 1.465517 -1.754035 1.570796 0.400000 717.000000
7.250000 0.370550 1.356383 -1.692032 1.570796 0.400000 717.000000
7.500000 0.396546 1.237113 -1.878971 1.570796 0.400000 717.000000
7.750000 0.423423 1.350000 -1.398592 1.570796 0.400000 717.000000
8.000000 0.451181 0.504202 -1.376829 1.570796 0.400000 717.000000
8.250000 0.479821 0.500000 0.800944 1.570796 0.400000 717.000000
8.500000 0.509341 0.500000 1.593918 1.570796 0.400000 717.000000
8.750000 0.539743 0.500000 2.023172 1.570796 0.400000 717.000000
9.000000 0.571026 0.509434 2.216814 1.570796 0.400000 717.000000
9.250000 0.603190 0.507968 2.256766 1.570796 0.400000 717.000000
9.500000 0.636236 0.500000 2.128602 1.570796 0.400000 717.000000
9.750000 0.670163 0.502232 2.885898 1.570796 0.400000 717.000000
10.000000 0.704971 0.512195 3.389303 1.570796 0.400000 717.000000
10.250000 0.740660 0.507812 3.531318 1.570796 0.400000 717.000000
10.500000 0.777230 0.510471 3.501601 1.570796 0.400000 717.000000
10.750000 0.814682 0.512195 3.338443 1.570796 0.400000 717.000000
11.000000 0.853014 0.500000 3.052651 1.570796 0.400000 717.000000
11.250000 0.892228 0.507519 2.587479 1.570796 0.400000 717.000000
11.500000 0.932324 0.500000 1.883498 1.570796 0.400000 717.000000
11.750000 0.973300 0.500000 0.653824 1.570796 0.400000 717.000000
12.000000 1.015158 0.551471 -2.210386 1.570796 0.400000 717.000000
12.250000 1.057896 0.681818 -1.515581 1.570796 0.400000 717.000000
12.500000 1.101516 0.727273 -1.514591 1.570796 0.400000 717.000000
12.750000 1.146018 0.896226 -1.613418 1.570796 0.400000 717.000000
13.000000 1.191400 0.813253 -1.525380 1.570796 0.400000 717.000000
13.250000 1.237664 0.772727 -1.653958 1.570796 0.400000 717.000000
13.500000 1.284809 0.712291 -1.564730 1.570796 0.400000 717.000000
13.750000 1.332835 0.704420 -1.615102 1.570796 0.400000 717.000000
14.000000 1.381742 0.655738 -1.534120 1.570796 0.400000 717.000000
14.250000 1.431531 0.746269 -1.524437 1.570796 0.400000 717.000000
14.500000 1.482201 0.746269 -1.448070 1.570796 0.400000 717.000000
14.750000 1.533752 0.808824 -1.606200 1.570796 0.400000 717.000000
15.000000 1.586184 0.807175 -1.615165 1.570796 0.400000 717.000000
15.250000 1.639497 0.500000 1.308803 3.141593 0.400000 717.000000
15.500000 1.693692 0.497238 4.867876 3.141593 0.400000 717.000000
15.750000 1.748768 0.496324 6.607754 3.141593 0.400000 717.000000
16.000000 1.804725 0.557851 7.981751 3.141593 0.400000 717.000000
16.250000 1.861563 0.495283 8.803095 3.141593 0.400000 717.000000
16.500000 1.919282 0.500000 9.307254 3.141593 0.400000 717.000000
16.750000 1.977883 0.529412 12.672317 3.141593 0.400000 717.000000
17.000000 2.037365 0.500000 14.082916 3.141593 0.400000 717.000000
17.250000 2.097728 0.520833 14.948730 3.141593 0.400000 717.000000
17.500000 2.158972 0.517241 15.825070 3.141593 0.400000 717.000000
17.750000 2.221098 0.500000 16.527126 3.141593 0.400000 717.000000
18.000000 2.284105 0.566038 17.378574 3.141593 0.400000 717.000000
18.250000 2.347993 0.523256 18.299589 3.141593 0.400000 717.000000
18.500000 2.412762 0.562500 18.919028 3.141593 0.400000 717.000000
18.750000 2.478412 0.562500 19.695554 3.141593 0.400000 717.000000
19.000000 2.544944 0.576923 20.467994 3.141593 0.400000 717.000000
