6.000000 0.253789 0.872093 -1.600616 1.570796 0.400000 276.000000
6.250000 0.275379 0.961538 -1.708986 1.570796 0.400000 276.000000
6.500000 0.297850 1.022727 -1.641277 1.570796 0.400000 276.000000
6.750000 0.321202 1.031250 -1.664947 1.570796 0.400000 276.000000
7.000000 0.345436 0.967742 -1.712985 1.570796 0.400000 276.000000
7.250000 0.370550 0.815217 -1.639542 1.570796 0.400000 276.000000
7.500000 0.396546 0.818182 -1.545196 1.570796 0.400000 276.000000
7.750000 0.423423 0.750000 -1.590488 1.570796 0.400000 276.000000
8.000000 0.451181 1.029412 -1.505689 1.570796 0.400000 276.000000
8.250000 0.479821 0.551471 -0.825649 1.570796 0.400000 276.000000
8.500000 0.509341 0.500000 0.257340 1.570796 0.400000 276.000000
8.750000 0.539743 0.500000 1.532246 1.570796 0.400000 276.000000
9.000000 0.571026 0.500000 2.200104 1.570796 0.400000 276.000000
9.250000 0.603190 0.507968 2.597614 1.570796 0.400000 276.000000
9.500000 0.636236 0.500000 2.832781 1.570796 0.400000 276.000000
9.750000 0.670163 0.500000 2.900629 1.570796 0.400000 276.000000
10.000000 0.704971 0.500000 2.848451 1.570796 0.400000 276.000000
10.250000 0.740660 0.512195 2.824891 1.570796 0.400000 276.000000
10.500000 0.777230 0.512195 3.049680 1.570796 0.400000 276.000000
10.750000 0.814682 0.516055 3.355956 1.570796 0.400000 276.000000
11.000000 0.853014 0.502232 3.370553 1.570796 0.400000 276.000000
11.250000 0.892228 0.510000 3.041966 1.570796 0.400000 276.000000
11.500000 0.932324 0.508065 2.505118 1.570796 0.400000 276.000000
11.750000 0.973300 0.500000 1.695939 1.570796 0.400000 276.000000
12.000000 1.015158 0.500000 0.124350 1.570796 0.400000 276.000000
12.250000 1.057896 0.496988 -1.360567 1.570796 0.400000 276.000000
12.500000 1.101516 0.576923 -1.761799 1.570796 0.400000 276.000000
12.750000 1.146018 0.550000 -1.454733 1.570796 0.400000 276.000000
13.000000 1.191400 0.539216 -1.628051 1.570796 0.400000 276.000000
13.250000 1.237664 0.576923 -1.475830 1.570796 0.400000 276.000000
13.500000 1.284809 0.479651 -1.657516 1.570796 0.400000 276.000000
13.750000 1.332835 0.538674 -1.506923 1.570796 0.400000 276.000000
14.000000 1.381742 0.636364 -1.627765 1.570796 0.400000 276.000000
14.250000 1.431531 0.601604 -1.532952 1.570796 0.400000 276.000000
14.500000 1.482201 0.517241 -1.575087 1.570796 0.400000 276.000000
14.750000 1.533752 0.591133 -1.533330 1.570796 0.400000 276.000000
15.000000 1.586184 0.608108 -1.680735 1.570796 0.400000 276.000000
15.250000 1.639497 1.000000 0.112448 4.712389 0.400000 276.000000
15.500000 1.693692 1.000000 2.552816 4.712389 0.400000 276.000000
15.750000 1.748768 0.997537 3.567150 4.712389 0.400000 276.000000
16.000000 1.804725 0.775862 5.004773 3.141593 0.400000 276.000000
16.250000 1.861563 0.695364 6.926606 3.141593 0.400000 276.000000
16.500000 1.919282 0.495283 9.896275 3.141593 0.400000 276.000000
16.750000 1.977883 0.529412 11.505114 3.141593 0.400000 276.000000
17.000000 2.037365 0.520833 12.860303 3.141593 0.400000 276.000000
17.250000 2.097728 0.528169 14.145977 3.141593 0.400000 276.000000
17.500000 2.158972 0.545455 15.211739 3.141593 0.400000 276.000000
17.750000 2.221098 0.526316 16.323156 3.141593 0.400000 276.000000
18.000000 2.284105 0.500000 17.409215 3.141593 0.400000 276.000000
18.250000 2.347993 0.562500 18.131794 3.141593 0.400000 276.000000
18.500000 2.412762 0.592105 19.148672 3.141593 0.400000 276.000000
18.750000 2.478412 0.588235 20.046797 3.141593 0.400000 276.000000
19.000000 2.544944 0.500000 20.764866 3.141593 0.400000 276.000000
