6.000000 0.253789 1.626506 -1.619372 1.570796 0.400000 642.000000
6.250000 0.275379 2.088608 -1.731147 1.570796 0.400000 642.000000
6.500000 0.297850 1.601124 -1.699845 1.570796 0.400000 642.000000
6.750000 0.321202 1.724138 -1.780858 1.570796 0.400000 642.000000
7.000000 0.345436 1.666667 -1.744336 1.570796 0.400000 642.000000
7.250000 0.370550 1.428571 -1.629918 1.570796 0.400000 642.000000
7.500000 0.396546 1.397059 -1.638427 1.570796 0.400000 642.000000
7.750000 0.423423 1.640625 -1.748885 1.570796 0.400000 642.000000
8.000000 0.451181 1.169725 -1.590442 1.570796 0.400000 642.000000
8.250000 0.479821 1.118421 -1.642051 1.570796 0.400000 642.000000
8.500000 0.509341 0.535714 -2.179157 1.570796 0.400000 642.000000
8.750000 0.539743 0.500000 0.733160 1.570796 0.400000 642.000000
9.000000 0.571026 0.500000 1.849517 1.570796 0.400000 642.000000
9.250000 0.603190 0.500000 2.222380 1.570796 0.400000 642.000000
9.500000 0.636236 0.510638 2.860769 1.570796 0.400000 642.000000
9.750000 0.670163 0.500000 3.152648 1.570796 0.400000 642.000000
10.000000 0.704971 0.500000 3.384721 1.570796 0.400000 642.000000
10.250000 0.740660 0.503049 3.606445 1.570796 0.400000 642.000000
10.500000 0.777230 0.518868 3.731127 1.570796 0.400000 642.000000
10.750000 0.814682 0.500000 3.755802 1.570796 0.400000 642.000000
11.000000 0.853014 0.500000 3.673115 1.570796 0.400000 642.000000
11.250000 0.892228 0.511364 3.444016 1.570796 0.400000 642.000000
11.500000 0.932324 0.507246 3.054486 1.570796 0.400000 642.000000
11.750000 0.973300 0.500000 2.466833 1.570796 0.400000 642.000000
12.000000 1.015158 0.500000 1.553133 1.570796 0.400000 642.000000
12.250000 1.057896 0.500000 -0.494619 1.570796 0.400000 642.000000
12.500000 1.101516 0.529891 -0.945995 1.570796 0.400000 642.000000
12.750000 1.146018 0.535714 -1.210548 1.570796 0.400000 642.000000
13.000000 1.191400 0.510471 -1.107761 1.570796 0.400000 642.000000
13.250000 1.237664 0.564516 -1.328113 1.570796 0.400000 642.000000
13.500000 1.284809 0.538462 -1.301016 1.570796 0.400000 642.000000
13.750000 1.332835 0.500000 -1.478675 1.570796 0.400000 642.000000
14.000000 1.381742 0.514706 -1.378026 1.570796 0.400000 642.000000
14.250000 1.431531 0.541237 -1.502541 1.570796 0.400000 642.000000
14.500000 1.482201 0.568182 -1.460513 1.570796 0.400000 642.000000
14.750000 1.533752 0.510638 -1.171279 1.570796 0.400000 642.000000
15.000000 1.586184 0.585366 -1.596359 1.570796 0.400000 642.000000
15.250000 1.639497 1.000000 0.593007 4.712389 0.400000 642.000000
15.500000 1.693692 1.000000 2.719798 4.712389 0.400000 642.000000
15.750000 1.748768 0.663717 3.225580 3.141593 0.400000 642.000000
16.000000 1.804725 0.645695 5.561014 3.141593 0.400000 642.000000
16.250000 1.861563 0.620301 7.247761 3.141593 0.400000 642.000000
16.500000 1.919282 0.562500 8.622083 3.141593 0.400000 642.000000
16.750000 1.977883 0.517241 11.419558 3.141593 0.400000 642.000000
17.000000 2.037365 0.500000 13.063821 3.141593 0.400000 642.000000
17.250000 2.097728 0.528169 14.347324 3.141593 0.400000 642.000000
17.500000 2.158972 0.535714 15.382127 3.141593 0.400000 642.000000
17.750000 2.221098 0.526316 16.418173 3.141593 0.400000 642.000000
18.000000 2.284105 0.500000 17.461679 3.141593 0.400000 642.000000
18.250000 2.347993 0.548780 18.152994 3.141593 0.400000 642.000000
18.500000 2.412762 0.562500 19.042049 3.141593 0.400000 642.000000
18.750000 2.478412 0.576923 19.946422 3.141593 0.400000 642.000000
19.000000 2.544944 0.500000 20.726755 3.141593 0.400000 642.000000
