6.000000 0.253789 0.989011 -1.599879 1.570796 0.400000 19.000000
6.250000 0.275379 1.095506 -1.640212 1.570796 0.400000 19.000000
6.500000 0.297850 1.083333 -1.631473 1.570796 0.400000 19.000000
6.750000 0.321202 1.037234 -1.674389 1.570796 0.400000 19.000000
7.000000 0.345436 1.000000 -1.701468 1.570796 0.400000 19.000000
7.250000 0.370550 1.039604 -1.664489 1.570796 0.400000 19.000000
7.500000 0.396546 0.972222 -1.596703 1.570796 0.400000 19.000000
7.750000 0.423423 1.050000 -1.674095 1.570796 0.400000 19.000000
8.000000 0.451181 0.957447 -1.678034 1.570796 0.400000 19.000000
8.250000 0.479821 0.500000 -0.553865 1.570796 0.400000 19.000000
8.500000 0.509341 0.500000 1.160555 1.570796 0.400000 19.000000
8.750000 0.539743 0.500000 1.877819 1.570796 0.400000 19.000000
9.000000 0.571026 0.500000 2.283475 1.570796 0.400000 19.000000
9.250000 0.603190 0.505618 2.494173 1.570796 0.400000 19.000000
9.500000 0.636236 0.500000 2.530294 1.570796 0.400000 19.000000
9.750000 0.670163 0.498047 2.289083 1.570796 0.400000 19.000000
10.000000 0.704971 0.500000 3.094773 1.570796 0.400000 19.000000
10.250000 0.740660 0.512821 3.566196 1.570796 0.400000 19.000000
10.500000 0.777230 0.500000 4.338403 1.570796 0.400000 19.000000
10.750000 0.814682 0.520833 4.697633 1.570796 0.400000 19.000000
11.000000 0.853014 0.500000 4.960529 1.570796 0.400000 19.000000
11.250000 0.892228 0.500000 5.147614 1.570796 0.400000 19.000000
11.500000 0.932324 0.517241 5.197711 1.570796 0.400000 19.000000
11.750000 0.973300 0.512821 5.189928 1.570796 0.400000 19.000000
12.000000 1.015158 0.500000 5.113978 1.570796 0.400000 19.000000
12.250000 1.057896 0.515267 4.888282 1.570796 0.400000 19.000000
12.500000 1.101516 0.500000 4.641129 1.570796 0.400000 19.000000
12.750000 1.146018 0.513699 4.223355 1.570796 0.400000 19.000000
13.000000 1.191400 0.508475 3.683835 1.570796 0.400000 19.000000
13.250000 1.237664 0.509050 2.962903 1.570796 0.400000 19.000000
13.500000 1.284809 0.506135 1.915879 1.570796 0.400000 19.000000
13.750000 1.332835 0.500000 -0.270077 1.570796 0.400000 19.000000
14.000000 1.381742 0.522388 -1.064579 1.570796 0.400000 19.000000
14.250000 1.431531 0.495283 -1.241650 1.570796 0.400000 19.000000
14.500000 1.482201 0.460526 -1.179094 1.570796 0.400000 19.000000
14.750000 1.533752 0.466805 -1.263947 1.570796 0.400000 19.000000
15.000000 1.586184 0.530660 -1.580073 1.570796 0.400000 19.000000
15.250000 1.639497 0.874558 -1.769348 4.712389 0.400000 19.000000
15.500000 1.693692 1.000000 2.037752 4.712389 0.400000 19.000000
15.750000 1.748768 1.000000 3.516699 4.712389 0.400000 19.000000
16.000000 1.804725 0.948276 4.727980 3.141593 0.400000 19.000000
16.250000 1.861563 0.500000 7.981866 3.141593 0.400000 19.000000
16.500000 1.919282 0.495283 10.241577 3.141593 0.400000 19.000000
16.750000 1.977883 0.500000 12.133199 3.141593 0.400000 19.000000
17.000000 2.037365 0.500000 13.546549 3.141593 0.400000 19.000000
17.250000 2.097728 0.500000 14.402939 3.141593 0.400000 19.000000
17.500000 2.158972 0.500000 15.173685 3.141593 0.400000 19.000000
17.750000 2.221098 0.500000 16.071961 3.141593 0.400000 19.000000
18.000000 2.284105 0.500000 17.206712 3.141593 0.400000 19.000000
18.250000 2.347993 0.535714 17.993242 3.141593 0.400000 19.000000
18.500000 2.412762 0.548780 18.902600 3.141593 0.400000 19.000000
18.750000 2.478412 0.592105 19.984116 3.141593 0.400000 19.000000
19.000000 2.544944 0.500000 20.870972 3.141593 0.400000 19.000000
