6.000000 0.253789 1.193182 -1.687853 1.570796 0.400000 780.000000
6.250000 0.275379 1.278409 -1.707123 1.570796 0.400000 780.000000
6.500000 0.297850 1.250000 -1.698748 1.570796 0.400000 780.000000
6.750000 0.321202 1.428571 -1.778835 1.570796 0.400000 780.000000
7.000000 0.345436 1.209677 -1.744714 1.570796 0.400000 780.000000
7.250000 0.370550 1.391753 -1.706950 1.570796 0.400000 780.000000
7.500000 0.396546 1.000000 -1.678171 1.570796 0.400000 780.000000
7.750000 0.423423 0.500000 -0.509811 1.570796 0.400000 780.000000
8.000000 0.451181 0.500000 0.923033 1.570796 0.400000 780.000000
8.250000 0.479821 0.500000 1.470301 1.570796 0.400000 780.000000
8.500000 0.509341 0.500000 1.723175 1.570796 0.400000 780.000000
8.750000 0.539743 0.507353 1.758650 1.570796 0.400000 780.000000
9.000000 0.571026 0.500000 1.581792 1.570796 0.400000 780.000000
9.250000 0.603190 0.500000 1.137273 1.570796 0.400000 780.000000
9.500000 0.636236 0.500000 1.812655 1.570796 0.400000 780.000000
9.750000 0.670163 0.500000 2.803880 1.570796 0.400000 780.000000
10.000000 0.704971 0.509050 3.472663 1.570796 0.400000 780.000000
10.250000 0.740660 0.500000 3.950465 1.570796 0.400000 780.000000
10.500000 0.777230 0.515625 4.275545 1.570796 0.400000 780.000000
10.750000 0.814682 0.500000 4.497340 1.570796 0.400000 780.000000
11.000000 0.853014 0.500000 4.635288 1.570796 0.400000 780.000000
11.250000 0.892228 0.500000 4.643958 1.570796 0.400000 780.000000
11.500000 0.932324 0.500000 4.579319 1.570796 0.400000 780.000000
11.750000 0.973300 0.500000 4.384702 1.570796 0.400000 780.000000
12.000000 1.015158 0.515625 4.092202 1.570796 0.400000 780.000000
12.250000 1.057896 0.511364 3.693988 1.570796 0.400000 780.000000
12.500000 1.101516 0.507246 3.128811 1.570796 0.400000 780.000000
12.750000 1.146018 0.500000 2.334788 1.570796 0.400000 780.000000
13.000000 1.191400 0.500000 1.032527 1.570796 0.400000 780.000000
13.250000 1.237664 0.501969 -0.078232 1.570796 0.400000 780.000000
13.500000 1.284809 0.464602 -1.170345 1.570796 0.400000 780.000000
13.750000 1.332835 0.538922 -1.412555 1.570796 0.400000 780.000000
14.000000 1.381742 0.517241 -1.302192 1.570796 0.400000 780.000000
14.250000 1.431531 0.576923 -1.612846 1.570796 0.400000 780.000000
14.500000 1.482201 0.527638 -1.478483 1.570796 0.400000 780.000000
14.750000 1.533752 0.495595 -1.337287 1.570796 0.400000 780.000000
15.000000 1.586184 0.622407 -1.629823 1.570796 0.400000 780.000000
15.250000 1.639497 1.000000 0.808944 4.712389 0.400000 780.000000
15.500000 1.693692 0.653846 3.830810 3.141593 0.400000 780.000000
15.750000 1.748768 0.572917 6.151841 3.141593 0.400000 780.000000
16.000000 1.804725 0.500000 8.252046 3.141593 0.400000 780.000000
16.250000 1.861563 0.495283 10.027082 3.141593 0.400000 780.000000
16.500000 1.919282 0.500000 11.681189 3.141593 0.400000 780.000000
16.750000 1.977883 0.500000 12.887587 3.141593 0.400000 780.000000
17.000000 2.037365 0.500000 13.363113 3.141593 0.400000 780.000000
17.250000 2.097728 0.500000 14.007274 3.141593 0.400000 780.000000
17.500000 2.158972 0.535714 15.038870 3.141593 0.400000 780.000000
17.750000 2.221098 0.526316 16.162559 3.141593 0.400000 780.000000
18.000000 2.284105 0.500000 17.305365 3.141593 0.400000 780.000000
18.250000 2.347993 0.535714 18.149466 3.141593 0.400000 780.000000
18.500000 2.412762 0.562500 19.036923 3.141593 0.400000 780.000000
18.750000 2.478412 0.592105 19.996710 3.141593 0.400000 780.000000
19.000000 2.544944 0.500000 20.797307 3.141593 0.400000 780.000000
