6.000000 0.253789 1.696429 -1.719704 1.570796 0.400000 586.000000
6.250000 0.275379 1.646341 -1.721293 1.570796 0.400000 586.000000
6.500000 0.297850 1.696429 -1.691144 1.570796 0.400000 586.000000
6.750000 0.321202 1.595745 -1.667121 1.570796 0.400000 586.000000
7.000000 0.345436 1.676471 -1.685060 1.570796 0.400000 586.000000
7.250000 0.370550 1.262376 -1.626146 1.570796 0.400000 586.000000
7.500000 0.396546 1.456311 -1.652320 1.570796 0.400000 586.000000
7.750000 0.423423 0.994898 -1.796093 1.570796 0.400000 586.000000
8.000000 0.451181 1.418919 -1.362139 1.570796 0.400000 586.000000
8.250000 0.479821 0.502577 -0.994793 1.570796 0.400000 586.000000
8.500000 0.509341 0.500000 1.078536 1.570796 0.400000 586.000000
8.750000 0.539743 0.500000 1.856741 1.570796 0.400000 586.000000
9.000000 0.571026 0.500000 2.297041 1.570796 0.400000 586.000000
9.250000 0.603190 0.510638 2.497489 1.570796 0.400000 586.000000
9.500000 0.636236 0.500000 2.621908 1.570796 0.400000 586.000000
9.750000 0.670163 0.500000 2.610717 1.570796 0.400000 586.000000
10.000000 0.704971 0.513158 3.367583 1.570796 0.400000 586.000000
10.250000 0.740660 0.514286 3.755825 1.570796 0.400000 586.000000
10.500000 0.777230 0.518868 3.919424 1.570796 0.400000 586.000000
10.750000 0.814682 0.500000 3.942656 1.570796 0.400000 586.000000
11.000000 0.853014 0.512422 3.835631 1.570796 0.400000 586.000000
11.250000 0.892228 0.500000 3.619013 1.570796 0.400000 586.000000
11.500000 0.932324 0.510471 3.263982 1.570796 0.400000 586.000000
11.750000 0.973300 0.508475 2.739452 1.570796 0.400000 586.000000
12.000000 1.015158 0.506135 1.963111 1.570796 0.400000 586.000000
12.250000 1.057896 0.500000 0.643463 1.570796 0.400000 586.000000
12.500000 1.101516 0.500000 -0.414884 1.570796 0.400000 586.000000
12.750000 1.146018 0.596026 -1.624548 1.570796 0.400000 586.000000
13.000000 1.191400 0.538922 -1.454932 1.570796 0.400000 586.000000
13.250000 1.237664 0.618132 -1.314141 1.570796 0.400000 586.000000
13.500000 1.284809 0.632530 -1.508426 1.570796 0.400000 586.000000
13.750000 1.332835 0.729730 -1.403021 1.570796 0.400000 586.000000
14.000000 1.381742 0.609137 -1.409650 1.570796 0.400000 586.000000
14.250000 1.431531 0.621762 -1.364140 1.570796 0.400000 586.000000
14.500000 1.482201 0.571429 -1.449834 1.570796 0.400000 586.000000
14.750000 1.533752 0.452586 -1.210903 1.570796 0.400000 586.000000
15.000000 1.586184 0.796460 -1.501439 1.570796 0.400000 586.000000
15.250000 1.639497 0.867769 -1.556453 1.570796 0.400000 586.000000
15.500000 1.693692 1.000000 1.707675 4.712389 0.400000 586.000000
15.750000 1.748768 0.590909 4.242288 3.141593 0.400000 586.000000
16.000000 1.804725 0.496324 6.563955 3.141593 0.400000 586.000000
16.250000 1.861563 0.562500 8.346978 3.141593 0.400000 586.000000
16.500000 1.919282 0.508475 9.527220 3.141593 0.400000 586.000000
16.750000 1.977883 0.500000 11.832001 3.141593 0.400000 586.000000
17.000000 2.037365 0.528169 13.159822 3.141593 0.400000 586.000000
17.250000 2.097728 0.551471 14.435172 3.141593 0.400000 586.000000
17.500000 2.158972 0.555556 15.434855 3.141593 0.400000 586.000000
17.750000 2.221098 0.535714 16.450258 3.141593 0.400000 586.000000
18.000000 2.284105 0.500000 17.482687 3.141593 0.400000 586.000000
18.250000 2.347993 0.562500 18.192522 3.141593 0.400000 586.000000
18.500000 2.412762 0.592105 19.151752 3.141593 0.400000 586.000000
18.750000 2.478412 0.500000 19.970390 3.141593 0.400000 586.000000
19.000000 2.544944 0.500000 20.731233 3.141593 0.400000 586.000000
