6.000000 0.253789 1.058824 -1.688166 1.570796 0.400000 824.000000
6.250000 0.275379 1.406250 -1.781583 1.570796 0.400000 824.000000
6.500000 0.297850 1.363636 -1.830867 1.570796 0.400000 824.000000
6.750000 0.321202 1.395349 -1.705568 1.570796 0.400000 824.000000
7.000000 0.345436 1.428571 -1.849097 1.570796 0.400000 824.000000
7.250000 0.370550 1.050000 -1.705674 1.570796 0.400000 824.000000
7.500000 0.396546 1.082474 -1.883048 1.570796 0.400000 824.000000
7.750000 0.423423 0.955882 -1.463873 1.570796 0.400000 824.000000
8.000000 0.451181 0.512821 -1.437385 1.570796 0.400000 824.000000
8.250000 0.479821 0.500000 0.745757 1.570796 0.400000 824.000000
8.500000 0.509341 0.500000 1.541892 1.570796 0.400000 824.000000
8.750000 0.539743 0.498555 1.512215 1.570796 0.400000 824.000000
9.000000 0.571026 0.505618 2.153248 1.570796 0.400000 824.000000
9.250000 0.603190 0.510000 2.386584 1.570796 0.400000 824.000000
9.500000 0.636236 0.511364 2.785538 1.570796 0.400000 824.000000
9.750000 0.670163 0.502577 2.941240 1.570796 0.400000 824.000000
10.000000 0.704971 0.512195 2.915858 1.570796 0.400000 824.000000
10.250000 0.740660 0.500000 2.745310 1.570796 0.400000 824.000000
10.500000 0.777230 0.508475 2.384620 1.570796 0.400000 824.000000
10.750000 0.814682 0.504808 1.807265 1.570796 0.400000 824.000000
11.000000 0.853014 0.500000 0.818465 1.570796 0.400000 824.000000
11.250000 0.892228 0.496689 -2.077787 1.570796 0.400000 824.000000
11.500000 0.932324 0.576923 -1.073220 1.570796 0.400000 824.000000
11.750000 0.973300 0.587349 -1.301179 1.570796 0.400000 824.000000
12.000000 1.015158 0.695364 -1.563137 1.570796 0.400000 824.000000
12.250000 1.057896 0.740741 -1.310010 1.570796 0.400000 824.000000
12.500000 1.101516 0.548780 -1.584188 1.570796 0.400000 824.000000
12.750000 1.146018 0.590909 -1.416966 1.570796 0.400000 824.000000
13.000000 1.191400 0.665680 -1.546867 1.570796 0.400000 824.000000
13.250000 1.237664 0.600000 -1.392158 1.570796 0.400000 824.000000
13.500000 1.284809 0.612245 -1.272696 1.570796 0.400000 824.000000
13.750000 1.332835 0.663462 -0.700173 1.570796 0.400000 824.000000
14.000000 1.381742 0.551471 -1.382340 1.570796 0.400000 824.000000
14.250000 1.431531 0.597015 -1.475057 1.570796 0.400000 824.000000
14.500000 1.482201 0.665025 -1.507051 1.570796 0.400000 824.000000
14.750000 1.533752 0.746606 -1.431213 1.570796 0.400000 824.000000
15.000000 1.586184 0.498555 1.181263 3.141593 0.400000 824.000000
15.250000 1.639497 0.496988 4.768510 3.141593 0.400000 824.000000
15.500000 1.693692 0.500000 6.753649 3.141593 0.400000 824.000000
15.750000 1.748768 0.500000 8.505484 3.141593 0.400000 824.000000
16.000000 1.804725 0.495283 10.074329 3.141593 0.400000 824.000000
16.250000 1.861563 0.500000 11.423850 3.141593 0.400000 824.000000
16.500000 1.919282 0.530303 12.322864 3.141593 0.400000 824.000000
16.750000 1.977883 0.519802 12.912218 3.141593 0.400000 824.000000
17.000000 2.037365 0.500000 14.656381 3.141593 0.400000 824.000000
17.250000 2.097728 0.500000 15.409986 3.141593 0.400000 824.000000
17.500000 2.158972 0.500000 16.187517 3.141593 0.400000 824.000000
17.750000 2.221098 0.500000 16.889828 3.141593 0.400000 824.000000
18.000000 2.284105 0.535714 17.488221 3.141593 0.400000 824.000000
18.250000 2.347993 0.566038 18.224198 3.141593 0.400000 824.000000
18.500000 2.412762 0.500000 19.202030 3.141593 0.400000 824.000000
18.750000 2.478412 0.500000 19.868235 3.141593 0.400000 824.000000
19.000000 2.544944 0.535714 20.510072 3.141593 0.400000 824.000000
