6.000000 0.253789 0.872093 -1.600904 1.570796 0.400000 66.000000
6.250000 0.275379 1.107955 -1.686307 1.570796 0.400000 66.000000
6.500000 0.297850 1.071429 -1.733653 1.570796 0.400000 66.000000
6.750000 0.321202 1.117021 -1.653398 1.570796 0.400000 66.000000
7.000000 0.345436 1.312500 -1.753689 1.570796 0.400000 66.000000
7.250000 0.370550 0.735294 -1.613075 1.570796 0.400000 66.000000
7.500000 0.396546 1.102941 -1.491901 1.570796 0.400000 66.000000
7.750000 0.423423 0.529412 -2.128974 1.570796 0.400000 66.000000
8.000000 0.451181 0.500000 0.124081 1.570796 0.400000 66.000000
8.250000 0.479821 0.500000 1.197487 1.570796 0.400000 66.000000
8.500000 0.509341 0.500000 1.715127 1.570796 0.400000 66.000000
8.750000 0.539743 0.505051 1.972653 1.570796 0.400000 66.000000
9.000000 0.571026 0.500000 2.026430 1.570796 0.400000 66.000000
9.250000 0.603190 0.500000 1.898100 1.570796 0.400000 66.000000
9.500000 0.636236 0.500000 1.566470 1.570796 0.400000 66.000000
9.750000 0.670163 0.500000 2.682640 1.570796 0.400000 66.000000
10.000000 0.704971 0.501672 3.405580 1.570796 0.400000 66.000000
10.250000 0.740660 0.513158 3.949384 1.570796 0.400000 66.000000
10.500000 0.777230 0.500000 4.315239 1.570796 0.400000 66.000000
10.750000 0.814682 0.500000 4.548571 1.570796 0.400000 66.000000
11.000000 0.853014 0.520833 4.673965 1.570796 0.400000 66.000000
11.250000 0.892228 0.500000 4.720586 1.570796 0.400000 66.000000
11.500000 0.932324 0.500000 4.667993 1.570796 0.400000 66.000000
11.750000 0.973300 0.510204 4.518543 1.570796 0.400000 66.000000
12.000000 1.015158 0.500000 4.268784 1.570796 0.400000 66.000000
12.250000 1.057896 0.514286 3.901368 1.570796 0.400000 66.000000
12.500000 1.101516 0.500000 3.386501 1.570796 0.400000 66.000000
12.750000 1.146018 0.507519 2.671772 1.570796 0.400000 66.000000
13.000000 1.191400 0.500000 1.598308 1.570796 0.400000 66.000000
13.250000 1.237664 0.500000 -1.281996 1.570796 0.400000 66.000000
13.500000 1.284809 0.601604 -1.513522 1.570796 0.400000 66.000000
13.750000 1.332835 0.582902 -1.273835 1.570796 0.400000 66.000000
14.000000 1.381742 0.627753 -1.079599 1.570796 0.400000 66.000000
14.250000 1.431531 0.528169 -1.379181 1.570796 0.400000 66.000000
14.500000 1.482201 0.649038 -1.425098 1.570796 0.400000 66.000000
14.750000 1.533752 0.590278 -1.632454 1.570796 0.400000 66.000000
15.000000 1.586184 0.773810 -1.693295 1.570796 0.400000 66.000000
15.250000 1.639497 1.000000 0.817718 4.712389 0.400000 66.000000
15.500000 1.693692 1.000000 2.754678 4.712389 0.400000 66.000000
15.750000 1.748768 0.916667 4.231520 3.141593 0.400000 66.000000
16.000000 1.804725 0.555556 7.109842 3.141593 0.400000 66.000000
16.250000 1.861563 0.500000 9.646521 3.141593 0.400000 66.000000
16.500000 1.919282 0.500000 11.218301 3.141593 0.400000 66.000000
16.750000 1.977883 0.528169 12.470343 3.141593 0.400000 66.000000
17.000000 2.037365 0.543478 13.704113 3.141593 0.400000 66.000000
17.250000 2.097728 0.545455 14.704119 3.141593 0.400000 66.000000
17.500000 2.158972 0.535714 15.746737 3.141593 0.400000 66.000000
17.750000 2.221098 0.500000 16.757741 3.141593 0.400000 66.000000
18.000000 2.284105 0.548780 17.468503 3.141593 0.400000 66.000000
18.250000 2.347993 0.576923 18.349066 3.141593 0.400000 66.000000
18.500000 2.412762 0.576923 19.275029 3.141593 0.400000 66.000000
18.750000 2.478412 0.500000 20.047148 3.141593 0.400000 66.000000
19.000000 2.544944 0.500000 20.768667 3.141593 0.400000 66.000000
