6.000000 0.253789 1.097561 -1.692310 1.570796 0.400000 253.000000
6.250000 0.275379 1.111111 -1.715213 1.570796 0.400000 253.000000
6.500000 0.297850 0.982143 -1.698149 1.570796 0.400000 253.000000
6.750000 0.321202 1.206897 -1.691564 1.570796 0.400000 253.000000
7.000000 0.345436 1.000000 -1.631213 1.570796 0.400000 253.000000
7.250000 0.370550 1.015625 -1.749457 1.570796 0.400000 253.000000
7.500000 0.396546 0.975000 -1.565280 1.570796 0.400000 253.000000
7.750000 0.423423 0.975000 -1.715183 1.570796 0.400000 253.000000
8.000000 0.451181 1.141304 -1.895239 1.570796 0.400000 253.000000
8.250000 0.479821 0.846774 -1.204294 1.570796 0.400000 253.000000
8.500000 0.509341 0.509259 -1.321221 1.570796 0.400000 253.000000
8.750000 0.539743 0.500000 1.147236 1.570796 0.400000 253.000000
9.000000 0.571026 0.508929 2.030167 1.570796 0.400000 253.000000
9.250000 0.603190 0.498489 2.560253 1.570796 0.400000 253.000000
9.500000 0.636236 0.500000 2.893648 1.570796 0.400000 253.000000
9.750000 0.670163 0.500000 3.067362 1.570796 0.400000 253.000000
10.000000 0.704971 0.513158 3.080573 1.570796 0.400000 253.000000
10.250000 0.740660 0.513158 2.983161 1.570796 0.400000 253.000000
10.500000 0.777230 0.500000 2.757808 1.570796 0.400000 253.000000
10.750000 0.814682 0.508475 2.448025 1.570796 0.400000 253.000000
11.000000 0.853014 0.501761 2.233986 1.570796 0.400000 253.000000
11.250000 0.892228 0.510000 3.558209 1.570796 0.400000 253.000000
11.500000 0.932324 0.507519 3.330580 1.570796 0.400000 253.000000
11.750000 0.973300 0.506135 2.826193 1.570796 0.400000 253.000000
12.000000 1.015158 0.500000 2.080771 1.570796 0.400000 253.000000
12.250000 1.057896 0.500000 0.752090 1.570796 0.400000 253.000000
12.500000 1.101516 0.538922 -1.451552 1.570796 0.400000 253.000000
12.750000 1.146018 0.629032 -1.665798 1.570796 0.400000 253.000000
13.000000 1.191400 0.546358 -1.485962 1.570796 0.400000 253.000000
13.250000 1.237664 0.632530 -1.675345 1.570796 0.400000 253.000000
13.500000 1.284809 0.529412 -1.514004 1.570796 0.400000 253.000000
13.750000 1.332835 0.690184 -1.642409 1.570796 0.400000 253.000000
14.000000 1.381742 0.548780 -1.522795 1.570796 0.400000 253.000000
14.250000 1.431531 0.594512 -1.624718 1.570796 0.400000 253.000000
14.500000 1.482201 0.502577 -1.426095 1.570796 0.400000 253.000000
14.750000 1.533752 0.604265 -1.368085 1.570796 0.400000 253.000000
15.000000 1.586184 0.462555 -1.463268 1.570796 0.400000 253.000000
15.250000 1.639497 0.997230 -0.678088 4.712389 0.400000 253.000000
15.500000 1.693692 1.000000 2.368833 4.712389 0.400000 253.000000
15.750000 1.748768 0.517241 4.611507 3.141593 0.400000 253.000000
16.000000 1.804725 0.495868 6.756613 3.141593 0.400000 253.000000
16.250000 1.861563 0.500000 8.544812 3.141593 0.400000 253.000000
16.500000 1.919282 0.526316 9.992217 3.141593 0.400000 253.000000
16.750000 1.977883 0.495283 11.028999 3.141593 0.400000 253.000000
17.000000 2.037365 0.500000 13.108497 3.141593 0.400000 253.000000
17.250000 2.097728 0.500000 14.248434 3.141593 0.400000 253.000000
17.500000 2.158972 0.526316 15.359714 3.141593 0.400000 253.000000
17.750000 2.221098 0.500000 16.317377 3.141593 0.400000 253.000000
18.000000 2.284105 0.500000 17.461392 3.141593 0.400000 253.000000
18.250000 2.347993 0.535714 18.159550 3.141593 0.400000 253.000000
18.500000 2.412762 0.562500 18.950126 3.141593 0.400000 253.000000
18.750000 2.478412 0.592105 19.763483 3.141593 0.400000 253.000000
19.000000 2.544944 0.588235 20.623482 3.141593 0.400000 253.000000
