6.000000 0.253789 0.970588 -1.672776 1.570796 0.400000 569.000000
6.250000 0.275379 1.018519 -1.705686 1.570796 0.400000 569.000000
6.500000 0.297850 1.166667 -1.696371 1.570796 0.400000 569.000000
6.750000 0.321202 1.120690 -1.685983 1.570796 0.400000 569.000000
7.000000 0.345436 1.000000 -1.679029 1.570796 0.400000 569.000000
7.250000 0.370550 1.159794 -1.685514 1.570796 0.400000 569.000000
7.500000 0.396546 0.800971 -1.658456 1.570796 0.400000 569.000000
7.750000 0.423423 1.015625 -1.757175 1.570796 0.400000 569.000000
8.000000 0.451181 0.800971 -1.464939 1.570796 0.400000 569.000000
8.250000 0.479821 0.500000 -0.593857 1.570796 0.400000 569.000000
8.500000 0.509341 0.500000 1.159306 1.570796 0.400000 569.000000
8.750000 0.539743 0.507692 1.885361 1.570796 0.400000 569.000000
9.000000 0.571026 0.498339 2.097606 1.570796 0.400000 569.000000
9.250000 0.603190 0.508475 2.500799 1.570796 0.400000 569.000000
9.500000 0.636236 0.510638 2.571930 1.570796 0.400000 569.000000
9.750000 0.670163 0.514706 2.905107 1.570796 0.400000 569.000000
10.000000 0.704971 0.502577 3.268665 1.570796 0.400000 569.000000
10.250000 0.740660 0.513158 3.397646 1.570796 0.400000 569.000000
10.500000 0.777230 0.510471 3.349858 1.570796 0.400000 569.000000
10.750000 0.814682 0.505181 3.159313 1.570796 0.400000 569.000000
11.000000 0.853014 0.500000 2.806476 1.570796 0.400000 569.000000
11.250000 0.892228 0.507117 2.250259 1.570796 0.400000 569.000000
11.500000 0.932324 0.500000 1.371395 1.570796 0.400000 569.000000
11.750000 0.973300 0.500000 -0.816933 1.570796 0.400000 569.000000
12.000000 1.015158 0.538674 -0.987366 1.570796 0.400000 569.000000
12.250000 1.057896 0.460894 -1.348685 1.570796 0.400000 569.000000
12.500000 1.101516 0.641447 -1.526862 1.570796 0.400000 569.000000
12.750000 1.146018 0.529412 -1.332218 1.570796 0.400000 569.000000
13.000000 1.191400 0.685976 -1.509225 1.570796 0.400000 569.000000
13.250000 1.237664 0.538674 -1.435920 1.570796 0.400000 569.000000
13.500000 1.284809 0.590909 -1.460388 1.570796 0.400000 569.000000
13.750000 1.332835 0.576923 -1.429821 1.570796 0.400000 569.000000
14.000000 1.381742 0.553977 -1.477286 1.570796 0.400000 569.000000
14.250000 1.431531 0.589888 -1.604716 1.570796 0.400000 569.000000
14.500000 1.482201 0.513699 -1.217230 1.570796 0.400000 569.000000
14.750000 1.533752 0.603015 -1.578028 1.570796 0.400000 569.000000
15.000000 1.586184 0.837209 -1.678703 1.570796 0.400000 569.000000
15.250000 1.639497 1.000000 1.100119 4.712389 0.400000 569.000000
15.500000 1.693692 1.000000 2.889931 4.712389 0.400000 569.000000
15.750000 1.748768 0.997537 3.498701 4.712389 0.400000 569.000000
16.000000 1.804725 0.745033 5.985731 3.141593 0.400000 569.000000
16.250000 1.861563 0.508475 8.271149 3.141593 0.400000 569.000000
16.500000 1.919282 0.514706 10.504258 3.141593 0.400000 569.000000
16.750000 1.977883 0.500000 12.661386 3.141593 0.400000 569.000000
17.000000 2.037365 0.500000 13.620748 3.141593 0.400000 569.000000
17.250000 2.097728 0.520833 14.217515 3.141593 0.400000 569.000000
17.500000 2.158972 0.535714 15.224141 3.141593 0.400000 569.000000
17.750000 2.221098 0.555556 16.197715 3.141593 0.400000 569.000000
18.000000 2.284105 0.535714 17.210009 3.141593 0.400000 569.000000
18.250000 2.347993 0.500000 18.307262 3.141593 0.400000 569.000000
18.500000 2.412762 0.535714 19.075252 3.141593 0.400000 569.000000
18.750000 2.478412 0.548780 19.885254 3.141593 0.400000 569.000000
19.000000 2.544944 0.576923 20.747223 3.141593 0.400000 569.000000
