6.000000 0.253789 0.925926 -1.750587 1.570796 0.400000 482.000000
6.250000 0.275379 1.203704 -1.824155 1.570796 0.400000 482.000000
6.500000 0.297850 1.278409 -1.648891 1.570796 0.400000 482.000000
6.750000 0.321202 1.147059 -1.718724 1.570796 0.400000 482.000000
7.000000 0.345436 1.355422 -1.843072 1.570796 0.400000 482.000000
7.250000 0.370550 0.947368 -1.738143 1.570796 0.400000 482.000000
7.500000 0.396546 1.318681 -1.858164 1.570796 0.400000 482.000000
7.750000 0.423423 0.963303 -1.637321 1.570796 0.400000 482.000000
8.000000 0.451181 1.209677 -1.508696 1.570796 0.400000 482.000000
8.250000 0.479821 0.666667 -1.044640 1.570796 0.400000 482.000000
8.500000 0.509341 0.500000 0.307520 1.570796 0.400000 482.000000
8.750000 0.539743 0.500000 1.548533 1.570796 0.400000 482.000000
9.000000 0.571026 0.500000 2.200581 1.570796 0.400000 482.000000
9.250000 0.603190 0.510000 2.566313 1.570796 0.400000 482.000000
9.500000 0.636236 0.500000 2.816606 1.570796 0.400000 482.000000
9.750000 0.670163 0.509709 2.878394 1.570796 0.400000 482.000000
10.000000 0.704971 0.512195 2.880643 1.570796 0.400000 482.000000
10.250000 0.740660 0.512195 3.064787 1.570796 0.400000 482.000000
10.500000 0.777230 0.500000 3.341438 1.570796 0.400000 482.000000
10.750000 0.814682 0.512195 3.448065 1.570796 0.400000 482.000000
11.000000 0.853014 0.500000 3.313207 1.570796 0.400000 482.000000
11.250000 0.892228 0.508475 2.932697 1.570796 0.400000 482.000000
11.500000 0.932324 0.500000 2.366965 1.570796 0.400000 482.000000
11.750000 0.973300 0.500000 1.478082 1.570796 0.400000 482.000000
12.000000 1.015158 0.500000 -0.567584 1.570796 0.400000 482.000000
12.250000 1.057896 0.583832 -1.351603 1.570796 0.400000 482.000000
12.500000 1.101516 0.681818 -1.715831 1.570796 0.400000 482.000000
12.750000 1.146018 0.677711 -1.521897 1.570796 0.400000 482.000000
13.000000 1.191400 0.698758 -1.613381 1.570796 0.400000 482.000000
13.250000 1.237664 0.614035 -1.492643 1.570796 0.400000 482.000000
13.500000 1.284809 0.628743 -1.652209 1.570796 0.400000 482.000000
13.750000 1.332835 0.657895 -1.556835 1.570796 0.400000 482.000000
14.000000 1.381742 0.710059 -1.651103 1.570796 0.400000 482.000000
14.250000 1.431531 0.700549 -1.519885 1.570796 0.400000 482.000000
14.500000 1.482201 0.634921 -1.668278 1.570796 0.400000 482.000000
14.750000 1.533752 0.615942 -1.412947 1.570796 0.400000 482.000000
15.000000 1.586184 0.904523 -1.823961 1.570796 0.400000 482.000000
15.250000 1.639497 1.000000 -1.754706 4.712389 0.400000 482.000000
15.500000 1.693692 1.000000 2.204169 4.712389 0.400000 482.000000
15.750000 1.748768 0.791667 4.361239 3.141593 0.400000 482.000000
16.000000 1.804725 0.523256 6.704436 3.141593 0.400000 482.000000
16.250000 1.861563 0.508475 8.893834 3.141593 0.400000 482.000000
16.500000 1.919282 0.495283 10.636351 3.141593 0.400000 482.000000
16.750000 1.977883 0.523256 12.273024 3.141593 0.400000 482.000000
17.000000 2.037365 0.523256 13.725111 3.141593 0.400000 482.000000
17.250000 2.097728 0.528169 14.503135 3.141593 0.400000 482.000000
17.500000 2.158972 0.528169 15.307300 3.141593 0.400000 482.000000
17.750000 2.221098 0.535714 16.157102 3.141593 0.400000 482.000000
18.000000 2.284105 0.526316 17.177118 3.141593 0.400000 482.000000
18.250000 2.347993 0.500000 18.241813 3.141593 0.400000 482.000000
18.500000 2.412762 0.535714 19.043951 3.141593 0.400000 482.000000
18.750000 2.478412 0.548780 19.878488 3.141593 0.400000 482.000000
19.000000 2.544944 0.576923 20.760476 3.141593 0.400000 482.000000
