6.000000 0.253789 1.168831 -1.772540 1.570796 0.400000 296.000000
6.250000 0.275379 1.153846 -1.814680 1.570796 0.400000 296.000000
6.500000 0.297850 1.034483 -1.766772 1.570796 0.400000 296.000000
6.750000 0.321202 1.071429 -1.808779 1.570796 0.400000 296.000000
7.000000 0.345436 1.120690 -1.774226 1.570796 0.400000 296.000000
7.250000 0.370550 1.209677 -1.823457 1.570796 0.400000 296.000000
7.500000 0.396546 0.946602 -1.743421 1.570796 0.400000 296.000000
7.750000 0.423423 1.037234 -1.822500 1.570796 0.400000 296.000000
8.000000 0.451181 1.050000 -1.745370 1.570796 0.400000 296.000000
8.250000 0.479821 0.821168 -1.344071 1.570796 0.400000 296.000000
8.500000 0.509341 0.500000 1.054601 1.570796 0.400000 296.000000
8.750000 0.539743 0.500000 1.846494 1.570796 0.400000 296.000000
9.000000 0.571026 0.500000 2.303296 1.570796 0.400000 296.000000
9.250000 0.603190 0.509434 2.549559 1.570796 0.400000 296.000000
9.500000 0.636236 0.498047 2.561924 1.570796 0.400000 296.000000
9.750000 0.670163 0.500000 2.482343 1.570796 0.400000 296.000000
10.000000 0.704971 0.507246 3.266617 1.570796 0.400000 296.000000
10.250000 0.740660 0.500000 3.850180 1.570796 0.400000 296.000000
10.500000 0.777230 0.515625 4.338496 1.570796 0.400000 296.000000
10.750000 0.814682 0.500000 4.666679 1.570796 0.400000 296.000000
11.000000 0.853014 0.500000 4.861892 1.570796 0.400000 296.000000
11.250000 0.892228 0.519231 4.956202 1.570796 0.400000 296.000000
11.500000 0.932324 0.523256 4.970557 1.570796 0.400000 296.000000
11.750000 0.973300 0.519231 4.907304 1.570796 0.400000 296.000000
12.000000 1.015158 0.500000 4.764223 1.570796 0.400000 296.000000
12.250000 1.057896 0.500000 4.532802 1.570796 0.400000 296.000000
12.500000 1.101516 0.513699 4.139793 1.570796 0.400000 296.000000
12.750000 1.146018 0.511364 3.632324 1.570796 0.400000 296.000000
13.000000 1.191400 0.500000 2.959663 1.570796 0.400000 296.000000
13.250000 1.237664 0.500000 1.952054 1.570796 0.400000 296.000000
13.500000 1.284809 0.500000 -0.010064 1.570796 0.400000 296.000000
13.750000 1.332835 0.500000 -0.667483 1.570796 0.400000 296.000000
14.000000 1.381742 0.533175 -1.199516 1.570796 0.400000 296.000000
14.250000 1.431531 0.485294 -1.560998 1.570796 0.400000 296.000000
14.500000 1.482201 0.530303 -1.349252 1.570796 0.400000 296.000000
14.750000 1.533752 0.533175 -1.341740 1.570796 0.400000 296.000000
15.000000 1.586184 0.493421 -1.303249 1.570796 0.400000 296.000000
15.250000 1.639497 0.809859 -2.102058 1.570796 0.400000 296.000000
15.500000 1.693692 1.000000 2.082291 4.712389 0.400000 296.000000
15.750000 1.748768 0.621547 4.236314 3.141593 0.400000 296.000000
16.000000 1.804725 0.551471 6.470315 3.141593 0.400000 296.000000
16.250000 1.861563 0.562500 8.315861 3.141593 0.400000 296.000000
16.500000 1.919282 0.557851 9.567631 3.141593 0.400000 296.000000
16.750000 1.977883 0.509709 11.896831 3.141593 0.400000 296.000000
17.000000 2.037365 0.535714 13.527390 3.141593 0.400000 296.000000
17.250000 2.097728 0.500000 14.585068 3.141593 0.400000 296.000000
17.500000 2.158972 0.500000 15.665126 3.141593 0.400000 296.000000
17.750000 2.221098 0.500000 16.483681 3.141593 0.400000 296.000000
18.000000 2.284105 0.566038 17.376963 3.141593 0.400000 296.000000
18.250000 2.347993 0.523256 18.297895 3.141593 0.400000 296.000000
18.500000 2.412762 0.562500 18.927239 3.141593 0.400000 296.000000
18.750000 2.478412 0.576923 19.747192 3.141593 0.400000 296.000000
19.000000 2.544944 0.592105 20.482201 3.141593 0.400000 296.000000
