6.000000 0.253789 1.518987 -1.784221 1.570796 0.400000 959.000000
6.250000 0.275379 1.193182 -1.702566 1.570796 0.400000 959.000000
6.500000 0.297850 1.323529 -1.734916 1.570796 0.400000 959.000000
6.750000 0.321202 1.339286 -1.815197 1.570796 0.400000 959.000000
7.000000 0.345436 1.411765 -1.729759 1.570796 0.400000 959.000000
7.250000 0.370550 1.287879 -1.755676 1.570796 0.400000 959.000000
7.500000 0.396546 1.165049 -1.711467 1.570796 0.400000 959.000000
7.750000 0.423423 1.421053 -1.810483 1.570796 0.400000 959.000000
8.000000 0.451181 1.051402 -1.370145 1.570796 0.400000 959.000000
8.250000 0.479821 0.500000 1.234594 1.570796 0.400000 959.000000
8.500000 0.509341 0.500000 1.726246 1.570796 0.400000 959.000000
8.750000 0.539743 0.500000 1.962721 1.570796 0.400000 959.000000
9.000000 0.571026 0.507692 1.989080 1.570796 0.400000 959.000000
9.250000 0.603190 0.500000 1.715733 1.570796 0.400000 959.000000
9.500000 0.636236 0.508475 2.600305 1.570796 0.400000 959.000000
9.750000 0.670163 0.501969 3.188408 1.570796 0.400000 959.000000
10.000000 0.704971 0.500000 3.594660 1.570796 0.400000 959.000000
10.250000 0.740660 0.509259 3.849483 1.570796 0.400000 959.000000
10.500000 0.777230 0.500000 4.000845 1.570796 0.400000 959.000000
10.750000 0.814682 0.510204 4.014687 1.570796 0.400000 959.000000
11.000000 0.853014 0.500000 3.946759 1.570796 0.400000 959.000000
11.250000 0.892228 0.500000 3.733635 1.570796 0.400000 959.000000
11.500000 0.932324 0.511364 3.408586 1.570796 0.400000 959.000000
11.750000 0.973300 0.509709 2.931942 1.570796 0.400000 959.000000
12.000000 1.015158 0.500000 2.237196 1.570796 0.400000 959.000000
12.250000 1.057896 0.500000 1.110612 1.570796 0.400000 959.000000
12.500000 1.101516 0.491071 -2.685948 1.570796 0.400000 959.000000
12.750000 1.146018 0.552147 -1.334254 1.570796 0.400000 959.000000
13.000000 1.191400 0.580110 -1.260681 1.570796 0.400000 959.000000
13.250000 1.237664 0.551471 -1.586652 1.570796 0.400000 959.000000
13.500000 1.284809 0.614035 -1.356323 1.570796 0.400000 959.000000
13.750000 1.332835 0.664557 -1.690541 1.570796 0.400000 959.000000
14.000000 1.381742 0.659341 -1.481955 1.570796 0.400000 959.000000
14.250000 1.431531 0.730519 -1.636269 1.570796 0.400000 959.000000
14.500000 1.482201 0.655738 -1.529417 1.570796 0.400000 959.000000
14.750000 1.533752 0.653846 -1.572479 1.570796 0.400000 959.000000
15.000000 1.586184 0.607287 -1.514070 1.570796 0.400000 959.000000
15.250000 1.639497 0.977337 0.920905 3.141593 0.400000 959.000000
15.500000 1.693692 0.688776 4.115731 3.141593 0.400000 959.000000
15.750000 1.748768 0.645695 6.035463 3.141593 0.400000 959.000000
16.000000 1.804725 0.642857 7.481104 3.141593 0.400000 959.000000
16.250000 1.861563 0.495868 8.956584 3.141593 0.400000 959.000000
16.500000 1.919282 0.514706 11.672906 3.141593 0.400000 959.000000
16.750000 1.977883 0.500000 13.078916 3.141593 0.400000 959.000000
17.000000 2.037365 0.520833 14.114105 3.141593 0.400000 959.000000
17.250000 2.097728 0.520833 14.967940 3.141593 0.400000 959.000000
17.500000 2.158972 0.517241 15.787343 3.141593 0.400000 959.000000
17.750000 2.221098 0.500000 16.491395 3.141593 0.400000 959.000000
18.000000 2.284105 0.545455 17.286440 3.141593 0.400000 959.000000
18.250000 2.347993 0.500000 18.338025 3.141593 0.400000 959.000000
18.500000 2.412762 0.500000 19.129639 3.141593 0.400000 959.000000
18.750000 2.478412 0.535714 19.900473 3.141593 0.400000 959.000000
19.000000 2.544944 0.562500 20.495854 3.141593 0.400000 959.000000
