6.000000 0.253789 1.578947 -1.750937 1.570796 0.400000 80.000000
6.250000 0.275379 1.250000 -1.613051 1.570796 0.400000 80.000000
6.500000 0.297850 1.411765 -1.724822 1.570796 0.400000 80.000000
6.750000 0.321202 1.448864 -1.604976 1.570796 0.400000 80.000000
7.000000 0.345436 0.509709 -1.519691 1.570796 0.400000 80.000000
7.250000 0.370550 0.500000 0.196034 1.570796 0.400000 80.000000
7.500000 0.396546 0.500000 0.802405 1.570796 0.400000 80.000000
7.750000 0.423423 0.500000 0.995620 1.570796 0.400000 80.000000
8.000000 0.451181 0.500000 0.895627 1.570796 0.400000 80.000000
8.250000 0.479821 0.500000 0.449434 1.570796 0.400000 80.000000
8.500000 0.509341 0.500000 -0.906520 1.570796 0.400000 80.000000
8.750000 0.539743 0.576923 -1.574968 1.570796 0.400000 80.000000
9.000000 0.571026 0.500000 1.032281 1.570796 0.400000 80.000000
9.250000 0.603190 0.511364 2.111898 1.570796 0.400000 80.000000
9.500000 0.636236 0.510753 2.786260 1.570796 0.400000 80.000000
9.750000 0.670163 0.509050 3.224867 1.570796 0.400000 80.000000
10.000000 0.704971 0.500000 3.502285 1.570796 0.400000 80.000000
10.250000 0.740660 0.513158 3.636104 1.570796 0.400000 80.000000
10.500000 0.777230 0.508475 3.664725 1.570796 0.400000 80.000000
10.750000 0.814682 0.513158 3.569276 1.570796 0.400000 80.000000
11.000000 0.853014 0.500000 3.372209 1.570796 0.400000 80.000000
11.250000 0.892228 0.506757 3.016529 1.570796 0.400000 80.000000
11.500000 0.932324 0.500000 2.486722 1.570796 0.400000 80.000000
11.750000 0.973300 0.500000 1.676831 1.570796 0.400000 80.000000
12.000000 1.015158 0.500000 0.108708 1.570796 0.400000 80.000000
12.250000 1.057896 0.583333 -0.758693 1.570796 0.400000 80.000000
12.500000 1.101516 0.758427 -1.622945 1.570796 0.400000 80.000000
12.750000 1.146018 0.621762 -1.237698 1.570796 0.400000 80.000000
13.000000 1.191400 0.737705 -1.330809 1.570796 0.400000 80.000000
13.250000 1.237664 0.854430 -1.657269 1.570796 0.400000 80.000000
13.500000 1.284809 0.664062 -1.389652 1.570796 0.400000 80.000000
13.750000 1.332835 0.753968 -1.459968 1.570796 0.400000 80.000000
14.000000 1.381742 0.993976 -1.816909 1.570796 0.400000 80.000000
14.250000 1.431531 1.013514 -1.708492 1.570796 0.400000 80.000000
14.500000 1.482201 0.841463 -1.665146 1.570796 0.400000 80.000000
14.750000 1.533752 0.500000 1.747780 3.141593 0.400000 80.000000
15.000000 1.586184 0.496988 4.762693 3.141593 0.400000 80.000000
15.250000 1.639497 0.500000 6.549761 3.141593 0.400000 80.000000
15.500000 1.693692 0.517241 8.133566 3.141593 0.400000 80.000000
15.750000 1.748768 0.495283 9.434876 3.141593 0.400000 80.000000
16.000000 1.804725 0.511364 8.659417 3.141593 0.400000 80.000000
16.250000 1.861563 0.517241 11.963013 3.141593 0.400000 80.000000
16.500000 1.919282 0.500000 12.975002 3.141593 0.400000 80.000000
16.750000 1.977883 0.500000 13.735004 3.141593 0.400000 80.000000
17.000000 2.037365 0.500000 14.667342 3.141593 0.400000 80.000000
17.250000 2.097728 0.555556 15.201318 3.141593 0.400000 80.000000
17.500000 2.158972 0.526316 15.843914 3.141593 0.400000 80.000000
17.750000 2.221098 0.500000 16.735413 3.141593 0.400000 80.000000
18.000000 2.284105 0.500000 17.314471 3.141593 0.400000 80.000000
18.250000 2.347993 0.523256 17.890775 3.141593 0.400000 80.000000
18.500000 2.412762 0.535714 18.369358 3.141593 0.400000 80.000000
18.750000 2.478412 0.548780 18.763696 3.141593 0.400000 80.000000
19.000000 2.544944 0.562500 19.142902 3.141593 0.400000 80.000000
