6.000000 0.253789 0.906593 -1.545872 1.570796 0.400000 17.000000
6.250000 0.275379 0.887097 -1.609419 1.570796 0.400000 17.000000
6.500000 0.297850 0.842697 -1.508523 1.570796 0.400000 17.000000
6.750000 0.321202 1.105263 -1.620984 1.570796 0.400000 17.000000
7.000000 0.345436 0.862069 -1.588878 1.570796 0.400000 17.000000
7.250000 0.370550 0.818182 -1.573285 1.570796 0.400000 17.000000
7.500000 0.396546 0.803571 -1.496989 1.570796 0.400000 17.000000
7.750000 0.423423 0.700935 -1.519500 1.570796 0.400000 17.000000
8.000000 0.451181 0.500000 0.631413 1.570796 0.400000 17.000000
8.250000 0.479821 0.500000 1.378588 1.570796 0.400000 17.000000
8.500000 0.509341 0.500000 1.753181 1.570796 0.400000 17.000000
8.750000 0.539743 0.500000 1.901550 1.570796 0.400000 17.000000
9.000000 0.571026 0.506431 1.841776 1.570796 0.400000 17.000000
9.250000 0.603190 0.500000 1.580382 1.570796 0.400000 17.000000
9.500000 0.636236 0.500000 1.019754 1.570796 0.400000 17.000000
9.750000 0.670163 0.500000 1.807542 1.570796 0.400000 17.000000
10.000000 0.704971 0.500000 2.958134 1.570796 0.400000 17.000000
10.250000 0.740660 0.513158 3.735528 1.570796 0.400000 17.000000
10.500000 0.777230 0.511364 4.311282 1.570796 0.400000 17.000000
10.750000 0.814682 0.517241 4.726484 1.570796 0.400000 17.000000
11.000000 0.853014 0.511364 5.044466 1.570796 0.400000 17.000000
11.250000 0.892228 0.517241 5.260523 1.570796 0.400000 17.000000
11.500000 0.932324 0.500000 5.393734 1.570796 0.400000 17.000000
11.750000 0.973300 0.500000 5.424534 1.570796 0.400000 17.000000
12.000000 1.015158 0.500000 5.391380 1.570796 0.400000 17.000000
12.250000 1.057896 0.521739 5.253780 1.570796 0.400000 17.000000
12.500000 1.101516 0.500000 5.087342 1.570796 0.400000 17.000000
12.750000 1.146018 0.519231 4.749073 1.570796 0.400000 17.000000
13.000000 1.191400 0.517241 4.333899 1.570796 0.400000 17.000000
13.250000 1.237664 0.500000 3.798596 1.570796 0.400000 17.000000
13.500000 1.284809 0.507246 3.033397 1.570796 0.400000 17.000000
13.750000 1.332835 0.506135 1.950365 1.570796 0.400000 17.000000
14.000000 1.381742 0.500000 -0.300158 1.570796 0.400000 17.000000
14.250000 1.431531 0.487500 -1.136931 1.570796 0.400000 17.000000
14.500000 1.482201 0.492958 -1.279374 1.570796 0.400000 17.000000
14.750000 1.533752 0.479452 -1.191310 1.570796 0.400000 17.000000
15.000000 1.586184 0.475352 -1.140732 1.570796 0.400000 17.000000
15.250000 1.639497 1.000000 0.358662 4.712389 0.400000 17.000000
15.500000 1.693692 0.656250 2.906339 3.141593 0.400000 17.000000
15.750000 1.748768 0.496324 5.756979 3.141593 0.400000 17.000000
16.000000 1.804725 0.512821 7.973772 3.141593 0.400000 17.000000
16.250000 1.861563 0.500000 9.746751 3.141593 0.400000 17.000000
16.500000 1.919282 0.500000 11.330611 3.141593 0.400000 17.000000
16.750000 1.977883 0.514706 11.602154 3.141593 0.400000 17.000000
17.000000 2.037365 0.529412 13.508248 3.141593 0.400000 17.000000
17.250000 2.097728 0.520833 14.629307 3.141593 0.400000 17.000000
17.500000 2.158972 0.535714 15.559448 3.141593 0.400000 17.000000
17.750000 2.221098 0.535714 16.479648 3.141593 0.400000 17.000000
18.000000 2.284105 0.500000 17.500115 3.141593 0.400000 17.000000
18.250000 2.347993 0.535714 18.203924 3.141593 0.400000 17.000000
18.500000 2.412762 0.562500 18.942121 3.141593 0.400000 17.000000
18.750000 2.478412 0.576923 19.750765 3.141593 0.400000 17.000000
19.000000 2.544944 0.576923 20.496111 3.141593 0.400000 17.000000
