6.000000 0.253789 0.843750 -1.680375 1.570796 0.400000 722.000000
6.250000 0.275379 1.097561 -1.707955 1.570796 0.400000 722.000000
6.500000 0.297850 0.852273 -1.669282 1.570796 0.400000 722.000000
6.750000 0.321202 0.982143 -1.657758 1.570796 0.400000 722.000000
7.000000 0.345436 1.083333 -1.750740 1.570796 0.400000 722.000000
7.250000 0.370550 1.071429 -1.662145 1.570796 0.400000 722.000000
7.500000 0.396546 0.707547 -1.716338 1.570796 0.400000 722.000000
7.750000 0.423423 0.946602 -1.603745 1.570796 0.400000 722.000000
8.000000 0.451181 0.984848 -1.696893 1.570796 0.400000 722.000000
8.250000 0.479821 0.581897 -1.509053 1.570796 0.400000 722.000000
8.500000 0.509341 0.862832 -1.312661 1.570796 0.400000 722.000000
8.750000 0.539743 0.500000 0.807401 1.570796 0.400000 722.000000
9.000000 0.571026 0.498555 1.628061 1.570796 0.400000 722.000000
9.250000 0.603190 0.500000 2.233965 1.570796 0.400000 722.000000
9.500000 0.636236 0.500000 2.888042 1.570796 0.400000 722.000000
9.750000 0.670163 0.512195 3.215531 1.570796 0.400000 722.000000
10.000000 0.704971 0.500000 3.470180 1.570796 0.400000 722.000000
10.250000 0.740660 0.500000 3.588612 1.570796 0.400000 722.000000
10.500000 0.777230 0.512422 3.577374 1.570796 0.400000 722.000000
10.750000 0.814682 0.500000 3.467504 1.570796 0.400000 722.000000
11.000000 0.853014 0.500000 3.212728 1.570796 0.400000 722.000000
11.250000 0.892228 0.509709 2.791140 1.570796 0.400000 722.000000
11.500000 0.932324 0.500000 2.171093 1.570796 0.400000 722.000000
11.750000 0.973300 0.500000 1.164678 1.570796 0.400000 722.000000
12.000000 1.015158 0.497449 -2.085895 1.570796 0.400000 722.000000
12.250000 1.057896 0.590909 -0.887927 1.570796 0.400000 722.000000
12.500000 1.101516 0.455801 -1.208486 1.570796 0.400000 722.000000
12.750000 1.146018 0.573248 -1.572738 1.570796 0.400000 722.000000
13.000000 1.191400 0.494012 -1.254952 1.570796 0.400000 722.000000
13.250000 1.237664 0.583832 -1.649570 1.570796 0.400000 722.000000
13.500000 1.284809 0.538674 -1.437432 1.570796 0.400000 722.000000
13.750000 1.332835 0.587349 -1.568904 1.570796 0.400000 722.000000
14.000000 1.381742 0.481283 -1.530413 1.570796 0.400000 722.000000
14.250000 1.431531 0.497449 -1.314668 1.570796 0.400000 722.000000
14.500000 1.482201 0.481283 -1.523904 1.570796 0.400000 722.000000
14.750000 1.533752 0.502232 -1.078217 1.570796 0.400000 722.000000
15.000000 1.586184 0.612245 -1.694292 1.570796 0.400000 722.000000
15.250000 1.639497 1.000000 -0.195252 4.712389 0.400000 722.000000
15.500000 1.693692 1.000000 2.464867 4.712389 0.400000 722.000000
15.750000 1.748768 0.997537 3.447869 4.712389 0.400000 722.000000
16.000000 1.804725 0.496324 6.009563 3.141593 0.400000 722.000000
16.250000 1.861563 0.508475 8.312401 3.141593 0.400000 722.000000
16.500000 1.919282 0.500000 10.125865 3.141593 0.400000 722.000000
16.750000 1.977883 0.500000 11.667923 3.141593 0.400000 722.000000
17.000000 2.037365 0.523256 12.783968 3.141593 0.400000 722.000000
17.250000 2.097728 0.511364 13.937271 3.141593 0.400000 722.000000
17.500000 2.158972 0.500000 15.377895 3.141593 0.400000 722.000000
17.750000 2.221098 0.500000 16.487612 3.141593 0.400000 722.000000
18.000000 2.284105 0.500000 17.448116 3.141593 0.400000 722.000000
18.250000 2.347993 0.535714 18.226397 3.141593 0.400000 722.000000
18.500000 2.412762 0.576923 19.149807 3.141593 0.400000 722.000000
18.750000 2.478412 0.500000 20.119298 3.141593 0.400000 722.000000
19.000000 2.544944 0.535714 20.793001 3.141593 0.400000 722.000000
