6.000000 0.253789 1.031250 -1.705905 1.570796 0.400000 406.000000
6.250000 0.275379 1.044304 -1.719633 1.570796 0.400000 406.000000
6.500000 0.297850 0.982143 -1.793800 1.570796 0.400000 406.000000
6.750000 0.321202 0.948276 -1.711342 1.570796 0.400000 406.000000
7.000000 0.345436 0.833333 -1.737598 1.570796 0.400000 406.000000
7.250000 0.370550 0.900000 -1.643562 1.570796 0.400000 406.000000
7.500000 0.396546 1.082474 -1.743549 1.570796 0.400000 406.000000
7.750000 0.423423 0.721154 -1.805068 1.570796 0.400000 406.000000
8.000000 0.451181 0.981308 -1.247362 1.570796 0.400000 406.000000
8.250000 0.479821 0.521739 -2.008495 1.570796 0.400000 406.000000
8.500000 0.509341 0.500000 0.777366 1.570796 0.400000 406.000000
8.750000 0.539743 0.500000 1.731796 1.570796 0.400000 406.000000
9.000000 0.571026 0.504386 2.268493 1.570796 0.400000 406.000000
9.250000 0.603190 0.500000 2.580977 1.570796 0.400000 406.000000
9.500000 0.636236 0.509050 2.713356 1.570796 0.400000 406.000000
9.750000 0.670163 0.500000 2.723449 1.570796 0.400000 406.000000
10.000000 0.704971 0.511364 2.563804 1.570796 0.400000 406.000000
10.250000 0.740660 0.510471 3.404813 1.570796 0.400000 406.000000
10.500000 0.777230 0.502793 4.074078 1.570796 0.400000 406.000000
10.750000 0.814682 0.512422 4.358012 1.570796 0.400000 406.000000
11.000000 0.853014 0.518868 4.451078 1.570796 0.400000 406.000000
11.250000 0.892228 0.512422 4.419545 1.570796 0.400000 406.000000
11.500000 0.932324 0.514286 4.271393 1.570796 0.400000 406.000000
11.750000 0.973300 0.514286 4.042707 1.570796 0.400000 406.000000
12.000000 1.015158 0.500000 3.689156 1.570796 0.400000 406.000000
12.250000 1.057896 0.508475 3.154648 1.570796 0.400000 406.000000
12.500000 1.101516 0.500000 2.423543 1.570796 0.400000 406.000000
12.750000 1.146018 0.500000 1.279586 1.570796 0.400000 406.000000
13.000000 1.191400 0.496988 -1.769338 1.570796 0.400000 406.000000
13.250000 1.237664 0.727273 -1.482290 1.570796 0.400000 406.000000
13.500000 1.284809 0.529412 -1.449490 1.570796 0.400000 406.000000
13.750000 1.332835 0.538462 -1.369736 1.570796 0.400000 406.000000
14.000000 1.381742 0.652174 -1.491682 1.570796 0.400000 406.000000
14.250000 1.431531 0.710059 -1.822495 1.570796 0.400000 406.000000
14.500000 1.482201 0.418605 -1.221775 1.570796 0.400000 406.000000
14.750000 1.533752 0.527638 -1.497524 1.570796 0.400000 406.000000
15.000000 1.586184 0.633333 -1.515168 1.570796 0.400000 406.000000
15.250000 1.639497 1.000000 -1.641354 4.712389 0.400000 406.000000
15.500000 1.693692 1.000000 2.116242 4.712389 0.400000 406.000000
15.750000 1.748768 1.000000 3.109103 4.712389 0.400000 406.000000
16.000000 1.804725 0.566038 5.392747 3.141593 0.400000 406.000000
16.250000 1.861563 0.527344 7.310582 3.141593 0.400000 406.000000
16.500000 1.919282 0.500000 9.133603 3.141593 0.400000 406.000000
16.750000 1.977883 0.500000 11.622958 3.141593 0.400000 406.000000
17.000000 2.037365 0.500000 13.169844 3.141593 0.400000 406.000000
17.250000 2.097728 0.500000 14.293086 3.141593 0.400000 406.000000
17.500000 2.158972 0.500000 15.382372 3.141593 0.400000 406.000000
17.750000 2.221098 0.500000 16.371551 3.141593 0.400000 406.000000
18.000000 2.284105 0.576923 17.395032 3.141593 0.400000 406.000000
18.250000 2.347993 0.535714 18.216298 3.141593 0.400000 406.000000
18.500000 2.412762 0.548780 19.011146 3.141593 0.400000 406.000000
18.750000 2.478412 0.576923 19.856840 3.141593 0.400000 406.000000
19.000000 2.544944 0.576923 20.672940 3.141593 0.400000 406.000000
