6.000000 0.253789 1.371951 -1.677864 1.570796 0.400000 662.000000
6.250000 0.275379 1.168831 -1.628741 1.570796 0.400000 662.000000
6.500000 0.297850 1.166667 -1.659362 1.570796 0.400000 662.000000
6.750000 0.321202 1.304348 -1.634708 1.570796 0.400000 662.000000
7.000000 0.345436 1.147059 -1.700509 1.570796 0.400000 662.000000
7.250000 0.370550 1.019417 -1.588351 1.570796 0.400000 662.000000
7.500000 0.396546 0.965347 -1.647804 1.570796 0.400000 662.000000
7.750000 0.423423 0.882353 -1.807269 1.570796 0.400000 662.000000
8.000000 0.451181 1.169725 -1.217395 1.570796 0.400000 662.000000
8.250000 0.479821 0.510204 -1.486018 1.570796 0.400000 662.000000
8.500000 0.509341 0.500000 0.951514 1.570796 0.400000 662.000000
8.750000 0.539743 0.500000 1.806322 1.570796 0.400000 662.000000
9.000000 0.571026 0.500000 2.296491 1.570796 0.400000 662.000000
9.250000 0.603190 0.500000 2.570534 1.570796 0.400000 662.000000
9.500000 0.636236 0.497788 2.661723 1.570796 0.400000 662.000000
9.750000 0.670163 0.500000 2.662634 1.570796 0.400000 662.000000
10.000000 0.704971 0.513699 2.717920 1.570796 0.400000 662.000000
10.250000 0.740660 0.514286 3.773594 1.570796 0.400000 662.000000
10.500000 0.777230 0.500000 4.216878 1.570796 0.400000 662.000000
10.750000 0.814682 0.513699 4.432356 1.570796 0.400000 662.000000
11.000000 0.853014 0.517241 4.516242 1.570796 0.400000 662.000000
11.250000 0.892228 0.513699 4.510439 1.570796 0.400000 662.000000
11.500000 0.932324 0.500000 4.416679 1.570796 0.400000 662.000000
11.750000 0.973300 0.500000 4.186276 1.570796 0.400000 662.000000
12.000000 1.015158 0.500000 3.856083 1.570796 0.400000 662.000000
12.250000 1.057896 0.512195 3.379469 1.570796 0.400000 662.000000
12.500000 1.101516 0.505952 2.722231 1.570796 0.400000 662.000000
12.750000 1.146018 0.500000 1.745960 1.570796 0.400000 662.000000
13.000000 1.191400 0.500000 -0.345588 1.570796 0.400000 662.000000
13.250000 1.237664 0.608108 -0.908994 1.570796 0.400000 662.000000
13.500000 1.284809 0.538462 -1.221206 1.570796 0.400000 662.000000
13.750000 1.332835 0.535714 -1.299106 1.570796 0.400000 662.000000
14.000000 1.381742 0.483871 -1.414243 1.570796 0.400000 662.000000
14.250000 1.431531 0.579897 -1.497076 1.570796 0.400000 662.000000
14.500000 1.482201 0.655738 -1.519126 1.570796 0.400000 662.000000
14.750000 1.533752 0.642857 -1.515618 1.570796 0.400000 662.000000
15.000000 1.586184 0.730088 -1.542764 1.570796 0.400000 662.000000
15.250000 1.639497 1.000000 0.180951 4.712389 0.400000 662.000000
15.500000 1.693692 1.000000 2.572298 4.712389 0.400000 662.000000
15.750000 1.748768 1.000000 3.626826 4.712389 0.400000 662.000000
16.000000 1.804725 0.596026 5.687392 3.141593 0.400000 662.000000
16.250000 1.861563 0.550000 6.622411 3.141593 0.400000 662.000000
16.500000 1.919282 0.509709 9.951042 3.141593 0.400000 662.000000
16.750000 1.977883 0.500000 11.848635 3.141593 0.400000 662.000000
17.000000 2.037365 0.520833 13.211168 3.141593 0.400000 662.000000
17.250000 2.097728 0.528169 14.453451 3.141593 0.400000 662.000000
17.500000 2.158972 0.535714 15.453446 3.141593 0.400000 662.000000
17.750000 2.221098 0.517241 16.530403 3.141593 0.400000 662.000000
18.000000 2.284105 0.500000 17.542845 3.141593 0.400000 662.000000
18.250000 2.347993 0.535714 18.237749 3.141593 0.400000 662.000000
18.500000 2.412762 0.548780 19.001436 3.141593 0.400000 662.000000
18.750000 2.478412 0.576923 19.825344 3.141593 0.400000 662.000000
19.000000 2.544944 0.592105 20.562109 3.141593 0.400000 662.000000
