6.000000 0.253789 1.046512 -1.611837 1.570796 0.400000 113.000000
6.250000 0.275379 1.107955 -1.661026 1.570796 0.400000 113.000000
6.500000 0.297850 1.071429 -1.703638 1.570796 0.400000 113.000000
6.750000 0.321202 1.147059 -1.761695 1.570796 0.400000 113.000000
7.000000 0.345436 1.037234 -1.700091 1.570796 0.400000 113.000000
7.250000 0.370550 0.785714 -1.696680 1.570796 0.400000 113.000000
7.500000 0.396546 0.909091 -1.607208 1.570796 0.400000 113.000000
7.750000 0.423423 0.681818 -1.444512 1.570796 0.400000 113.000000
8.000000 0.451181 0.500000 0.692550 1.570796 0.400000 113.000000
8.250000 0.479821 0.500000 1.397458 1.570796 0.400000 113.000000
8.500000 0.509341 0.500000 1.747328 1.570796 0.400000 113.000000
8.750000 0.539743 0.500000 1.873922 1.570796 0.400000 113.000000
9.000000 0.571026 0.500000 1.795088 1.570796 0.400000 113.000000
9.250000 0.603190 0.500000 1.494088 1.570796 0.400000 113.000000
9.500000 0.636236 0.500000 1.849223 1.570796 0.400000 113.000000
9.750000 0.670163 0.506757 2.826184 1.570796 0.400000 113.000000
10.000000 0.704971 0.507117 3.482569 1.570796 0.400000 113.000000
10.250000 0.740660 0.500000 3.953437 1.570796 0.400000 113.000000
10.500000 0.777230 0.513699 4.274628 1.570796 0.400000 113.000000
10.750000 0.814682 0.500000 4.509467 1.570796 0.400000 113.000000
11.000000 0.853014 0.515267 4.596467 1.570796 0.400000 113.000000
11.250000 0.892228 0.515267 4.612472 1.570796 0.400000 113.000000
11.500000 0.932324 0.500000 4.541590 1.570796 0.400000 113.000000
11.750000 0.973300 0.513699 4.334147 1.570796 0.400000 113.000000
12.000000 1.015158 0.500000 4.078935 1.570796 0.400000 113.000000
12.250000 1.057896 0.514286 3.632552 1.570796 0.400000 113.000000
12.500000 1.101516 0.507246 3.056078 1.570796 0.400000 113.000000
12.750000 1.146018 0.503534 2.225787 1.570796 0.400000 113.000000
13.000000 1.191400 0.500000 0.845909 1.570796 0.400000 113.000000
13.250000 1.237664 0.502092 -0.119550 1.570796 0.400000 113.000000
13.500000 1.284809 0.497788 -1.114084 1.570796 0.400000 113.000000
13.750000 1.332835 0.449102 -1.414728 1.570796 0.400000 113.000000
14.000000 1.381742 0.502577 -1.226763 1.570796 0.400000 113.000000
14.250000 1.431531 0.524194 -1.626153 1.570796 0.400000 113.000000
14.500000 1.482201 0.583333 -1.432808 1.570796 0.400000 113.000000
14.750000 1.533752 0.481651 -1.348773 1.570796 0.400000 113.000000
15.000000 1.586184 0.557851 -1.601832 1.570796 0.400000 113.000000
15.250000 1.639497 1.000000 0.912472 4.712389 0.400000 113.000000
15.500000 1.693692 0.714286 3.642908 3.141593 0.400000 113.000000
15.750000 1.748768 0.621019 5.786714 3.141593 0.400000 113.000000
16.000000 1.804725 0.555556 7.654142 3.141593 0.400000 113.000000
16.250000 1.861563 0.512821 9.317801 3.141593 0.400000 113.000000
16.500000 1.919282 0.508475 11.027620 3.141593 0.400000 113.000000
16.750000 1.977883 0.525000 11.316318 3.141593 0.400000 113.000000
17.000000 2.037365 0.500000 12.662291 3.141593 0.400000 113.000000
17.250000 2.097728 0.500000 13.971247 3.141593 0.400000 113.000000
17.500000 2.158972 0.500000 15.122759 3.141593 0.400000 113.000000
17.750000 2.221098 0.500000 16.133628 3.141593 0.400000 113.000000
18.000000 2.284105 0.555556 17.192485 3.141593 0.400000 113.000000
18.250000 2.347993 0.500000 18.245379 3.141593 0.400000 113.000000
18.500000 2.412762 0.523256 19.143331 3.141593 0.400000 113.000000
18.750000 2.478412 0.548780 19.832128 3.141593 0.400000 113.000000
19.000000 2.544944 0.576923 20.688455 3.141593 0.400000 113.000000
