6.000000 0.253789 0.823171 -1.735402 1.570796 0.400000 321.000000
6.250000 0.275379 0.865385 -1.742997 1.570796 0.400000 321.000000
6.500000 0.297850 0.758427 -1.741693 1.570796 0.400000 321.000000
6.750000 0.321202 0.803571 -1.740402 1.570796 0.400000 321.000000
7.000000 0.345436 0.852273 -1.766513 1.570796 0.400000 321.000000
7.250000 0.370550 0.926966 -1.701527 1.570796 0.400000 321.000000
7.500000 0.396546 0.714286 -1.633307 1.570796 0.400000 321.000000
7.750000 0.423423 0.833333 -1.624051 1.570796 0.400000 321.000000
8.000000 0.451181 0.710526 -1.737702 1.570796 0.400000 321.000000
8.250000 0.479821 0.576923 -1.502819 1.570796 0.400000 321.000000
8.500000 0.509341 0.503049 -0.841934 1.570796 0.400000 321.000000
8.750000 0.539743 0.500000 1.331008 1.570796 0.400000 321.000000
9.000000 0.571026 0.498489 1.790494 1.570796 0.400000 321.000000
9.250000 0.603190 0.511364 2.281213 1.570796 0.400000 321.000000
9.500000 0.636236 0.500000 2.870920 1.570796 0.400000 321.000000
9.750000 0.670163 0.512195 3.222065 1.570796 0.400000 321.000000
10.000000 0.704971 0.500000 3.463074 1.570796 0.400000 321.000000
10.250000 0.740660 0.517241 3.551040 1.570796 0.400000 321.000000
10.500000 0.777230 0.500000 3.553844 1.570796 0.400000 321.000000
10.750000 0.814682 0.511364 3.385547 1.570796 0.400000 321.000000
11.000000 0.853014 0.513158 3.108071 1.570796 0.400000 321.000000
11.250000 0.892228 0.509050 2.672010 1.570796 0.400000 321.000000
11.500000 0.932324 0.500000 2.005523 1.570796 0.400000 321.000000
11.750000 0.973300 0.500000 0.880674 1.570796 0.400000 321.000000
12.000000 1.015158 0.489130 -2.821105 1.570796 0.400000 321.000000
12.250000 1.057896 0.477707 -1.304252 1.570796 0.400000 321.000000
12.500000 1.101516 0.451807 -1.249624 1.570796 0.400000 321.000000
12.750000 1.146018 0.476879 -1.146373 1.570796 0.400000 321.000000
13.000000 1.191400 0.485294 -1.394497 1.570796 0.400000 321.000000
13.250000 1.237664 0.479651 -1.816185 1.570796 0.400000 321.000000
13.500000 1.284809 0.451807 -1.486531 1.570796 0.400000 321.000000
13.750000 1.332835 0.496988 -1.674227 1.570796 0.400000 321.000000
14.000000 1.381742 0.502793 -1.525241 1.570796 0.400000 321.000000
14.250000 1.431531 0.423077 -1.480931 1.570796 0.400000 321.000000
14.500000 1.482201 0.454545 -1.457260 1.570796 0.400000 321.000000
14.750000 1.533752 0.422535 -1.539920 1.570796 0.400000 321.000000
15.000000 1.586184 0.576923 -1.713848 1.570796 0.400000 321.000000
15.250000 1.639497 1.000000 -0.539304 4.712389 0.400000 321.000000
15.500000 1.693692 0.809129 2.947947 3.141593 0.400000 321.000000
15.750000 1.748768 0.677711 5.232595 3.141593 0.400000 321.000000
16.000000 1.804725 0.563910 7.397803 3.141593 0.400000 321.000000
16.250000 1.861563 0.500000 9.312454 3.141593 0.400000 321.000000
16.500000 1.919282 0.514706 11.211678 3.141593 0.400000 321.000000
16.750000 1.977883 0.529412 12.760265 3.141593 0.400000 321.000000
17.000000 2.037365 0.529412 13.696886 3.141593 0.400000 321.000000
17.250000 2.097728 0.543478 14.331468 3.141593 0.400000 321.000000
17.500000 2.158972 0.500000 15.340997 3.141593 0.400000 321.000000
17.750000 2.221098 0.576923 16.343238 3.141593 0.400000 321.000000
18.000000 2.284105 0.545455 17.203448 3.141593 0.400000 321.000000
18.250000 2.347993 0.500000 18.299847 3.141593 0.400000 321.000000
18.500000 2.412762 0.535714 19.079450 3.141593 0.400000 321.000000
18.750000 2.478412 0.562500 19.921419 3.141593 0.400000 321.000000
19.000000 2.544944 0.592105 20.770575 3.141593 0.400000 321.000000
