6.000000 0.253789 1.481481 -1.751709 1.570796 0.400000 302.000000
6.250000 0.275379 1.481481 -1.784056 1.570796 0.400000 302.000000
6.500000 0.297850 1.517857 -1.821550 1.570796 0.400000 302.000000
6.750000 0.321202 1.465517 -1.766526 1.570796 0.400000 302.000000
7.000000 0.345436 1.411765 -1.854393 1.570796 0.400000 302.000000
7.250000 0.370550 1.318681 -1.735050 1.570796 0.400000 302.000000
7.500000 0.396546 1.515957 -1.847440 1.570796 0.400000 302.000000
7.750000 0.423423 1.153846 -1.675512 1.570796 0.400000 302.000000
8.000000 0.451181 1.250000 -1.745071 1.570796 0.400000 302.000000
8.250000 0.479821 0.860656 -1.224773 1.570796 0.400000 302.000000
8.500000 0.509341 0.500000 0.029155 1.570796 0.400000 302.000000
8.750000 0.539743 0.500000 1.451271 1.570796 0.400000 302.000000
9.000000 0.571026 0.500000 2.115839 1.570796 0.400000 302.000000
9.250000 0.603190 0.500000 2.293537 1.570796 0.400000 302.000000
9.500000 0.636236 0.500000 2.835307 1.570796 0.400000 302.000000
9.750000 0.670163 0.500000 3.028348 1.570796 0.400000 302.000000
10.000000 0.704971 0.511364 3.387857 1.570796 0.400000 302.000000
10.250000 0.740660 0.517241 3.600959 1.570796 0.400000 302.000000
10.500000 0.777230 0.500000 3.685895 1.570796 0.400000 302.000000
10.750000 0.814682 0.500000 3.627616 1.570796 0.400000 302.000000
11.000000 0.853014 0.511364 3.419603 1.570796 0.400000 302.000000
11.250000 0.892228 0.512195 3.070350 1.570796 0.400000 302.000000
11.500000 0.932324 0.508475 2.552771 1.570796 0.400000 302.000000
11.750000 0.973300 0.505865 1.757851 1.570796 0.400000 302.000000
12.000000 1.015158 0.500000 0.273504 1.570796 0.400000 302.000000
12.250000 1.057896 0.615385 -0.476637 1.570796 0.400000 302.000000
12.500000 1.101516 0.538462 -1.239178 1.570796 0.400000 302.000000
12.750000 1.146018 0.628743 -1.401473 1.570796 0.400000 302.000000
13.000000 1.191400 0.628492 -1.249944 1.570796 0.400000 302.000000
13.250000 1.237664 0.646552 -1.502052 1.570796 0.400000 302.000000
13.500000 1.284809 0.666667 -1.367398 1.570796 0.400000 302.000000
13.750000 1.332835 0.674603 -1.514801 1.570796 0.400000 302.000000
14.000000 1.381742 0.625000 -1.396418 1.570796 0.400000 302.000000
14.250000 1.431531 0.568720 -1.316137 1.570796 0.400000 302.000000
14.500000 1.482201 0.610860 -1.205507 1.570796 0.400000 302.000000
14.750000 1.533752 0.760870 -1.382285 1.570796 0.400000 302.000000
15.000000 1.586184 0.681818 -1.467758 1.570796 0.400000 302.000000
15.250000 1.639497 1.000000 0.660262 4.712389 0.400000 302.000000
15.500000 1.693692 0.996979 2.429445 4.712389 0.400000 302.000000
15.750000 1.748768 0.632530 4.514359 3.141593 0.400000 302.000000
16.000000 1.804725 0.551471 6.693818 3.141593 0.400000 302.000000
16.250000 1.861563 0.500000 8.561191 3.141593 0.400000 302.000000
16.500000 1.919282 0.517241 10.096913 3.141593 0.400000 302.000000
16.750000 1.977883 0.500000 11.496303 3.141593 0.400000 302.000000
17.000000 2.037365 0.523256 13.211102 3.141593 0.400000 302.000000
17.250000 2.097728 0.500000 14.344412 3.141593 0.400000 302.000000
17.500000 2.158972 0.500000 15.482393 3.141593 0.400000 302.000000
17.750000 2.221098 0.500000 16.460051 3.141593 0.400000 302.000000
18.000000 2.284105 0.555556 17.283321 3.141593 0.400000 302.000000
18.250000 2.347993 0.500000 18.289495 3.141593 0.400000 302.000000
18.500000 2.412762 0.535714 18.980276 3.141593 0.400000 302.000000
18.750000 2.478412 0.562500 19.706616 3.141593 0.400000 302.000000
19.000000 2.544944 0.576923 20.503305 3.141593 0.400000 302.000000
