6.000000 0.253789 1.160714 -1.652676 1.570796 0.400000 61.000000
6.250000 0.275379 1.235294 -1.704033 1.570796 0.400000 61.000000
6.500000 0.297850 1.250000 -1.704591 1.570796 0.400000 61.000000
6.750000 0.321202 1.107955 -1.707650 1.570796 0.400000 61.000000
7.000000 0.345436 1.153846 -1.693439 1.570796 0.400000 61.000000
7.250000 0.370550 1.188119 -1.684525 1.570796 0.400000 61.000000
7.500000 0.396546 1.000000 -1.693032 1.570796 0.400000 61.000000
7.750000 0.423423 1.214286 -1.640715 1.570796 0.400000 61.000000
8.000000 0.451181 1.029412 -1.891640 1.570796 0.400000 61.000000
8.250000 0.479821 0.500000 0.187217 1.570796 0.400000 61.000000
8.500000 0.509341 0.500000 1.356526 1.570796 0.400000 61.000000
8.750000 0.539743 0.500000 1.951248 1.570796 0.400000 61.000000
9.000000 0.571026 0.508475 2.275719 1.570796 0.400000 61.000000
9.250000 0.603190 0.505618 2.419383 1.570796 0.400000 61.000000
9.500000 0.636236 0.500000 2.382905 1.570796 0.400000 61.000000
9.750000 0.670163 0.500000 2.284578 1.570796 0.400000 61.000000
10.000000 0.704971 0.500000 3.170419 1.570796 0.400000 61.000000
10.250000 0.740660 0.500000 3.785478 1.570796 0.400000 61.000000
10.500000 0.777230 0.500000 4.345034 1.570796 0.400000 61.000000
10.750000 0.814682 0.513699 4.674137 1.570796 0.400000 61.000000
11.000000 0.853014 0.519231 4.905065 1.570796 0.400000 61.000000
11.250000 0.892228 0.515267 5.034483 1.570796 0.400000 61.000000
11.500000 0.932324 0.519231 5.073695 1.570796 0.400000 61.000000
11.750000 0.973300 0.519231 5.033760 1.570796 0.400000 61.000000
12.000000 1.015158 0.500000 4.923886 1.570796 0.400000 61.000000
12.250000 1.057896 0.515267 4.702186 1.570796 0.400000 61.000000
12.500000 1.101516 0.517241 4.376694 1.570796 0.400000 61.000000
12.750000 1.146018 0.512422 3.927193 1.570796 0.400000 61.000000
13.000000 1.191400 0.507812 3.324642 1.570796 0.400000 61.000000
13.250000 1.237664 0.507519 2.473534 1.570796 0.400000 61.000000
13.500000 1.284809 0.500000 1.132371 1.570796 0.400000 61.000000
13.750000 1.332835 0.531716 -0.112111 1.570796 0.400000 61.000000
14.000000 1.381742 0.464602 -1.091484 1.570796 0.400000 61.000000
14.250000 1.431531 0.532787 -1.397050 1.570796 0.400000 61.000000
14.500000 1.482201 0.519802 -1.262858 1.570796 0.400000 61.000000
14.750000 1.533752 0.431416 -1.342394 1.570796 0.400000 61.000000
15.000000 1.586184 0.591286 -1.387073 1.570796 0.400000 61.000000
15.250000 1.639497 1.000000 -0.599954 4.712389 0.400000 61.000000
15.500000 1.693692 1.000000 2.361673 4.712389 0.400000 61.000000
15.750000 1.748768 0.750000 4.240866 3.141593 0.400000 61.000000
16.000000 1.804725 0.707547 5.960023 3.141593 0.400000 61.000000
16.250000 1.861563 0.512821 8.679143 3.141593 0.400000 61.000000
16.500000 1.919282 0.500000 10.835677 3.141593 0.400000 61.000000
16.750000 1.977883 0.500000 12.375384 3.141593 0.400000 61.000000
17.000000 2.037365 0.513699 13.631990 3.141593 0.400000 61.000000
17.250000 2.097728 0.526316 14.674238 3.141593 0.400000 61.000000
17.500000 2.158972 0.500000 15.671800 3.141593 0.400000 61.000000
17.750000 2.221098 0.500000 16.796092 3.141593 0.400000 61.000000
18.000000 2.284105 0.548780 17.420994 3.141593 0.400000 61.000000
18.250000 2.347993 0.576923 18.254341 3.141593 0.400000 61.000000
18.500000 2.412762 0.592105 19.163506 3.141593 0.400000 61.000000
18.750000 2.478412 0.500000 19.919497 3.141593 0.400000 61.000000
19.000000 2.544944 0.500000 20.643365 3.141593 0.400000 61.000000
