6.000000 0.253789 0.959302 -1.613327 1.570796 0.400000 182.000000
6.250000 0.275379 0.926966 -1.655474 1.570796 0.400000 182.000000
6.500000 0.297850 0.926966 -1.727167 1.570796 0.400000 182.000000
6.750000 0.321202 0.937500 -1.717968 1.570796 0.400000 182.000000
7.000000 0.345436 0.887097 -1.676353 1.570796 0.400000 182.000000
7.250000 0.370550 0.800971 -1.640392 1.570796 0.400000 182.000000
7.500000 0.396546 0.900000 -1.749982 1.570796 0.400000 182.000000
7.750000 0.423423 0.500000 0.104262 1.570796 0.400000 182.000000
8.000000 0.451181 0.500000 1.056938 1.570796 0.400000 182.000000
8.250000 0.479821 0.639535 -1.408095 1.570796 0.400000 182.000000
8.500000 0.509341 0.500000 1.657649 1.570796 0.400000 182.000000
8.750000 0.539743 0.500000 1.607462 1.570796 0.400000 182.000000
9.000000 0.571026 0.500000 1.325328 1.570796 0.400000 182.000000
9.250000 0.603190 0.500000 0.713334 1.570796 0.400000 182.000000
9.500000 0.636236 0.500000 1.533664 1.570796 0.400000 182.000000
9.750000 0.670163 0.500000 2.665206 1.570796 0.400000 182.000000
10.000000 0.704971 0.500000 3.410504 1.570796 0.400000 182.000000
10.250000 0.740660 0.510471 3.936191 1.570796 0.400000 182.000000
10.500000 0.777230 0.518868 4.308365 1.570796 0.400000 182.000000
10.750000 0.814682 0.520833 4.564797 1.570796 0.400000 182.000000
11.000000 0.853014 0.523256 4.733671 1.570796 0.400000 182.000000
11.250000 0.892228 0.515267 4.779903 1.570796 0.400000 182.000000
11.500000 0.932324 0.511364 4.758878 1.570796 0.400000 182.000000
11.750000 0.973300 0.519231 4.640322 1.570796 0.400000 182.000000
12.000000 1.015158 0.520833 4.410545 1.570796 0.400000 182.000000
12.250000 1.057896 0.510204 4.101288 1.570796 0.400000 182.000000
12.500000 1.101516 0.514286 3.620460 1.570796 0.400000 182.000000
12.750000 1.146018 0.509709 2.991512 1.570796 0.400000 182.000000
13.000000 1.191400 0.506757 2.070867 1.570796 0.400000 182.000000
13.250000 1.237664 0.500000 0.436775 1.570796 0.400000 182.000000
13.500000 1.284809 0.504484 -0.649931 1.570796 0.400000 182.000000
13.750000 1.332835 0.462085 -1.136691 1.570796 0.400000 182.000000
14.000000 1.381742 0.477273 -1.061457 1.570796 0.400000 182.000000
14.250000 1.431531 0.497449 -1.382169 1.570796 0.400000 182.000000
14.500000 1.482201 0.459906 -1.360067 1.570796 0.400000 182.000000
14.750000 1.533752 0.457746 -1.191795 1.570796 0.400000 182.000000
15.000000 1.586184 0.583658 -1.283096 1.570796 0.400000 182.000000
15.250000 1.639497 1.000000 1.471515 4.712389 0.400000 182.000000
15.500000 1.693692 0.598404 4.173553 3.141593 0.400000 182.000000
15.750000 1.748768 0.520833 6.482797 3.141593 0.400000 182.000000
16.000000 1.804725 0.500000 8.158348 3.141593 0.400000 182.000000
16.250000 1.861563 0.511364 7.834461 3.141593 0.400000 182.000000
16.500000 1.919282 0.514706 11.381840 3.141593 0.400000 182.000000
16.750000 1.977883 0.517241 13.083663 3.141593 0.400000 182.000000
17.000000 2.037365 0.543478 13.934225 3.141593 0.400000 182.000000
17.250000 2.097728 0.500000 14.811345 3.141593 0.400000 182.000000
17.500000 2.158972 0.576923 15.651815 3.141593 0.400000 182.000000
17.750000 2.221098 0.545455 16.409844 3.141593 0.400000 182.000000
18.000000 2.284105 0.500000 17.436132 3.141593 0.400000 182.000000
18.250000 2.347993 0.535714 18.167282 3.141593 0.400000 182.000000
18.500000 2.412762 0.562500 18.973502 3.141593 0.400000 182.000000
18.750000 2.478412 0.592105 19.808970 3.141593 0.400000 182.000000
19.000000 2.544944 0.500000 20.653990 3.141593 0.400000 182.000000
