6.000000 0.253789 1.968750 -1.780813 1.570796 0.400000 310.000000
6.250000 0.275379 1.666667 -1.795204 1.570796 0.400000 310.000000
6.500000 0.297850 1.551724 -1.694003 1.570796 0.400000 310.000000
6.750000 0.321202 1.534091 -1.737189 1.570796 0.400000 310.000000
7.000000 0.345436 1.666667 -1.776240 1.570796 0.400000 310.000000
7.250000 0.370550 1.439394 -1.715823 1.570796 0.400000 310.000000
7.500000 0.396546 1.092233 -1.710353 1.570796 0.400000 310.000000
7.750000 0.423423 1.500000 -1.832170 1.570796 0.400000 310.000000
8.000000 0.451181 1.153846 -1.495086 1.570796 0.400000 310.000000
8.250000 0.479821 0.511364 -1.509273 1.570796 0.400000 310.000000
8.500000 0.509341 0.500000 0.935992 1.570796 0.400000 310.000000
8.750000 0.539743 0.507353 1.799739 1.570796 0.400000 310.000000
9.000000 0.571026 0.500000 2.292723 1.570796 0.400000 310.000000
9.250000 0.603190 0.500000 2.575934 1.570796 0.400000 310.000000
9.500000 0.636236 0.500000 2.650957 1.570796 0.400000 310.000000
9.750000 0.670163 0.509050 2.693662 1.570796 0.400000 310.000000
10.000000 0.704971 0.502232 2.662119 1.570796 0.400000 310.000000
10.250000 0.740660 0.513158 3.758905 1.570796 0.400000 310.000000
10.500000 0.777230 0.518868 4.247337 1.570796 0.400000 310.000000
10.750000 0.814682 0.513699 4.481029 1.570796 0.400000 310.000000
11.000000 0.853014 0.500000 4.600295 1.570796 0.400000 310.000000
11.250000 0.892228 0.510204 4.601762 1.570796 0.400000 310.000000
11.500000 0.932324 0.500000 4.526726 1.570796 0.400000 310.000000
11.750000 0.973300 0.500000 4.356739 1.570796 0.400000 310.000000
12.000000 1.015158 0.515625 4.047985 1.570796 0.400000 310.000000
12.250000 1.057896 0.500000 3.641203 1.570796 0.400000 310.000000
12.500000 1.101516 0.506757 3.034199 1.570796 0.400000 310.000000
12.750000 1.146018 0.500000 2.199854 1.570796 0.400000 310.000000
13.000000 1.191400 0.500000 0.793828 1.570796 0.400000 310.000000
13.250000 1.237664 0.533333 -0.393782 1.570796 0.400000 310.000000
13.500000 1.284809 0.604027 -1.628926 1.570796 0.400000 310.000000
13.750000 1.332835 0.587349 -1.486410 1.570796 0.400000 310.000000
14.000000 1.381742 0.657216 -1.392424 1.570796 0.400000 310.000000
14.250000 1.431531 0.576923 -1.571030 1.570796 0.400000 310.000000
14.500000 1.482201 0.688776 -1.496410 1.570796 0.400000 310.000000
14.750000 1.533752 0.597015 -1.529175 1.570796 0.400000 310.000000
15.000000 1.586184 0.816832 -1.654064 1.570796 0.400000 310.000000
15.250000 1.639497 1.000000 -1.658305 4.712389 0.400000 310.000000
15.500000 1.693692 1.000000 2.181962 4.712389 0.400000 310.000000
15.750000 1.748768 1.000000 3.156316 4.712389 0.400000 310.000000
16.000000 1.804725 0.953757 4.405834 3.141593 0.400000 310.000000
16.250000 1.861563 0.555556 6.646678 3.141593 0.400000 310.000000
16.500000 1.919282 0.500000 8.775797 3.141593 0.400000 310.000000
16.750000 1.977883 0.495283 11.267363 3.141593 0.400000 310.000000
17.000000 2.037365 0.500000 12.719282 3.141593 0.400000 310.000000
17.250000 2.097728 0.500000 14.021650 3.141593 0.400000 310.000000
17.500000 2.158972 0.500000 15.221180 3.141593 0.400000 310.000000
17.750000 2.221098 0.500000 16.157657 3.141593 0.400000 310.000000
18.000000 2.284105 0.500000 17.388233 3.141593 0.400000 310.000000
18.250000 2.347993 0.535714 18.141313 3.141593 0.400000 310.000000
18.500000 2.412762 0.562500 18.999067 3.141593 0.400000 310.000000
18.750000 2.478412 0.592105 19.951002 3.141593 0.400000 310.000000
19.000000 2.544944 0.500000 20.716509 3.141593 0.400000 310.000000
