6.000000 0.253789 2.168675 -1.672833 1.570796 0.400000 337.000000
6.250000 0.275379 2.407407 -1.721869 1.570796 0.400000 337.000000
6.500000 0.297850 2.359551 -1.683373 1.570796 0.400000 337.000000
6.750000 0.321202 2.096774 -1.628714 1.570796 0.400000 337.000000
7.000000 0.345436 2.083333 -1.755766 1.570796 0.400000 337.000000
7.250000 0.370550 1.760204 -1.737493 1.570796 0.400000 337.000000
7.500000 0.396546 1.658654 -1.641003 1.570796 0.400000 337.000000
7.750000 0.423423 1.559406 -1.748016 1.570796 0.400000 337.000000
8.000000 0.451181 1.237864 -1.697429 1.570796 0.400000 337.000000
8.250000 0.479821 0.647482 -1.320163 1.570796 0.400000 337.000000
8.500000 0.509341 0.500000 0.223305 1.570796 0.400000 337.000000
8.750000 0.539743 0.500000 1.507035 1.570796 0.400000 337.000000
9.000000 0.571026 0.500000 2.019193 1.570796 0.400000 337.000000
9.250000 0.603190 0.500000 2.562975 1.570796 0.400000 337.000000
9.500000 0.636236 0.506757 2.859222 1.570796 0.400000 337.000000
9.750000 0.670163 0.500000 3.066178 1.570796 0.400000 337.000000
10.000000 0.704971 0.513158 3.152210 1.570796 0.400000 337.000000
10.250000 0.740660 0.500000 3.139564 1.570796 0.400000 337.000000
10.500000 0.777230 0.500000 2.996985 1.570796 0.400000 337.000000
10.750000 0.814682 0.509050 2.685587 1.570796 0.400000 337.000000
11.000000 0.853014 0.507519 2.183742 1.570796 0.400000 337.000000
11.250000 0.892228 0.500000 1.356213 1.570796 0.400000 337.000000
11.500000 0.932324 0.500000 -0.595176 1.570796 0.400000 337.000000
11.750000 0.973300 0.541667 -0.862105 1.570796 0.400000 337.000000
12.000000 1.015158 0.541667 -1.313759 1.570796 0.400000 337.000000
12.250000 1.057896 0.596026 -1.426862 1.570796 0.400000 337.000000
12.500000 1.101516 0.722892 -1.355113 1.570796 0.400000 337.000000
12.750000 1.146018 0.718563 -1.570062 1.570796 0.400000 337.000000
13.000000 1.191400 0.791667 -1.447883 1.570796 0.400000 337.000000
13.250000 1.237664 0.775862 -1.570861 1.570796 0.400000 337.000000
13.500000 1.284809 0.758427 -1.524507 1.570796 0.400000 337.000000
13.750000 1.332835 0.745856 -1.593015 1.570796 0.400000 337.000000
14.000000 1.381742 0.828947 -1.512622 1.570796 0.400000 337.000000
14.250000 1.431531 0.718085 -1.538077 1.570796 0.400000 337.000000
14.500000 1.482201 0.764563 -1.500947 1.570796 0.400000 337.000000
14.750000 1.533752 0.794931 -1.342309 1.570796 0.400000 337.000000
15.000000 1.586184 0.857143 -1.712959 1.570796 0.400000 337.000000
15.250000 1.639497 1.000000 0.727140 4.712389 0.400000 337.000000
15.500000 1.693692 0.500000 3.959136 3.141593 0.400000 337.000000
15.750000 1.748768 0.596026 5.729794 3.141593 0.400000 337.000000
16.000000 1.804725 0.619835 7.039239 3.141593 0.400000 337.000000
16.250000 1.861563 0.531496 7.872183 3.141593 0.400000 337.000000
16.500000 1.919282 0.495283 9.924908 3.141593 0.400000 337.000000
16.750000 1.977883 0.517241 12.587610 3.141593 0.400000 337.000000
17.000000 2.037365 0.500000 13.864197 3.141593 0.400000 337.000000
17.250000 2.097728 0.500000 14.680437 3.141593 0.400000 337.000000
17.500000 2.158972 0.500000 15.658966 3.141593 0.400000 337.000000
17.750000 2.221098 0.500000 16.507468 3.141593 0.400000 337.000000
18.000000 2.284105 0.545455 17.274140 3.141593 0.400000 337.000000
18.250000 2.347993 0.500000 18.309893 3.141593 0.400000 337.000000
18.500000 2.412762 0.535714 18.992423 3.141593 0.400000 337.000000
18.750000 2.478412 0.562500 19.717862 3.141593 0.400000 337.000000
19.000000 2.544944 0.576923 20.508233 3.141593 0.400000 337.000000
