6.000000 0.253789 0.914634 -1.676946 1.570796 0.400000 944.000000
6.250000 0.275379 1.011236 -1.664160 1.570796 0.400000 944.000000
6.500000 0.297850 1.141304 -1.678631 1.570796 0.400000 944.000000
6.750000 0.321202 1.160714 -1.768240 1.570796 0.400000 944.000000
7.000000 0.345436 1.129032 -1.671987 1.570796 0.400000 944.000000
7.250000 0.370550 0.937500 -1.632795 1.570796 0.400000 944.000000
7.500000 0.396546 0.742574 -1.656408 1.570796 0.400000 944.000000
7.750000 0.423423 1.005155 -1.649883 1.570796 0.400000 944.000000
8.000000 0.451181 0.500000 1.145330 1.570796 0.400000 944.000000
8.250000 0.479821 0.500000 1.506367 1.570796 0.400000 944.000000
8.500000 0.509341 0.500000 1.611702 1.570796 0.400000 944.000000
8.750000 0.539743 0.500000 1.499081 1.570796 0.400000 944.000000
9.000000 0.571026 0.498555 0.461373 1.570796 0.400000 944.000000
9.250000 0.603190 0.500000 1.860855 1.570796 0.400000 944.000000
9.500000 0.636236 0.500000 2.675440 1.570796 0.400000 944.000000
9.750000 0.670163 0.500000 3.217526 1.570796 0.400000 944.000000
10.000000 0.704971 0.517241 3.571866 1.570796 0.400000 944.000000
10.250000 0.740660 0.500000 3.804031 1.570796 0.400000 944.000000
10.500000 0.777230 0.500000 3.912374 1.570796 0.400000 944.000000
10.750000 0.814682 0.500000 3.902928 1.570796 0.400000 944.000000
11.000000 0.853014 0.512422 3.767233 1.570796 0.400000 944.000000
11.250000 0.892228 0.512422 3.540611 1.570796 0.400000 944.000000
11.500000 0.932324 0.513158 3.154518 1.570796 0.400000 944.000000
11.750000 0.973300 0.509050 2.605030 1.570796 0.400000 944.000000
12.000000 1.015158 0.506135 1.766175 1.570796 0.400000 944.000000
12.250000 1.057896 0.500000 0.181170 1.570796 0.400000 944.000000
12.500000 1.101516 0.540865 -0.511542 1.570796 0.400000 944.000000
12.750000 1.146018 0.497449 -1.122825 1.570796 0.400000 944.000000
13.000000 1.191400 0.546358 -1.414624 1.570796 0.400000 944.000000
13.250000 1.237664 0.527027 -1.216477 1.570796 0.400000 944.000000
13.500000 1.284809 0.512422 -1.452013 1.570796 0.400000 944.000000
13.750000 1.332835 0.538674 -1.419937 1.570796 0.400000 944.000000
14.000000 1.381742 0.583832 -1.482284 1.570796 0.400000 944.000000
14.250000 1.431531 0.532995 -1.331786 1.570796 0.400000 944.000000
14.500000 1.482201 0.645161 -1.667326 1.570796 0.400000 944.000000
14.750000 1.533752 0.609137 -1.525547 1.570796 0.400000 944.000000
15.000000 1.586184 0.500000 2.714354 3.141593 0.400000 944.000000
15.250000 1.639497 0.576923 4.820825 3.141593 0.400000 944.000000
15.500000 1.693692 0.918367 3.865392 3.141593 0.400000 944.000000
15.750000 1.748768 0.535714 8.135754 3.141593 0.400000 944.000000
16.000000 1.804725 0.495283 10.131764 3.141593 0.400000 944.000000
16.250000 1.861563 0.500000 11.502542 3.141593 0.400000 944.000000
16.500000 1.919282 0.500000 12.601010 3.141593 0.400000 944.000000
16.750000 1.977883 0.500000 13.582122 3.141593 0.400000 944.000000
17.000000 2.037365 0.500000 14.545453 3.141593 0.400000 944.000000
17.250000 2.097728 0.555556 15.240270 3.141593 0.400000 944.000000
17.500000 2.158972 0.526316 15.948682 3.141593 0.400000 944.000000
17.750000 2.221098 0.500000 16.821761 3.141593 0.400000 944.000000
18.000000 2.284105 0.500000 17.449137 3.141593 0.400000 944.000000
18.250000 2.347993 0.548780 17.998499 3.141593 0.400000 944.000000
18.500000 2.412762 0.548780 18.652376 3.141593 0.400000 944.000000
18.750000 2.478412 0.562500 19.219411 3.141593 0.400000 944.000000
19.000000 2.544944 0.576923 19.895397 3.141593 0.400000 944.000000
