6.000000 0.253789 1.125000 -1.752391 1.570796 0.400000 26.000000
6.250000 0.275379 1.265060 -1.753456 1.570796 0.400000 26.000000
6.500000 0.297850 1.133721 -1.792698 1.570796 0.400000 26.000000
6.750000 0.321202 1.095506 -1.787137 1.570796 0.400000 26.000000
7.000000 0.345436 1.174699 -1.798590 1.570796 0.400000 26.000000
7.250000 0.370550 1.048387 -1.738808 1.570796 0.400000 26.000000
7.500000 0.396546 1.125000 -1.783720 1.570796 0.400000 26.000000
7.750000 0.423423 1.222826 -1.829316 1.570796 0.400000 26.000000
8.000000 0.451181 0.750000 -1.447352 1.570796 0.400000 26.000000
8.250000 0.479821 0.500000 1.248804 1.570796 0.400000 26.000000
8.500000 0.509341 0.619266 -1.274093 1.570796 0.400000 26.000000
8.750000 0.539743 0.500000 1.941498 1.570796 0.400000 26.000000
9.000000 0.571026 0.505865 1.961299 1.570796 0.400000 26.000000
9.250000 0.603190 0.498555 1.437491 1.570796 0.400000 26.000000
9.500000 0.636236 0.500000 2.414250 1.570796 0.400000 26.000000
9.750000 0.670163 0.500000 3.109975 1.570796 0.400000 26.000000
10.000000 0.704971 0.517241 3.584893 1.570796 0.400000 26.000000
10.250000 0.740660 0.514286 3.904229 1.570796 0.400000 26.000000
10.500000 0.777230 0.500000 4.125247 1.570796 0.400000 26.000000
10.750000 0.814682 0.520833 4.192421 1.570796 0.400000 26.000000
11.000000 0.853014 0.500000 4.188005 1.570796 0.400000 26.000000
11.250000 0.892228 0.513699 4.059444 1.570796 0.400000 26.000000
11.500000 0.932324 0.512422 3.826429 1.570796 0.400000 26.000000
11.750000 0.973300 0.500000 3.473775 1.570796 0.400000 26.000000
12.000000 1.015158 0.500000 2.960845 1.570796 0.400000 26.000000
12.250000 1.057896 0.500000 2.209617 1.570796 0.400000 26.000000
12.500000 1.101516 0.500000 0.976510 1.570796 0.400000 26.000000
12.750000 1.146018 0.482143 -3.167883 1.570796 0.400000 26.000000
13.000000 1.191400 0.528846 -1.400303 1.570796 0.400000 26.000000
13.250000 1.237664 0.535714 -1.352832 1.570796 0.400000 26.000000
13.500000 1.284809 0.538462 -1.180312 1.570796 0.400000 26.000000
13.750000 1.332835 0.563584 -1.440684 1.570796 0.400000 26.000000
14.000000 1.381742 0.423077 -1.415963 1.570796 0.400000 26.000000
14.250000 1.431531 0.576923 -1.583422 1.570796 0.400000 26.000000
14.500000 1.482201 0.525000 -1.474210 1.570796 0.400000 26.000000
14.750000 1.533752 0.526316 -1.474632 1.570796 0.400000 26.000000
15.000000 1.586184 0.804878 -1.963557 1.570796 0.400000 26.000000
15.250000 1.639497 1.000000 1.026743 4.712389 0.400000 26.000000
15.500000 1.693692 1.000000 2.952960 4.712389 0.400000 26.000000
15.750000 1.748768 0.689655 5.084612 3.141593 0.400000 26.000000
16.000000 1.804725 0.611111 7.004135 3.141593 0.400000 26.000000
16.250000 1.861563 0.511364 8.748429 3.141593 0.400000 26.000000
16.500000 1.919282 0.495868 10.180326 3.141593 0.400000 26.000000
16.750000 1.977883 0.500000 11.554351 3.141593 0.400000 26.000000
17.000000 2.037365 0.535714 12.796490 3.141593 0.400000 26.000000
17.250000 2.097728 0.528169 14.011001 3.141593 0.400000 26.000000
17.500000 2.158972 0.551471 15.237308 3.141593 0.400000 26.000000
17.750000 2.221098 0.555556 16.203363 3.141593 0.400000 26.000000
18.000000 2.284105 0.526316 17.212804 3.141593 0.400000 26.000000
18.250000 2.347993 0.555556 18.138407 3.141593 0.400000 26.000000
18.500000 2.412762 0.500000 19.231446 3.141593 0.400000 26.000000
18.750000 2.478412 0.489130 20.029385 3.141593 0.400000 26.000000
19.000000 2.544944 0.548780 20.680134 3.141593 0.400000 26.000000
