6.000000 0.253789 1.234177 -1.674156 1.570796 0.400000 533.000000
6.250000 0.275379 1.084337 -1.668991 1.570796 0.400000 533.000000
6.500000 0.297850 1.166667 -1.675901 1.570796 0.400000 533.000000
6.750000 0.321202 1.250000 -1.712124 1.570796 0.400000 533.000000
7.000000 0.345436 1.278409 -1.769188 1.570796 0.400000 533.000000
7.250000 0.370550 1.290323 -1.700946 1.570796 0.400000 533.000000
7.500000 0.396546 1.121495 -1.570808 1.570796 0.400000 533.000000
7.750000 0.423423 1.009615 -1.690701 1.570796 0.400000 533.000000
8.000000 0.451181 1.298077 -1.609059 1.570796 0.400000 533.000000
8.250000 0.479821 1.025641 -1.774757 1.570796 0.400000 533.000000
8.500000 0.509341 0.500000 0.433665 1.570796 0.400000 533.000000
8.750000 0.539743 0.500000 1.595515 1.570796 0.400000 533.000000
9.000000 0.571026 0.500000 2.187119 1.570796 0.400000 533.000000
9.250000 0.603190 0.498047 2.467009 1.570796 0.400000 533.000000
9.500000 0.636236 0.513699 2.789918 1.570796 0.400000 533.000000
9.750000 0.670163 0.502392 2.914743 1.570796 0.400000 533.000000
10.000000 0.704971 0.502793 3.353484 1.570796 0.400000 533.000000
10.250000 0.740660 0.514286 3.653877 1.570796 0.400000 533.000000
10.500000 0.777230 0.515625 3.767630 1.570796 0.400000 533.000000
10.750000 0.814682 0.515625 3.746061 1.570796 0.400000 533.000000
11.000000 0.853014 0.511364 3.594193 1.570796 0.400000 533.000000
11.250000 0.892228 0.510471 3.310521 1.570796 0.400000 533.000000
11.500000 0.932324 0.511364 2.867868 1.570796 0.400000 533.000000
11.750000 0.973300 0.505319 2.212280 1.570796 0.400000 533.000000
12.000000 1.015158 0.500000 1.156573 1.570796 0.400000 533.000000
12.250000 1.057896 0.497238 -2.127163 1.570796 0.400000 533.000000
12.500000 1.101516 0.517241 -1.397382 1.570796 0.400000 533.000000
12.750000 1.146018 0.580110 -1.312704 1.570796 0.400000 533.000000
13.000000 1.191400 0.755034 -1.582146 1.570796 0.400000 533.000000
13.250000 1.237664 0.689655 -1.375610 1.570796 0.400000 533.000000
13.500000 1.284809 0.610465 -1.686501 1.570796 0.400000 533.000000
13.750000 1.332835 0.704420 -1.516807 1.570796 0.400000 533.000000
14.000000 1.381742 0.697674 -1.611241 1.570796 0.400000 533.000000
14.250000 1.431531 0.681818 -1.567986 1.570796 0.400000 533.000000
14.500000 1.482201 0.688776 -1.282279 1.570796 0.400000 533.000000
14.750000 1.533752 0.770270 -1.396356 1.570796 0.400000 533.000000
15.000000 1.586184 0.798611 -1.705769 1.570796 0.400000 533.000000
15.250000 1.639497 0.882353 -1.622099 1.570796 0.400000 533.000000
15.500000 1.693692 0.593220 2.463184 3.141593 0.400000 533.000000
15.750000 1.748768 1.000000 3.096694 4.712389 0.400000 533.000000
16.000000 1.804725 0.661765 6.517236 3.141593 0.400000 533.000000
16.250000 1.861563 0.514706 9.196162 3.141593 0.400000 533.000000
16.500000 1.919282 0.535714 11.124032 3.141593 0.400000 533.000000
16.750000 1.977883 0.500000 12.563595 3.141593 0.400000 533.000000
17.000000 2.037365 0.513699 13.774818 3.141593 0.400000 533.000000
17.250000 2.097728 0.500000 14.733966 3.141593 0.400000 533.000000
17.500000 2.158972 0.500000 15.652669 3.141593 0.400000 533.000000
17.750000 2.221098 0.555556 16.579985 3.141593 0.400000 533.000000
18.000000 2.284105 0.535714 17.409534 3.141593 0.400000 533.000000
18.250000 2.347993 0.576923 18.199058 3.141593 0.400000 533.000000
18.500000 2.412762 0.500000 19.121470 3.141593 0.400000 533.000000
18.750000 2.478412 0.500000 19.925622 3.141593 0.400000 533.000000
19.000000 2.544944 0.500000 20.514621 3.141593 0.400000 533.000000
