6.000000 0.253789 1.264045 -1.578702 1.570796 0.400000 882.000000
6.250000 0.275379 1.465517 -1.634518 1.570796 0.400000 882.000000
6.500000 0.297850 1.278409 -1.677101 1.570796 0.400000 882.000000
6.750000 0.321202 1.276596 -1.598122 1.570796 0.400000 882.000000
7.000000 0.345436 1.342105 -1.716585 1.570796 0.400000 882.000000
7.250000 0.370550 1.180556 -1.432382 1.570796 0.400000 882.000000
7.500000 0.396546 0.571429 -1.565176 1.570796 0.400000 882.000000
7.750000 0.423423 0.500000 0.448846 1.570796 0.400000 882.000000
8.000000 0.451181 0.500000 1.173569 1.570796 0.400000 882.000000
8.250000 0.479821 0.500000 1.504138 1.570796 0.400000 882.000000
8.500000 0.509341 0.500000 1.594284 1.570796 0.400000 882.000000
8.750000 0.539743 0.500000 1.453570 1.570796 0.400000 882.000000
9.000000 0.571026 0.500000 1.046048 1.570796 0.400000 882.000000
9.250000 0.603190 0.500000 0.151400 1.570796 0.400000 882.000000
9.500000 0.636236 0.515267 -2.177533 1.570796 0.400000 882.000000
9.750000 0.670163 0.500000 1.586194 1.570796 0.400000 882.000000
10.000000 0.704971 0.500000 2.847859 1.570796 0.400000 882.000000
10.250000 0.740660 0.500000 3.679651 1.570796 0.400000 882.000000
10.500000 0.777230 0.508475 4.290028 1.570796 0.400000 882.000000
10.750000 0.814682 0.500000 4.749569 1.570796 0.400000 882.000000
11.000000 0.853014 0.500000 5.088953 1.570796 0.400000 882.000000
11.250000 0.892228 0.500000 5.335637 1.570796 0.400000 882.000000
11.500000 0.932324 0.526316 5.471272 1.570796 0.400000 882.000000
11.750000 0.973300 0.500000 5.547074 1.570796 0.400000 882.000000
12.000000 1.015158 0.500000 5.531712 1.570796 0.400000 882.000000
12.250000 1.057896 0.521739 5.426361 1.570796 0.400000 882.000000
12.500000 1.101516 0.500000 5.290935 1.570796 0.400000 882.000000
12.750000 1.146018 0.500000 4.994391 1.570796 0.400000 882.000000
13.000000 1.191400 0.517241 4.612686 1.570796 0.400000 882.000000
13.250000 1.237664 0.509259 4.135857 1.570796 0.400000 882.000000
13.500000 1.284809 0.507812 3.491411 1.570796 0.400000 882.000000
13.750000 1.332835 0.500000 2.612406 1.570796 0.400000 882.000000
14.000000 1.381742 0.500000 1.226722 1.570796 0.400000 882.000000
14.250000 1.431531 0.528169 -0.086066 1.570796 0.400000 882.000000
14.500000 1.482201 0.529046 -1.105278 1.570796 0.400000 882.000000
14.750000 1.533752 0.491803 -1.065070 1.570796 0.400000 882.000000
15.000000 1.586184 0.558824 -1.313977 1.570796 0.400000 882.000000
15.250000 1.639497 1.000000 0.763156 4.712389 0.400000 882.000000
15.500000 1.693692 0.909091 2.561312 3.141593 0.400000 882.000000
15.750000 1.748768 0.732759 4.922622 3.141593 0.400000 882.000000
16.000000 1.804725 0.606618 7.313776 3.141593 0.400000 882.000000
16.250000 1.861563 0.512821 9.482360 3.141593 0.400000 882.000000
16.500000 1.919282 0.500000 11.287200 3.141593 0.400000 882.000000
16.750000 1.977883 0.500000 12.189866 3.141593 0.400000 882.000000
17.000000 2.037365 0.500000 12.390624 3.141593 0.400000 882.000000
17.250000 2.097728 0.500000 13.638392 3.141593 0.400000 882.000000
17.500000 2.158972 0.500000 14.879520 3.141593 0.400000 882.000000
17.750000 2.221098 0.500000 15.973895 3.141593 0.400000 882.000000
18.000000 2.284105 0.576923 17.165861 3.141593 0.400000 882.000000
18.250000 2.347993 0.500000 18.166965 3.141593 0.400000 882.000000
18.500000 2.412762 0.535714 18.984024 3.141593 0.400000 882.000000
18.750000 2.478412 0.548780 19.821717 3.141593 0.400000 882.000000
19.000000 2.544944 0.592105 20.725893 3.141593 0.400000 882.000000
