6.000000 0.253789 1.500000 -1.708594 1.570796 0.400000 247.000000
6.250000 0.275379 1.655844 -1.904539 1.570796 0.400000 247.000000
6.500000 0.297850 1.607143 -1.784029 1.570796 0.400000 247.000000
6.750000 0.321202 1.696429 -1.878314 1.570796 0.400000 247.000000
7.000000 0.345436 1.696429 -1.719671 1.570796 0.400000 247.000000
7.250000 0.370550 1.250000 -1.892124 1.570796 0.400000 247.000000
7.500000 0.396546 1.212121 -1.422368 1.570796 0.400000 247.000000
7.750000 0.423423 0.525000 -1.826752 1.570796 0.400000 247.000000
8.000000 0.451181 0.500000 0.416365 1.570796 0.400000 247.000000
8.250000 0.479821 0.500000 1.293196 1.570796 0.400000 247.000000
8.500000 0.509341 0.500000 1.729521 1.570796 0.400000 247.000000
8.750000 0.539743 0.500000 1.923465 1.570796 0.400000 247.000000
9.000000 0.571026 0.508929 1.914034 1.570796 0.400000 247.000000
9.250000 0.603190 0.504587 1.707699 1.570796 0.400000 247.000000
9.500000 0.636236 0.501761 2.241843 1.570796 0.400000 247.000000
9.750000 0.670163 0.508850 2.730529 1.570796 0.400000 247.000000
10.000000 0.704971 0.512195 3.578020 1.570796 0.400000 247.000000
10.250000 0.740660 0.517241 3.918105 1.570796 0.400000 247.000000
10.500000 0.777230 0.512422 4.128044 1.570796 0.400000 247.000000
10.750000 0.814682 0.500000 4.241535 1.570796 0.400000 247.000000
11.000000 0.853014 0.515625 4.226350 1.570796 0.400000 247.000000
11.250000 0.892228 0.517241 4.117899 1.570796 0.400000 247.000000
11.500000 0.932324 0.511364 3.916702 1.570796 0.400000 247.000000
11.750000 0.973300 0.510471 3.581541 1.570796 0.400000 247.000000
12.000000 1.015158 0.509050 3.093256 1.570796 0.400000 247.000000
12.250000 1.057896 0.506757 2.389023 1.570796 0.400000 247.000000
12.500000 1.101516 0.500000 1.293801 1.570796 0.400000 247.000000
12.750000 1.146018 0.497238 -1.852739 1.570796 0.400000 247.000000
13.000000 1.191400 0.705882 -1.451315 1.570796 0.400000 247.000000
13.250000 1.237664 0.673653 -1.579555 1.570796 0.400000 247.000000
13.500000 1.284809 0.665025 -1.214295 1.570796 0.400000 247.000000
13.750000 1.332835 0.685714 -1.291473 1.570796 0.400000 247.000000
14.000000 1.381742 0.669014 -1.276509 1.570796 0.400000 247.000000
14.250000 1.431531 0.828729 -1.788306 1.570796 0.400000 247.000000
14.500000 1.482201 0.910405 -1.836923 1.570796 0.400000 247.000000
14.750000 1.533752 0.861244 -1.606424 1.570796 0.400000 247.000000
15.000000 1.586184 0.844156 -1.869613 4.712389 0.400000 247.000000
15.250000 1.639497 0.498418 2.278813 3.141593 0.400000 247.000000
15.500000 1.693692 0.704420 4.476679 3.141593 0.400000 247.000000
15.750000 1.748768 0.645695 6.362171 3.141593 0.400000 247.000000
16.000000 1.804725 0.500000 9.118793 3.141593 0.400000 247.000000
16.250000 1.861563 0.517241 10.830860 3.141593 0.400000 247.000000
16.500000 1.919282 0.500000 12.194601 3.141593 0.400000 247.000000
16.750000 1.977883 0.500000 13.253164 3.141593 0.400000 247.000000
17.000000 2.037365 0.500000 14.351323 3.141593 0.400000 247.000000
17.250000 2.097728 0.545455 15.104857 3.141593 0.400000 247.000000
17.500000 2.158972 0.526316 15.936774 3.141593 0.400000 247.000000
17.750000 2.221098 0.500000 16.928987 3.141593 0.400000 247.000000
18.000000 2.284105 0.548780 17.452826 3.141593 0.400000 247.000000
18.250000 2.347993 0.562500 18.245374 3.141593 0.400000 247.000000
18.500000 2.412762 0.592105 19.029218 3.141593 0.400000 247.000000
18.750000 2.478412 0.588235 19.913304 3.141593 0.400000 247.000000
19.000000 2.544944 0.500000 20.586933 3.141593 0.400000 247.000000
