6.000000 0.253789 1.147059 -1.667528 1.570796 0.400000 937.000000
6.250000 0.275379 0.982143 -1.671877 1.570796 0.400000 937.000000
6.500000 0.297850 1.264045 -1.702458 1.570796 0.400000 937.000000
6.750000 0.321202 1.445783 -1.804373 1.570796 0.400000 937.000000
7.000000 0.345436 1.676471 -1.719473 1.570796 0.400000 937.000000
7.250000 0.370550 1.262376 -1.673958 1.570796 0.400000 937.000000
7.500000 0.396546 1.000000 -1.733191 1.570796 0.400000 937.000000
7.750000 0.423423 1.469072 -1.792991 1.570796 0.400000 937.000000
8.000000 0.451181 1.176471 -1.613605 1.570796 0.400000 937.000000
8.250000 0.479821 0.805369 -1.248310 1.570796 0.400000 937.000000
8.500000 0.509341 0.500000 1.085905 1.570796 0.400000 937.000000
8.750000 0.539743 0.500000 1.842466 1.570796 0.400000 937.000000
9.000000 0.571026 0.500000 2.277758 1.570796 0.400000 937.000000
9.250000 0.603190 0.506757 2.506706 1.570796 0.400000 937.000000
9.500000 0.636236 0.505319 2.512296 1.570796 0.400000 937.000000
9.750000 0.670163 0.500000 2.313024 1.570796 0.400000 937.000000
10.000000 0.704971 0.500000 3.210125 1.570796 0.400000 937.000000
10.250000 0.740660 0.511364 3.806382 1.570796 0.400000 937.000000
10.500000 0.777230 0.500000 4.347028 1.570796 0.400000 937.000000
10.750000 0.814682 0.520833 4.672215 1.570796 0.400000 937.000000
11.000000 0.853014 0.500000 4.922230 1.570796 0.400000 937.000000
11.250000 0.892228 0.523256 5.038038 1.570796 0.400000 937.000000
11.500000 0.932324 0.500000 5.119515 1.570796 0.400000 937.000000
11.750000 0.973300 0.500000 5.085840 1.570796 0.400000 937.000000
12.000000 1.015158 0.519231 4.931637 1.570796 0.400000 937.000000
12.250000 1.057896 0.523256 4.725392 1.570796 0.400000 937.000000
12.500000 1.101516 0.513699 4.405735 1.570796 0.400000 937.000000
12.750000 1.146018 0.500000 3.972636 1.570796 0.400000 937.000000
13.000000 1.191400 0.507812 3.376336 1.570796 0.400000 937.000000
13.250000 1.237664 0.505952 2.552741 1.570796 0.400000 937.000000
13.500000 1.284809 0.500000 1.272875 1.570796 0.400000 937.000000
13.750000 1.332835 0.493421 -3.122931 1.570796 0.400000 937.000000
14.000000 1.381742 0.548780 -1.490932 1.570796 0.400000 937.000000
14.250000 1.431531 0.535714 -1.327382 1.570796 0.400000 937.000000
14.500000 1.482201 0.563380 -1.264252 1.570796 0.400000 937.000000
14.750000 1.533752 0.497788 -1.308624 1.570796 0.400000 937.000000
15.000000 1.586184 0.521739 -1.284397 1.570796 0.400000 937.000000
15.250000 1.639497 0.690476 -0.997255 1.570796 0.400000 937.000000
15.500000 1.693692 1.000000 1.972000 4.712389 0.400000 937.000000
15.750000 1.748768 0.997537 3.536413 4.712389 0.400000 937.000000
16.000000 1.804725 0.500000 6.012805 3.141593 0.400000 937.000000
16.250000 1.861563 0.508475 8.195349 3.141593 0.400000 937.000000
16.500000 1.919282 0.500000 8.802056 3.141593 0.400000 937.000000
16.750000 1.977883 0.500000 11.877874 3.141593 0.400000 937.000000
17.000000 2.037365 0.513699 13.337738 3.141593 0.400000 937.000000
17.250000 2.097728 0.543478 14.541351 3.141593 0.400000 937.000000
17.500000 2.158972 0.555556 15.540703 3.141593 0.400000 937.000000
17.750000 2.221098 0.545455 16.521937 3.141593 0.400000 937.000000
18.000000 2.284105 0.500000 17.599309 3.141593 0.400000 937.000000
18.250000 2.347993 0.548780 18.278955 3.141593 0.400000 937.000000
18.500000 2.412762 0.562500 19.167782 3.141593 0.400000 937.000000
18.750000 2.478412 0.576923 20.066984 3.141593 0.400000 937.000000
19.000000 2.544944 0.500000 20.826896 3.141593 0.400000 937.000000
