6.000000 0.253789 1.046512 -1.674005 1.570796 0.400000 791.000000
6.250000 0.275379 1.482558 -1.719101 1.570796 0.400000 791.000000
6.500000 0.297850 1.250000 -1.710728 1.570796 0.400000 791.000000
6.750000 0.321202 1.293103 -1.712580 1.570796 0.400000 791.000000
7.000000 0.345436 0.967742 -1.709862 1.570796 0.400000 791.000000
7.250000 0.370550 1.200000 -1.688481 1.570796 0.400000 791.000000
7.500000 0.396546 1.136364 -1.757902 1.570796 0.400000 791.000000
7.750000 0.423423 1.153846 -1.570685 1.570796 0.400000 791.000000
8.000000 0.451181 0.981308 -1.687391 1.570796 0.400000 791.000000
8.250000 0.479821 0.500000 1.498174 1.570796 0.400000 791.000000
8.500000 0.509341 0.500000 1.569070 1.570796 0.400000 791.000000
8.750000 0.539743 0.500000 1.397991 1.570796 0.400000 791.000000
9.000000 0.571026 0.500000 1.525271 1.570796 0.400000 791.000000
9.250000 0.603190 0.500000 2.361512 1.570796 0.400000 791.000000
9.500000 0.636236 0.511364 2.886805 1.570796 0.400000 791.000000
9.750000 0.670163 0.510471 3.225791 1.570796 0.400000 791.000000
10.000000 0.704971 0.511364 3.416911 1.570796 0.400000 791.000000
10.250000 0.740660 0.511364 3.478961 1.570796 0.400000 791.000000
10.500000 0.777230 0.514286 3.416927 1.570796 0.400000 791.000000
10.750000 0.814682 0.514286 3.232724 1.570796 0.400000 791.000000
11.000000 0.853014 0.512195 2.900756 1.570796 0.400000 791.000000
11.250000 0.892228 0.500000 2.398089 1.570796 0.400000 791.000000
11.500000 0.932324 0.500000 1.593982 1.570796 0.400000 791.000000
11.750000 0.973300 0.500000 0.003072 1.570796 0.400000 791.000000
12.000000 1.015158 0.535714 -0.534289 1.570796 0.400000 791.000000
12.250000 1.057896 0.459184 -1.207139 1.570796 0.400000 791.000000
12.500000 1.101516 0.538922 -1.447167 1.570796 0.400000 791.000000
12.750000 1.146018 0.550847 -1.241474 1.570796 0.400000 791.000000
13.000000 1.191400 0.548780 -1.517817 1.570796 0.400000 791.000000
13.250000 1.237664 0.538674 -1.444213 1.570796 0.400000 791.000000
13.500000 1.284809 0.628743 -1.552770 1.570796 0.400000 791.000000
13.750000 1.332835 0.695364 -1.707629 1.570796 0.400000 791.000000
14.000000 1.381742 0.608108 -1.538110 1.570796 0.400000 791.000000
14.250000 1.431531 0.685714 -1.719992 1.570796 0.400000 791.000000
14.500000 1.482201 0.580110 -1.696326 1.570796 0.400000 791.000000
14.750000 1.533752 0.500000 1.872783 3.141593 0.400000 791.000000
15.000000 1.586184 0.497630 4.914607 3.141593 0.400000 791.000000
15.250000 1.639497 0.659341 5.174393 3.141593 0.400000 791.000000
15.500000 1.693692 0.629371 6.959669 3.141593 0.400000 791.000000
15.750000 1.748768 0.495283 9.068361 3.141593 0.400000 791.000000
16.000000 1.804725 0.500000 10.719541 3.141593 0.400000 791.000000
16.250000 1.861563 0.517241 11.948127 3.141593 0.400000 791.000000
16.500000 1.919282 0.520833 12.903764 3.141593 0.400000 791.000000
16.750000 1.977883 0.513699 13.753599 3.141593 0.400000 791.000000
17.000000 2.037365 0.500000 14.565810 3.141593 0.400000 791.000000
17.250000 2.097728 0.555556 15.130791 3.141593 0.400000 791.000000
17.500000 2.158972 0.526316 15.767512 3.141593 0.400000 791.000000
17.750000 2.221098 0.500000 16.628362 3.141593 0.400000 791.000000
18.000000 2.284105 0.500000 17.256723 3.141593 0.400000 791.000000
18.250000 2.347993 0.548780 17.833133 3.141593 0.400000 791.000000
18.500000 2.412762 0.548780 18.560248 3.141593 0.400000 791.000000
18.750000 2.478412 0.562500 19.210996 3.141593 0.400000 791.000000
19.000000 2.544944 0.576923 19.966569 3.141593 0.400000 791.000000
