6.000000 0.253789 1.944444 -1.765402 1.570796 0.400000 245.000000
6.250000 0.275379 1.666667 -1.749736 1.570796 0.400000 245.000000
6.500000 0.297850 1.826923 -1.868135 1.570796 0.400000 245.000000
6.750000 0.321202 1.896552 -1.727643 1.570796 0.400000 245.000000
7.000000 0.345436 1.395349 -1.936242 1.570796 0.400000 245.000000
7.250000 0.370550 0.500000 -0.153805 1.570796 0.400000 245.000000
7.500000 0.396546 0.500000 0.724909 1.570796 0.400000 245.000000
7.750000 0.423423 1.575000 -1.601668 1.570796 0.400000 245.000000
8.000000 0.451181 0.500000 1.074025 1.570796 0.400000 245.000000
8.250000 0.479821 0.500000 0.812194 1.570796 0.400000 245.000000
8.500000 0.509341 0.500000 0.092043 1.570796 0.400000 245.000000
8.750000 0.539743 0.654762 -1.837257 1.570796 0.400000 245.000000
9.000000 0.571026 0.800000 -0.919961 1.570796 0.400000 245.000000
9.250000 0.603190 0.500000 0.664562 1.570796 0.400000 245.000000
9.500000 0.636236 0.507117 2.117634 1.570796 0.400000 245.000000
9.750000 0.670163 0.500000 2.963775 1.570796 0.400000 245.000000
10.000000 0.704971 0.510753 3.543716 1.570796 0.400000 245.000000
10.250000 0.740660 0.511364 3.951350 1.570796 0.400000 245.000000
10.500000 0.777230 0.509259 4.226043 1.570796 0.400000 245.000000
10.750000 0.814682 0.517241 4.389263 1.570796 0.400000 245.000000
11.000000 0.853014 0.500000 4.457717 1.570796 0.400000 245.000000
11.250000 0.892228 0.500000 4.417385 1.570796 0.400000 245.000000
11.500000 0.932324 0.513699 4.280630 1.570796 0.400000 245.000000
11.750000 0.973300 0.500000 4.037811 1.570796 0.400000 245.000000
12.000000 1.015158 0.500000 3.677202 1.570796 0.400000 245.000000
12.250000 1.057896 0.500000 3.145657 1.570796 0.400000 245.000000
12.500000 1.101516 0.507519 2.403501 1.570796 0.400000 245.000000
12.750000 1.146018 0.500000 1.238747 1.570796 0.400000 245.000000
13.000000 1.191400 0.496988 -2.399506 1.570796 0.400000 245.000000
13.250000 1.237664 0.548780 -1.348359 1.570796 0.400000 245.000000
13.500000 1.284809 0.580110 -1.370118 1.570796 0.400000 245.000000
13.750000 1.332835 0.695876 -1.257409 1.570796 0.400000 245.000000
14.000000 1.381742 0.704420 -1.599996 1.570796 0.400000 245.000000
14.250000 1.431531 0.754190 -1.521231 1.570796 0.400000 245.000000
14.500000 1.482201 0.671642 -1.605195 1.570796 0.400000 245.000000
14.750000 1.533752 0.798611 -1.983335 1.570796 0.400000 245.000000
15.000000 1.586184 0.500000 3.537353 3.141593 0.400000 245.000000
15.250000 1.639497 0.563584 5.303339 3.141593 0.400000 245.000000
15.500000 1.693692 0.707547 5.835279 3.141593 0.400000 245.000000
15.750000 1.748768 0.611111 7.629786 3.141593 0.400000 245.000000
16.000000 1.804725 0.530973 9.787285 3.141593 0.400000 245.000000
16.250000 1.861563 0.509709 10.865452 3.141593 0.400000 245.000000
16.500000 1.919282 0.523256 11.908681 3.141593 0.400000 245.000000
16.750000 1.977883 0.511364 13.251650 3.141593 0.400000 245.000000
17.000000 2.037365 0.500000 14.442772 3.141593 0.400000 245.000000
17.250000 2.097728 0.551471 14.806444 3.141593 0.400000 245.000000
17.500000 2.158972 0.500000 15.477886 3.141593 0.400000 245.000000
17.750000 2.221098 0.500000 16.309661 3.141593 0.400000 245.000000
18.000000 2.284105 0.535714 17.220336 3.141593 0.400000 245.000000
18.250000 2.347993 0.500000 18.387347 3.141593 0.400000 245.000000
18.500000 2.412762 0.500000 19.265886 3.141593 0.400000 245.000000
18.750000 2.478412 0.548780 19.949923 3.141593 0.400000 245.000000
19.000000 2.544944 0.576923 20.690023 3.141593 0.400000 245.000000
