6.000000 0.253789 1.803797 -1.768031 1.570796 0.400000 596.000000
6.250000 0.275379 1.463415 -1.756093 1.570796 0.400000 596.000000
6.500000 0.297850 1.588235 -1.742947 1.570796 0.400000 596.000000
6.750000 0.321202 1.569767 -1.812025 1.570796 0.400000 596.000000
7.000000 0.345436 1.656977 -1.720257 1.570796 0.400000 596.000000
7.250000 0.370550 1.569767 -1.822752 1.570796 0.400000 596.000000
7.500000 0.396546 1.323529 -1.665108 1.570796 0.400000 596.000000
7.750000 0.423423 1.276596 -1.743409 1.570796 0.400000 596.000000
8.000000 0.451181 1.683673 -1.980075 1.570796 0.400000 596.000000
8.250000 0.479821 0.500000 -0.487050 1.570796 0.400000 596.000000
8.500000 0.509341 0.500000 1.185648 1.570796 0.400000 596.000000
8.750000 0.539743 0.507692 1.898730 1.570796 0.400000 596.000000
9.000000 0.571026 0.500000 2.308701 1.570796 0.400000 596.000000
9.250000 0.603190 0.500000 2.521112 1.570796 0.400000 596.000000
9.500000 0.636236 0.500000 2.546350 1.570796 0.400000 596.000000
9.750000 0.670163 0.502232 2.522070 1.570796 0.400000 596.000000
10.000000 0.704971 0.513699 2.854318 1.570796 0.400000 596.000000
10.250000 0.740660 0.500000 3.818785 1.570796 0.400000 596.000000
10.500000 0.777230 0.500000 4.309937 1.570796 0.400000 596.000000
10.750000 0.814682 0.500000 4.597093 1.570796 0.400000 596.000000
11.000000 0.853014 0.520833 4.727982 1.570796 0.400000 596.000000
11.250000 0.892228 0.500000 4.828564 1.570796 0.400000 596.000000
11.500000 0.932324 0.500000 4.800914 1.570796 0.400000 596.000000
11.750000 0.973300 0.513699 4.646071 1.570796 0.400000 596.000000
12.000000 1.015158 0.517241 4.443312 1.570796 0.400000 596.000000
12.250000 1.057896 0.515625 4.114837 1.570796 0.400000 596.000000
12.500000 1.101516 0.500000 3.676187 1.570796 0.400000 596.000000
12.750000 1.146018 0.511364 3.023912 1.570796 0.400000 596.000000
13.000000 1.191400 0.504808 2.118979 1.570796 0.400000 596.000000
13.250000 1.237664 0.500000 0.551142 1.570796 0.400000 596.000000
13.500000 1.284809 0.571429 -0.493086 1.570796 0.400000 596.000000
13.750000 1.332835 0.535714 -1.220635 1.570796 0.400000 596.000000
14.000000 1.381742 0.580110 -1.522959 1.570796 0.400000 596.000000
14.250000 1.431531 0.585938 -1.361143 1.570796 0.400000 596.000000
14.500000 1.482201 0.500000 -1.420178 1.570796 0.400000 596.000000
14.750000 1.533752 0.767442 -1.570169 1.570796 0.400000 596.000000
15.000000 1.586184 0.746445 -1.508038 1.570796 0.400000 596.000000
15.250000 1.639497 1.000000 -1.318466 4.712389 0.400000 596.000000
15.500000 1.693692 1.000000 2.251500 4.712389 0.400000 596.000000
15.750000 1.748768 1.000000 3.637594 4.712389 0.400000 596.000000
16.000000 1.804725 0.997340 4.080476 4.712389 0.400000 596.000000
16.250000 1.861563 0.500000 7.739656 3.141593 0.400000 596.000000
16.500000 1.919282 0.495283 10.176001 3.141593 0.400000 596.000000
16.750000 1.977883 0.500000 12.161459 3.141593 0.400000 596.000000
17.000000 2.037365 0.500000 13.258891 3.141593 0.400000 596.000000
17.250000 2.097728 0.528169 13.988284 3.141593 0.400000 596.000000
17.500000 2.158972 0.535714 15.008337 3.141593 0.400000 596.000000
17.750000 2.221098 0.555556 16.009124 3.141593 0.400000 596.000000
18.000000 2.284105 0.545455 17.053928 3.141593 0.400000 596.000000
18.250000 2.347993 0.500000 18.199483 3.141593 0.400000 596.000000
18.500000 2.412762 0.548780 18.929127 3.141593 0.400000 596.000000
18.750000 2.478412 0.562500 19.872397 3.141593 0.400000 596.000000
19.000000 2.544944 0.576923 20.818697 3.141593 0.400000 596.000000
