6.000000 0.253789 1.381579 -1.761300 1.570796 0.400000 436.000000
6.250000 0.275379 1.111111 -1.744382 1.570796 0.400000 436.000000
6.500000 0.297850 1.428571 -1.741064 1.570796 0.400000 436.000000
6.750000 0.321202 1.278409 -1.772954 1.570796 0.400000 436.000000
7.000000 0.345436 1.348315 -1.745888 1.570796 0.400000 436.000000
7.250000 0.370550 1.224490 -1.739729 1.570796 0.400000 436.000000
7.500000 0.396546 1.029412 -1.659490 1.570796 0.400000 436.000000
7.750000 0.423423 1.314433 -1.826445 1.570796 0.400000 436.000000
8.000000 0.451181 1.272321 -1.337179 1.570796 0.400000 436.000000
8.250000 0.479821 0.502577 -0.953304 1.570796 0.400000 436.000000
8.500000 0.509341 0.500000 1.087963 1.570796 0.400000 436.000000
8.750000 0.539743 0.500000 1.863098 1.570796 0.400000 436.000000
9.000000 0.571026 0.500000 2.308139 1.570796 0.400000 436.000000
9.250000 0.603190 0.500000 2.549847 1.570796 0.400000 436.000000
9.500000 0.636236 0.500000 2.617841 1.570796 0.400000 436.000000
9.750000 0.670163 0.511364 2.553426 1.570796 0.400000 436.000000
10.000000 0.704971 0.508475 2.369162 1.570796 0.400000 436.000000
10.250000 0.740660 0.502577 3.725592 1.570796 0.400000 436.000000
10.500000 0.777230 0.512422 4.280966 1.570796 0.400000 436.000000
10.750000 0.814682 0.510204 4.571060 1.570796 0.400000 436.000000
11.000000 0.853014 0.500000 4.731800 1.570796 0.400000 436.000000
11.250000 0.892228 0.500000 4.794250 1.570796 0.400000 436.000000
11.500000 0.932324 0.500000 4.759440 1.570796 0.400000 436.000000
11.750000 0.973300 0.513699 4.626577 1.570796 0.400000 436.000000
12.000000 1.015158 0.512422 4.392262 1.570796 0.400000 436.000000
12.250000 1.057896 0.511364 4.056119 1.570796 0.400000 436.000000
12.500000 1.101516 0.510471 3.592843 1.570796 0.400000 436.000000
12.750000 1.146018 0.508475 2.940069 1.570796 0.400000 436.000000
13.000000 1.191400 0.505618 1.994001 1.570796 0.400000 436.000000
13.250000 1.237664 0.500000 0.267726 1.570796 0.400000 436.000000
13.500000 1.284809 0.631188 -0.845043 1.570796 0.400000 436.000000
13.750000 1.332835 0.500000 -1.363268 1.570796 0.400000 436.000000
14.000000 1.381742 0.666667 -1.620686 1.570796 0.400000 436.000000
14.250000 1.431531 0.688776 -1.475227 1.570796 0.400000 436.000000
14.500000 1.482201 0.641711 -1.738757 1.570796 0.400000 436.000000
14.750000 1.533752 0.716080 -1.659935 1.570796 0.400000 436.000000
15.000000 1.586184 0.817536 -1.537312 1.570796 0.400000 436.000000
15.250000 1.639497 0.912548 -1.254797 4.712389 0.400000 436.000000
15.500000 1.693692 1.000000 1.927509 4.712389 0.400000 436.000000
15.750000 1.748768 1.000000 3.415718 4.712389 0.400000 436.000000
16.000000 1.804725 0.813253 5.066318 3.141593 0.400000 436.000000
16.250000 1.861563 0.700000 6.941038 3.141593 0.400000 436.000000
16.500000 1.919282 0.500000 9.385936 3.141593 0.400000 436.000000
16.750000 1.977883 0.500000 11.388940 3.141593 0.400000 436.000000
17.000000 2.037365 0.529412 12.747816 3.141593 0.400000 436.000000
17.250000 2.097728 0.500000 13.909006 3.141593 0.400000 436.000000
17.500000 2.158972 0.500000 15.093798 3.141593 0.400000 436.000000
17.750000 2.221098 0.500000 16.148423 3.141593 0.400000 436.000000
18.000000 2.284105 0.500000 17.336994 3.141593 0.400000 436.000000
18.250000 2.347993 0.535714 18.100584 3.141593 0.400000 436.000000
18.500000 2.412762 0.562500 18.978460 3.141593 0.400000 436.000000
18.750000 2.478412 0.576923 19.881584 3.141593 0.400000 436.000000
19.000000 2.544944 0.588235 20.844301 3.141593 0.400000 436.000000
