6.000000 0.253789 1.235294 -1.644724 1.570796 0.400000 763.000000
6.250000 0.275379 1.235294 -1.713102 1.570796 0.400000 763.000000
6.500000 0.297850 1.174699 -1.632244 1.570796 0.400000 763.000000
6.750000 0.321202 1.147059 -1.681539 1.570796 0.400000 763.000000
7.000000 0.345436 1.377551 -1.649825 1.570796 0.400000 763.000000
7.250000 0.370550 0.833333 -1.648482 1.570796 0.400000 763.000000
7.500000 0.396546 0.954545 -1.634543 1.570796 0.400000 763.000000
7.750000 0.423423 1.032110 -1.367438 1.570796 0.400000 763.000000
8.000000 0.451181 0.511364 -1.333957 1.570796 0.400000 763.000000
8.250000 0.479821 0.500000 0.799123 1.570796 0.400000 763.000000
8.500000 0.509341 0.500000 1.576861 1.570796 0.400000 763.000000
8.750000 0.539743 0.500000 1.998530 1.570796 0.400000 763.000000
9.000000 0.571026 0.500000 2.197248 1.570796 0.400000 763.000000
9.250000 0.603190 0.509434 2.210160 1.570796 0.400000 763.000000
9.500000 0.636236 0.507117 2.040581 1.570796 0.400000 763.000000
9.750000 0.670163 0.501969 2.249921 1.570796 0.400000 763.000000
10.000000 0.704971 0.500000 3.212464 1.570796 0.400000 763.000000
10.250000 0.740660 0.502092 3.843551 1.570796 0.400000 763.000000
10.500000 0.777230 0.500000 4.347233 1.570796 0.400000 763.000000
10.750000 0.814682 0.500000 4.680041 1.570796 0.400000 763.000000
11.000000 0.853014 0.515267 4.901038 1.570796 0.400000 763.000000
11.250000 0.892228 0.500000 5.031659 1.570796 0.400000 763.000000
11.500000 0.932324 0.515267 5.059761 1.570796 0.400000 763.000000
11.750000 0.973300 0.500000 5.025388 1.570796 0.400000 763.000000
12.000000 1.015158 0.519231 4.888837 1.570796 0.400000 763.000000
12.250000 1.057896 0.520833 4.657490 1.570796 0.400000 763.000000
12.500000 1.101516 0.510204 4.345650 1.570796 0.400000 763.000000
12.750000 1.146018 0.514286 3.872169 1.570796 0.400000 763.000000
13.000000 1.191400 0.507246 3.257687 1.570796 0.400000 763.000000
13.250000 1.237664 0.507117 2.392723 1.570796 0.400000 763.000000
13.500000 1.284809 0.500000 0.990220 1.570796 0.400000 763.000000
13.750000 1.332835 0.501969 -0.281125 1.570796 0.400000 763.000000
14.000000 1.381742 0.497788 -1.111599 1.570796 0.400000 763.000000
14.250000 1.431531 0.574713 -0.973160 1.570796 0.400000 763.000000
14.500000 1.482201 0.445545 -1.472425 1.570796 0.400000 763.000000
14.750000 1.533752 0.433333 -1.426996 1.570796 0.400000 763.000000
15.000000 1.586184 0.555556 -1.417115 1.570796 0.400000 763.000000
15.250000 1.639497 1.000000 0.169476 4.712389 0.400000 763.000000
15.500000 1.693692 1.000000 2.507251 4.712389 0.400000 763.000000
15.750000 1.748768 0.884615 3.959310 3.141593 0.400000 763.000000
16.000000 1.804725 0.500000 6.752941 3.141593 0.400000 763.000000
16.250000 1.861563 0.500000 8.872585 3.141593 0.400000 763.000000
16.500000 1.919282 0.519802 10.773892 3.141593 0.400000 763.000000
16.750000 1.977883 0.529412 12.324827 3.141593 0.400000 763.000000
17.000000 2.037365 0.523256 13.407169 3.141593 0.400000 763.000000
17.250000 2.097728 0.535714 13.952070 3.141593 0.400000 763.000000
17.500000 2.158972 0.500000 15.062304 3.141593 0.400000 763.000000
17.750000 2.221098 0.500000 16.057648 3.141593 0.400000 763.000000
18.000000 2.284105 0.555556 17.159563 3.141593 0.400000 763.000000
18.250000 2.347993 0.500000 18.260833 3.141593 0.400000 763.000000
18.500000 2.412762 0.535714 19.037543 3.141593 0.400000 763.000000
18.750000 2.478412 0.562500 19.878143 3.141593 0.400000 763.000000
19.000000 2.544944 0.576923 20.761609 3.141593 0.400000 763.000000
