6.000000 0.253789 1.312500 -1.731137 1.570796 0.400000 597.000000
6.250000 0.275379 1.250000 -1.818154 1.570796 0.400000 597.000000
6.500000 0.297850 1.179775 -1.712842 1.570796 0.400000 597.000000
6.750000 0.321202 1.388889 -1.856474 1.570796 0.400000 597.000000
7.000000 0.345436 1.046512 -1.747383 1.570796 0.400000 597.000000
7.250000 0.370550 1.401099 -1.845902 1.570796 0.400000 597.000000
7.500000 0.396546 1.082474 -1.730515 1.570796 0.400000 597.000000
7.750000 0.423423 1.209677 -1.828037 1.570796 0.400000 597.000000
8.000000 0.451181 1.265060 -1.966409 1.570796 0.400000 597.000000
8.250000 0.479821 1.121495 -1.801032 1.570796 0.400000 597.000000
8.500000 0.509341 0.762712 -1.537448 1.570796 0.400000 597.000000
8.750000 0.539743 0.905172 -1.048818 1.570796 0.400000 597.000000
9.000000 0.571026 0.498555 2.137917 1.570796 0.400000 597.000000
9.250000 0.603190 0.498489 1.693217 1.570796 0.400000 597.000000
9.500000 0.636236 0.500000 2.514757 1.570796 0.400000 597.000000
9.750000 0.670163 0.508475 3.146933 1.570796 0.400000 597.000000
10.000000 0.704971 0.510471 3.582753 1.570796 0.400000 597.000000
10.250000 0.740660 0.500000 3.873683 1.570796 0.400000 597.000000
10.500000 0.777230 0.500000 4.048239 1.570796 0.400000 597.000000
10.750000 0.814682 0.500000 4.102814 1.570796 0.400000 597.000000
11.000000 0.853014 0.517241 4.036387 1.570796 0.400000 597.000000
11.250000 0.892228 0.515625 3.866733 1.570796 0.400000 597.000000
11.500000 0.932324 0.512422 3.601630 1.570796 0.400000 597.000000
11.750000 0.973300 0.510471 3.172754 1.570796 0.400000 597.000000
12.000000 1.015158 0.508475 2.563182 1.570796 0.400000 597.000000
12.250000 1.057896 0.500000 1.641744 1.570796 0.400000 597.000000
12.500000 1.101516 0.500000 -0.334353 1.570796 0.400000 597.000000
12.750000 1.146018 0.571066 -0.770662 1.570796 0.400000 597.000000
13.000000 1.191400 0.497449 -1.168105 1.570796 0.400000 597.000000
13.250000 1.237664 0.576923 -1.512565 1.570796 0.400000 597.000000
13.500000 1.284809 0.505618 -1.227144 1.570796 0.400000 597.000000
13.750000 1.332835 0.594512 -1.628451 1.570796 0.400000 597.000000
14.000000 1.381742 0.580110 -1.432050 1.570796 0.400000 597.000000
14.250000 1.431531 0.590909 -1.562932 1.570796 0.400000 597.000000
14.500000 1.482201 0.580110 -1.474471 1.570796 0.400000 597.000000
14.750000 1.533752 0.464286 -1.249828 1.570796 0.400000 597.000000
15.000000 1.586184 0.535714 -1.492210 1.570796 0.400000 597.000000
15.250000 1.639497 0.649351 -1.714605 1.570796 0.400000 597.000000
15.500000 1.693692 1.000000 1.274641 4.712389 0.400000 597.000000
15.750000 1.748768 1.000000 3.113569 4.712389 0.400000 597.000000
16.000000 1.804725 0.707547 5.571691 3.141593 0.400000 597.000000
16.250000 1.861563 0.535714 7.882090 3.141593 0.400000 597.000000
16.500000 1.919282 0.519802 10.075737 3.141593 0.400000 597.000000
16.750000 1.977883 0.500000 11.972419 3.141593 0.400000 597.000000
17.000000 2.037365 0.500000 13.059370 3.141593 0.400000 597.000000
17.250000 2.097728 0.520833 13.976045 3.141593 0.400000 597.000000
17.500000 2.158972 0.535714 15.108611 3.141593 0.400000 597.000000
17.750000 2.221098 0.545455 16.114836 3.141593 0.400000 597.000000
18.000000 2.284105 0.535714 17.156875 3.141593 0.400000 597.000000
18.250000 2.347993 0.500000 18.244654 3.141593 0.400000 597.000000
18.500000 2.412762 0.535714 19.023220 3.141593 0.400000 597.000000
18.750000 2.478412 0.548780 19.848866 3.141593 0.400000 597.000000
19.000000 2.544944 0.576923 20.715646 3.141593 0.400000 597.000000
