6.000000 0.253789 1.059783 -1.557537 1.570796 0.400000 880.000000
6.250000 0.275379 1.235294 -1.668860 1.570796 0.400000 880.000000
6.500000 0.297850 1.264045 -1.637105 1.570796 0.400000 880.000000
6.750000 0.321202 1.235294 -1.676269 1.570796 0.400000 880.000000
7.000000 0.345436 1.193182 -1.713611 1.570796 0.400000 880.000000
7.250000 0.370550 0.909091 -1.628892 1.570796 0.400000 880.000000
7.500000 0.396546 1.013514 -1.578708 1.570796 0.400000 880.000000
7.750000 0.423423 0.972222 -1.477129 1.570796 0.400000 880.000000
8.000000 0.451181 0.635593 -1.518576 1.570796 0.400000 880.000000
8.250000 0.479821 0.500000 0.720999 1.570796 0.400000 880.000000
8.500000 0.509341 0.500000 1.554561 1.570796 0.400000 880.000000
8.750000 0.539743 0.500000 2.002742 1.570796 0.400000 880.000000
9.000000 0.571026 0.500000 2.228098 1.570796 0.400000 880.000000
9.250000 0.603190 0.500000 2.273789 1.570796 0.400000 880.000000
9.500000 0.636236 0.507117 2.141348 1.570796 0.400000 880.000000
9.750000 0.670163 0.501761 1.935514 1.570796 0.400000 880.000000
10.000000 0.704971 0.500000 3.027262 1.570796 0.400000 880.000000
10.250000 0.740660 0.513699 3.764866 1.570796 0.400000 880.000000
10.500000 0.777230 0.500000 4.329273 1.570796 0.400000 880.000000
10.750000 0.814682 0.500000 4.734043 1.570796 0.400000 880.000000
11.000000 0.853014 0.507519 5.006588 1.570796 0.400000 880.000000
11.250000 0.892228 0.500000 5.208036 1.570796 0.400000 880.000000
11.500000 0.932324 0.521739 5.292405 1.570796 0.400000 880.000000
11.750000 0.973300 0.521739 5.307022 1.570796 0.400000 880.000000
12.000000 1.015158 0.517241 5.248786 1.570796 0.400000 880.000000
12.250000 1.057896 0.500000 5.132198 1.570796 0.400000 880.000000
12.500000 1.101516 0.500000 4.859740 1.570796 0.400000 880.000000
12.750000 1.146018 0.517241 4.495023 1.570796 0.400000 880.000000
13.000000 1.191400 0.512422 4.040271 1.570796 0.400000 880.000000
13.250000 1.237664 0.510471 3.419973 1.570796 0.400000 880.000000
13.500000 1.284809 0.505952 2.559248 1.570796 0.400000 880.000000
13.750000 1.332835 0.500000 1.214813 1.570796 0.400000 880.000000
14.000000 1.381742 0.501761 -0.116595 1.570796 0.400000 880.000000
14.250000 1.431531 0.464876 -1.083712 1.570796 0.400000 880.000000
14.500000 1.482201 0.491803 -1.060785 1.570796 0.400000 880.000000
14.750000 1.533752 0.530660 -1.402862 1.570796 0.400000 880.000000
15.000000 1.586184 0.524017 -1.380726 1.570796 0.400000 880.000000
15.250000 1.639497 1.000000 -0.195268 4.712389 0.400000 880.000000
15.500000 1.693692 1.000000 2.138260 4.712389 0.400000 880.000000
15.750000 1.748768 1.000000 3.629817 4.712389 0.400000 880.000000
16.000000 1.804725 1.000000 4.241877 4.712389 0.400000 880.000000
16.250000 1.861563 0.500000 7.671070 3.141593 0.400000 880.000000
16.500000 1.919282 0.495283 10.048080 3.141593 0.400000 880.000000
16.750000 1.977883 0.500000 11.993990 3.141593 0.400000 880.000000
17.000000 2.037365 0.500000 13.499712 3.141593 0.400000 880.000000
17.250000 2.097728 0.500000 14.413008 3.141593 0.400000 880.000000
17.500000 2.158972 0.517241 15.304878 3.141593 0.400000 880.000000
17.750000 2.221098 0.500000 16.197007 3.141593 0.400000 880.000000
18.000000 2.284105 0.500000 17.310334 3.141593 0.400000 880.000000
18.250000 2.347993 0.523256 18.193491 3.141593 0.400000 880.000000
18.500000 2.412762 0.548780 18.939392 3.141593 0.400000 880.000000
18.750000 2.478412 0.576923 19.868640 3.141593 0.400000 880.000000
19.000000 2.544944 0.500000 20.807944 3.141593 0.400000 880.000000
