6.000000 0.253789 1.677632 -1.842448 1.570796 0.400000 95.000000
6.250000 0.275379 1.518987 -1.831285 1.570796 0.400000 95.000000
6.500000 0.297850 1.730769 -1.898661 1.570796 0.400000 95.000000
6.750000 0.321202 1.481481 -1.870875 1.570796 0.400000 95.000000
7.000000 0.345436 1.676471 -1.911505 1.570796 0.400000 95.000000
7.250000 0.370550 1.548913 -1.778596 1.570796 0.400000 95.000000
7.500000 0.396546 1.301020 -1.819218 1.570796 0.400000 95.000000
7.750000 0.423423 1.436170 -1.806858 1.570796 0.400000 95.000000
8.000000 0.451181 1.250000 -1.819295 1.570796 0.400000 95.000000
8.250000 0.479821 0.500000 1.506836 1.570796 0.400000 95.000000
8.500000 0.509341 0.500000 1.623046 1.570796 0.400000 95.000000
8.750000 0.539743 0.500000 1.310556 1.570796 0.400000 95.000000
9.000000 0.571026 0.500000 2.094212 1.570796 0.400000 95.000000
9.250000 0.603190 0.500000 2.586491 1.570796 0.400000 95.000000
9.500000 0.636236 0.500000 2.884896 1.570796 0.400000 95.000000
9.750000 0.670163 0.500000 3.024169 1.570796 0.400000 95.000000
10.000000 0.704971 0.500000 3.020708 1.570796 0.400000 95.000000
10.250000 0.740660 0.500000 2.873833 1.570796 0.400000 95.000000
10.500000 0.777230 0.511364 2.572218 1.570796 0.400000 95.000000
10.750000 0.814682 0.507519 2.077880 1.570796 0.400000 95.000000
11.000000 0.853014 0.500000 1.273496 1.570796 0.400000 95.000000
11.250000 0.892228 0.500000 -0.709385 1.570796 0.400000 95.000000
11.500000 0.932324 0.632530 -0.441275 1.570796 0.400000 95.000000
11.750000 0.973300 0.649606 -1.704625 1.570796 0.400000 95.000000
12.000000 1.015158 0.690789 -1.465781 1.570796 0.400000 95.000000
12.250000 1.057896 0.827586 -1.764223 1.570796 0.400000 95.000000
12.500000 1.101516 0.656250 -1.540462 1.570796 0.400000 95.000000
12.750000 1.146018 0.677083 -1.774186 1.570796 0.400000 95.000000
13.000000 1.191400 0.730519 -1.632652 1.570796 0.400000 95.000000
13.250000 1.237664 0.754717 -1.749455 1.570796 0.400000 95.000000
13.500000 1.284809 0.780347 -1.635002 1.570796 0.400000 95.000000
13.750000 1.332835 0.777439 -1.720841 1.570796 0.400000 95.000000
14.000000 1.381742 0.796875 -1.843610 1.570796 0.400000 95.000000
14.250000 1.431531 0.750000 -1.754758 1.570796 0.400000 95.000000
14.500000 1.482201 0.500000 1.391870 3.141593 0.400000 95.000000
14.750000 1.533752 0.500000 4.547912 3.141593 0.400000 95.000000
15.000000 1.586184 0.511364 5.913326 3.141593 0.400000 95.000000
15.250000 1.639497 0.722892 5.806592 3.141593 0.400000 95.000000
15.500000 1.693692 0.764331 6.163258 3.141593 0.400000 95.000000
15.750000 1.748768 0.557851 8.977660 3.141593 0.400000 95.000000
16.000000 1.804725 0.495283 10.677535 3.141593 0.400000 95.000000
16.250000 1.861563 0.500000 11.774121 3.141593 0.400000 95.000000
16.500000 1.919282 0.500000 12.923636 3.141593 0.400000 95.000000
16.750000 1.977883 0.500000 13.651810 3.141593 0.400000 95.000000
17.000000 2.037365 0.548780 13.693451 3.141593 0.400000 95.000000
17.250000 2.097728 0.500000 14.249358 3.141593 0.400000 95.000000
17.500000 2.158972 0.500000 15.315736 3.141593 0.400000 95.000000
17.750000 2.221098 0.500000 16.238712 3.141593 0.400000 95.000000
18.000000 2.284105 0.545455 17.220190 3.141593 0.400000 95.000000
18.250000 2.347993 0.500000 18.383198 3.141593 0.400000 95.000000
18.500000 2.412762 0.500000 19.246480 3.141593 0.400000 95.000000
18.750000 2.478412 0.548780 19.954358 3.141593 0.400000 95.000000
19.000000 2.544944 0.576923 20.706042 3.141593 0.400000 95.000000
