6.000000 0.253789 1.031250 -1.704054 1.570796 0.400000 589.000000
6.250000 0.275379 0.993976 -1.775028 1.570796 0.400000 589.000000
6.500000 0.297850 0.903614 -1.689266 1.570796 0.400000 589.000000
6.750000 0.321202 1.120690 -1.785554 1.570796 0.400000 589.000000
7.000000 0.345436 1.048387 -1.676449 1.570796 0.400000 589.000000
7.250000 0.370550 1.166667 -1.830561 1.570796 0.400000 589.000000
7.500000 0.396546 1.111111 -1.202962 1.570796 0.400000 589.000000
7.750000 0.423423 0.508475 -1.606483 1.570796 0.400000 589.000000
8.000000 0.451181 0.500000 0.583687 1.570796 0.400000 589.000000
8.250000 0.479821 0.500000 1.370678 1.570796 0.400000 589.000000
8.500000 0.509341 0.500000 1.767427 1.570796 0.400000 589.000000
8.750000 0.539743 0.500000 1.931139 1.570796 0.400000 589.000000
9.000000 0.571026 0.508929 1.892551 1.570796 0.400000 589.000000
9.250000 0.603190 0.508065 1.653149 1.570796 0.400000 589.000000
9.500000 0.636236 0.501672 2.180306 1.570796 0.400000 589.000000
9.750000 0.670163 0.514113 3.052263 1.570796 0.400000 589.000000
10.000000 0.704971 0.500000 3.581593 1.570796 0.400000 589.000000
10.250000 0.740660 0.500000 3.923582 1.570796 0.400000 589.000000
10.500000 0.777230 0.510471 4.123659 1.570796 0.400000 589.000000
10.750000 0.814682 0.517241 4.230709 1.570796 0.400000 589.000000
11.000000 0.853014 0.500000 4.234078 1.570796 0.400000 589.000000
11.250000 0.892228 0.500000 4.130456 1.570796 0.400000 589.000000
11.500000 0.932324 0.500000 3.920788 1.570796 0.400000 589.000000
11.750000 0.973300 0.509709 3.575109 1.570796 0.400000 589.000000
12.000000 1.015158 0.510000 3.079638 1.570796 0.400000 589.000000
12.250000 1.057896 0.506135 2.376012 1.570796 0.400000 589.000000
12.500000 1.101516 0.500000 1.274154 1.570796 0.400000 589.000000
12.750000 1.146018 0.542169 -1.590112 1.570796 0.400000 589.000000
13.000000 1.191400 0.686275 -1.555275 1.570796 0.400000 589.000000
13.250000 1.237664 0.580357 -1.535616 1.570796 0.400000 589.000000
13.500000 1.284809 0.652174 -1.620207 1.570796 0.400000 589.000000
13.750000 1.332835 0.583832 -1.513187 1.570796 0.400000 589.000000
14.000000 1.381742 0.674157 -1.632973 1.570796 0.400000 589.000000
14.250000 1.431531 0.754438 -1.636850 1.570796 0.400000 589.000000
14.500000 1.482201 0.801887 -1.788865 1.570796 0.400000 589.000000
14.750000 1.533752 0.621762 -1.644957 1.570796 0.400000 589.000000
15.000000 1.586184 1.000000 0.483888 4.712389 0.400000 589.000000
15.250000 1.639497 1.000000 2.377269 4.712389 0.400000 589.000000
15.500000 1.693692 0.500000 3.762980 3.141593 0.400000 589.000000
15.750000 1.748768 0.496689 5.751687 3.141593 0.400000 589.000000
16.000000 1.804725 0.557851 6.956934 3.141593 0.400000 589.000000
16.250000 1.861563 0.625000 8.117362 3.141593 0.400000 589.000000
16.500000 1.919282 0.716912 7.901764 3.141593 0.400000 589.000000
16.750000 1.977883 0.500000 11.976766 3.141593 0.400000 589.000000
17.000000 2.037365 0.500000 13.403514 3.141593 0.400000 589.000000
17.250000 2.097728 0.520833 14.508461 3.141593 0.400000 589.000000
17.500000 2.158972 0.526316 15.512405 3.141593 0.400000 589.000000
17.750000 2.221098 0.500000 16.452746 3.141593 0.400000 589.000000
18.000000 2.284105 0.500000 17.547801 3.141593 0.400000 589.000000
18.250000 2.347993 0.535714 18.238074 3.141593 0.400000 589.000000
18.500000 2.412762 0.548780 19.005811 3.141593 0.400000 589.000000
18.750000 2.478412 0.576923 19.829034 3.141593 0.400000 589.000000
19.000000 2.544944 0.576923 20.634039 3.141593 0.400000 589.000000
