6.000000 0.253789 1.095506 -1.645207 1.570796 0.400000 94.000000
6.250000 0.275379 1.046512 -1.709661 1.570796 0.400000 94.000000
6.500000 0.297850 1.046512 -1.719289 1.570796 0.400000 94.000000
6.750000 0.321202 1.379310 -1.681838 1.570796 0.400000 94.000000
7.000000 0.345436 1.209677 -1.778579 1.570796 0.400000 94.000000
7.250000 0.370550 1.039604 -1.575782 1.570796 0.400000 94.000000
7.500000 0.396546 0.689655 -1.795076 1.570796 0.400000 94.000000
7.750000 0.423423 0.500000 0.259952 1.570796 0.400000 94.000000
8.000000 0.451181 0.500000 1.102943 1.570796 0.400000 94.000000
8.250000 0.479821 0.500000 1.488694 1.570796 0.400000 94.000000
8.500000 0.509341 0.500000 1.573049 1.570796 0.400000 94.000000
8.750000 0.539743 0.500000 1.678608 1.570796 0.400000 94.000000
9.000000 0.571026 0.503049 2.045763 1.570796 0.400000 94.000000
9.250000 0.603190 0.500000 2.564433 1.570796 0.400000 94.000000
9.500000 0.636236 0.511364 2.694932 1.570796 0.400000 94.000000
9.750000 0.670163 0.500000 2.681337 1.570796 0.400000 94.000000
10.000000 0.704971 0.508475 2.492595 1.570796 0.400000 94.000000
10.250000 0.740660 0.509434 2.130756 1.570796 0.400000 94.000000
10.500000 0.777230 0.500000 1.510955 1.570796 0.400000 94.000000
10.750000 0.814682 0.500000 0.377475 1.570796 0.400000 94.000000
11.000000 0.853014 0.502392 -0.369929 1.570796 0.400000 94.000000
11.250000 0.892228 0.493421 -1.365194 1.570796 0.400000 94.000000
11.500000 0.932324 0.596026 -1.388641 1.570796 0.400000 94.000000
11.750000 0.973300 0.851064 -1.665923 1.570796 0.400000 94.000000
12.000000 1.015158 0.525478 -1.436942 1.570796 0.400000 94.000000
12.250000 1.057896 0.633117 -1.684360 1.570796 0.400000 94.000000
12.500000 1.101516 0.716561 -1.512425 1.570796 0.400000 94.000000
12.750000 1.146018 0.511364 -1.455959 1.570796 0.400000 94.000000
13.000000 1.191400 0.615385 -1.444764 1.570796 0.400000 94.000000
13.250000 1.237664 0.555556 -1.360250 1.570796 0.400000 94.000000
13.500000 1.284809 0.614035 -1.387000 1.570796 0.400000 94.000000
13.750000 1.332835 0.580110 -1.659412 1.570796 0.400000 94.000000
14.000000 1.381742 0.674603 -1.552297 1.570796 0.400000 94.000000
14.250000 1.431531 0.634921 -1.702467 1.570796 0.400000 94.000000
14.500000 1.482201 0.500000 1.845428 3.141593 0.400000 94.000000
14.750000 1.533752 0.500000 4.836599 3.141593 0.400000 94.000000
15.000000 1.586184 0.506135 6.619098 3.141593 0.400000 94.000000
15.250000 1.639497 0.608108 6.858363 3.141593 0.400000 94.000000
15.500000 1.693692 0.495283 8.800818 3.141593 0.400000 94.000000
15.750000 1.748768 0.494505 10.318372 3.141593 0.400000 94.000000
16.000000 1.804725 0.500000 11.521910 3.141593 0.400000 94.000000
16.250000 1.861563 0.500000 12.502611 3.141593 0.400000 94.000000
16.500000 1.919282 0.500000 13.379487 3.141593 0.400000 94.000000
16.750000 1.977883 0.535714 14.013537 3.141593 0.400000 94.000000
17.000000 2.037365 0.517241 14.737046 3.141593 0.400000 94.000000
17.250000 2.097728 0.566038 15.274513 3.141593 0.400000 94.000000
17.500000 2.158972 0.535714 15.706383 3.141593 0.400000 94.000000
17.750000 2.221098 0.489130 16.534863 3.141593 0.400000 94.000000
18.000000 2.284105 0.535714 17.166240 3.141593 0.400000 94.000000
18.250000 2.347993 0.562500 17.767596 3.141593 0.400000 94.000000
18.500000 2.412762 0.562500 18.584939 3.141593 0.400000 94.000000
18.750000 2.478412 0.592105 19.463792 3.141593 0.400000 94.000000
19.000000 2.544944 0.500000 20.376364 3.141593 0.400000 94.000000
