6.000000 0.253789 1.097561 -1.699694 1.570796 0.400000 82.000000
6.250000 0.275379 1.046512 -1.714569 1.570796 0.400000 82.000000
6.500000 0.297850 1.095506 -1.752935 1.570796 0.400000 82.000000
6.750000 0.321202 0.982143 -1.742429 1.570796 0.400000 82.000000
7.000000 0.345436 1.015625 -1.681908 1.570796 0.400000 82.000000
7.250000 0.370550 1.141304 -1.604229 1.570796 0.400000 82.000000
7.500000 0.396546 0.857143 -1.634889 1.570796 0.400000 82.000000
7.750000 0.423423 1.081731 -1.368600 1.570796 0.400000 82.000000
8.000000 0.451181 0.514706 -1.814597 1.570796 0.400000 82.000000
8.250000 0.479821 0.500000 0.593703 1.570796 0.400000 82.000000
8.500000 0.509341 0.500000 1.492275 1.570796 0.400000 82.000000
8.750000 0.539743 0.500000 1.902814 1.570796 0.400000 82.000000
9.000000 0.571026 0.500000 2.219192 1.570796 0.400000 82.000000
9.250000 0.603190 0.512048 2.275716 1.570796 0.400000 82.000000
9.500000 0.636236 0.507968 2.168780 1.570796 0.400000 82.000000
9.750000 0.670163 0.507117 1.909722 1.570796 0.400000 82.000000
10.000000 0.704971 0.501520 1.949986 1.570796 0.400000 82.000000
10.250000 0.740660 0.500000 2.101590 1.570796 0.400000 82.000000
10.500000 0.777230 0.500000 1.512644 1.570796 0.400000 82.000000
10.750000 0.814682 0.500000 0.359057 1.570796 0.400000 82.000000
11.000000 0.853014 0.500000 -1.515798 1.570796 0.400000 82.000000
11.250000 0.892228 0.743802 -1.620091 1.570796 0.400000 82.000000
11.500000 0.932324 0.974026 -1.430251 1.570796 0.400000 82.000000
11.750000 0.973300 0.885417 -1.655067 1.570796 0.400000 82.000000
12.000000 1.015158 0.632530 -1.362240 1.570796 0.400000 82.000000
12.250000 1.057896 0.690789 -1.647864 1.570796 0.400000 82.000000
12.500000 1.101516 0.640244 -1.564276 1.570796 0.400000 82.000000
12.750000 1.146018 0.806962 -1.607630 1.570796 0.400000 82.000000
13.000000 1.191400 0.665680 -1.550106 1.570796 0.400000 82.000000
13.250000 1.237664 0.681818 -1.693241 1.570796 0.400000 82.000000
13.500000 1.284809 0.554187 -1.167461 1.570796 0.400000 82.000000
13.750000 1.332835 0.728155 -0.921490 1.570796 0.400000 82.000000
14.000000 1.381742 0.660622 -1.499160 1.570796 0.400000 82.000000
14.250000 1.431531 0.775862 -1.827022 1.570796 0.400000 82.000000
14.500000 1.482201 0.775862 -1.763230 1.570796 0.400000 82.000000
14.750000 1.533752 0.618932 -1.633916 1.570796 0.400000 82.000000
15.000000 1.586184 0.500000 1.961046 3.141593 0.400000 82.000000
15.250000 1.639497 0.566038 4.570112 3.141593 0.400000 82.000000
15.500000 1.693692 0.551471 6.406657 3.141593 0.400000 82.000000
15.750000 1.748768 0.500000 8.626625 3.141593 0.400000 82.000000
16.000000 1.804725 0.523256 10.273826 3.141593 0.400000 82.000000
16.250000 1.861563 0.500000 11.633822 3.141593 0.400000 82.000000
16.500000 1.919282 0.500000 12.729188 3.141593 0.400000 82.000000
16.750000 1.977883 0.500000 13.807011 3.141593 0.400000 82.000000
17.000000 2.037365 0.545455 14.586787 3.141593 0.400000 82.000000
17.250000 2.097728 0.517241 15.462741 3.141593 0.400000 82.000000
17.500000 2.158972 0.576923 16.209295 3.141593 0.400000 82.000000
17.750000 2.221098 0.535714 16.904766 3.141593 0.400000 82.000000
18.000000 2.284105 0.592105 17.523240 3.141593 0.400000 82.000000
18.250000 2.347993 0.576923 18.263611 3.141593 0.400000 82.000000
18.500000 2.412762 0.576923 18.934851 3.141593 0.400000 82.000000
18.750000 2.478412 0.500000 19.633966 3.141593 0.400000 82.000000
19.000000 2.544944 0.500000 20.196992 3.141593 0.400000 82.000000
