6.000000 0.253789 1.168831 -1.784554 1.570796 0.400000 40.000000
6.250000 0.275379 1.125000 -1.772320 1.570796 0.400000 40.000000
6.500000 0.297850 1.174699 -1.776012 1.570796 0.400000 40.000000
6.750000 0.321202 1.220930 -1.753809 1.570796 0.400000 40.000000
7.000000 0.345436 1.379310 -1.812010 1.570796 0.400000 40.000000
7.250000 0.370550 1.401099 -1.709874 1.570796 0.400000 40.000000
7.500000 0.396546 1.484375 -1.777577 1.570796 0.400000 40.000000
7.750000 0.423423 1.019417 -1.577295 1.570796 0.400000 40.000000
8.000000 0.451181 0.500000 0.872590 1.570796 0.400000 40.000000
8.250000 0.479821 0.500000 1.457893 1.570796 0.400000 40.000000
8.500000 0.509341 0.500000 1.734285 1.570796 0.400000 40.000000
8.750000 0.539743 0.500000 1.791495 1.570796 0.400000 40.000000
9.000000 0.571026 0.500000 1.642888 1.570796 0.400000 40.000000
9.250000 0.603190 0.500000 1.249826 1.570796 0.400000 40.000000
9.500000 0.636236 0.500000 0.134756 1.570796 0.400000 40.000000
9.750000 0.670163 0.500000 2.064898 1.570796 0.400000 40.000000
10.000000 0.704971 0.500000 3.099836 1.570796 0.400000 40.000000
10.250000 0.740660 0.512195 3.803976 1.570796 0.400000 40.000000
10.500000 0.777230 0.515625 4.324290 1.570796 0.400000 40.000000
10.750000 0.814682 0.520833 4.705805 1.570796 0.400000 40.000000
11.000000 0.853014 0.500000 4.981265 1.570796 0.400000 40.000000
11.250000 0.892228 0.500000 5.179228 1.570796 0.400000 40.000000
11.500000 0.932324 0.517241 5.251589 1.570796 0.400000 40.000000
11.750000 0.973300 0.521739 5.246651 1.570796 0.400000 40.000000
12.000000 1.015158 0.512821 5.180737 1.570796 0.400000 40.000000
12.250000 1.057896 0.519231 4.994296 1.570796 0.400000 40.000000
12.500000 1.101516 0.519231 4.751308 1.570796 0.400000 40.000000
12.750000 1.146018 0.500000 4.395528 1.570796 0.400000 40.000000
13.000000 1.191400 0.512422 3.890234 1.570796 0.400000 40.000000
13.250000 1.237664 0.500000 3.241746 1.570796 0.400000 40.000000
13.500000 1.284809 0.507117 2.286832 1.570796 0.400000 40.000000
13.750000 1.332835 0.500000 0.704617 1.570796 0.400000 40.000000
14.000000 1.381742 0.535714 -0.499478 1.570796 0.400000 40.000000
14.250000 1.431531 0.530973 -1.147482 1.570796 0.400000 40.000000
14.500000 1.482201 0.608108 -1.488587 1.570796 0.400000 40.000000
14.750000 1.533752 0.482673 -1.520334 1.570796 0.400000 40.000000
15.000000 1.586184 0.496324 -1.265902 1.570796 0.400000 40.000000
15.250000 1.639497 1.000000 0.838904 4.712389 0.400000 40.000000
15.500000 1.693692 0.821429 3.459147 3.141593 0.400000 40.000000
15.750000 1.748768 0.645695 5.759854 3.141593 0.400000 40.000000
16.000000 1.804725 0.527344 7.947440 3.141593 0.400000 40.000000
16.250000 1.861563 0.495283 9.860620 3.141593 0.400000 40.000000
16.500000 1.919282 0.500000 11.408243 3.141593 0.400000 40.000000
16.750000 1.977883 0.500000 12.862264 3.141593 0.400000 40.000000
17.000000 2.037365 0.500000 13.445599 3.141593 0.400000 40.000000
17.250000 2.097728 0.513699 13.868766 3.141593 0.400000 40.000000
17.500000 2.158972 0.535714 14.921590 3.141593 0.400000 40.000000
17.750000 2.221098 0.555556 15.961098 3.141593 0.400000 40.000000
18.000000 2.284105 0.535714 17.043151 3.141593 0.400000 40.000000
18.250000 2.347993 0.500000 18.214348 3.141593 0.400000 40.000000
18.500000 2.412762 0.500000 19.140041 3.141593 0.400000 40.000000
18.750000 2.478412 0.535714 19.892017 3.141593 0.400000 40.000000
19.000000 2.544944 0.576923 20.714406 3.141593 0.400000 40.000000
