6.000000 0.253789 1.329114 -1.672181 1.570796 0.400000 702.000000
6.250000 0.275379 1.500000 -1.715142 1.570796 0.400000 702.000000
6.500000 0.297850 1.293103 -1.713702 1.570796 0.400000 702.000000
6.750000 0.321202 1.416667 -1.756037 1.570796 0.400000 702.000000
7.000000 0.345436 1.583333 -1.755062 1.570796 0.400000 702.000000
7.250000 0.370550 1.370968 -1.789088 1.570796 0.400000 702.000000
7.500000 0.396546 1.165049 -1.692665 1.570796 0.400000 702.000000
7.750000 0.423423 1.500000 -1.741254 1.570796 0.400000 702.000000
8.000000 0.451181 1.467391 -1.880967 1.570796 0.400000 702.000000
8.250000 0.479821 1.184211 -1.704894 1.570796 0.400000 702.000000
8.500000 0.509341 0.900000 -1.644716 1.570796 0.400000 702.000000
8.750000 0.539743 0.506135 -0.563040 1.570796 0.400000 702.000000
9.000000 0.571026 0.500000 1.467315 1.570796 0.400000 702.000000
9.250000 0.603190 0.498252 1.998564 1.570796 0.400000 702.000000
9.500000 0.636236 0.500000 2.670469 1.570796 0.400000 702.000000
9.750000 0.670163 0.506329 3.221135 1.570796 0.400000 702.000000
10.000000 0.704971 0.500000 3.556697 1.570796 0.400000 702.000000
10.250000 0.740660 0.500000 3.779723 1.570796 0.400000 702.000000
10.500000 0.777230 0.515625 3.869253 1.570796 0.400000 702.000000
10.750000 0.814682 0.518868 3.857091 1.570796 0.400000 702.000000
11.000000 0.853014 0.509259 3.745626 1.570796 0.400000 702.000000
11.250000 0.892228 0.517241 3.502920 1.570796 0.400000 702.000000
11.500000 0.932324 0.507812 3.133152 1.570796 0.400000 702.000000
11.750000 0.973300 0.510638 2.570488 1.570796 0.400000 702.000000
12.000000 1.015158 0.504386 1.725139 1.570796 0.400000 702.000000
12.250000 1.057896 0.500000 0.114369 1.570796 0.400000 702.000000
12.500000 1.101516 0.559701 -0.421544 1.570796 0.400000 702.000000
12.750000 1.146018 0.553691 -1.971117 1.570796 0.400000 702.000000
13.000000 1.191400 0.673653 -1.460861 1.570796 0.400000 702.000000
13.250000 1.237664 0.564516 -1.244891 1.570796 0.400000 702.000000
13.500000 1.284809 0.609375 -1.544159 1.570796 0.400000 702.000000
13.750000 1.332835 0.576923 -1.399178 1.570796 0.400000 702.000000
14.000000 1.381742 0.628743 -1.538006 1.570796 0.400000 702.000000
14.250000 1.431531 0.561497 -1.494901 1.570796 0.400000 702.000000
14.500000 1.482201 0.530660 -1.399605 1.570796 0.400000 702.000000
14.750000 1.533752 0.519802 -1.313245 1.570796 0.400000 702.000000
15.000000 1.586184 0.584862 -1.545549 1.570796 0.400000 702.000000
15.250000 1.639497 0.724638 -1.797429 4.712389 0.400000 702.000000
15.500000 1.693692 1.000000 1.979475 4.712389 0.400000 702.000000
15.750000 1.748768 0.846154 3.605404 3.141593 0.400000 702.000000
16.000000 1.804725 0.661765 6.048801 3.141593 0.400000 702.000000
16.250000 1.861563 0.500000 8.266393 3.141593 0.400000 702.000000
16.500000 1.919282 0.495283 10.236310 3.141593 0.400000 702.000000
16.750000 1.977883 0.523256 12.078365 3.141593 0.400000 702.000000
17.000000 2.037365 0.523256 13.540346 3.141593 0.400000 702.000000
17.250000 2.097728 0.520833 14.177120 3.141593 0.400000 702.000000
17.500000 2.158972 0.528169 14.973592 3.141593 0.400000 702.000000
17.750000 2.221098 0.545455 15.888604 3.141593 0.400000 702.000000
18.000000 2.284105 0.535714 16.988815 3.141593 0.400000 702.000000
18.250000 2.347993 0.500000 18.136243 3.141593 0.400000 702.000000
18.500000 2.412762 0.548780 18.901738 3.141593 0.400000 702.000000
18.750000 2.478412 0.562500 19.880715 3.141593 0.400000 702.000000
19.000000 2.544944 0.576923 20.843200 3.141593 0.400000 702.000000
