6.000000 0.253789 1.280488 -1.705206 1.570796 0.400000 269.000000
6.250000 0.275379 1.031250 -1.757479 1.570796 0.400000 269.000000
6.500000 0.297850 1.179775 -1.682896 1.570796 0.400000 269.000000
6.750000 0.321202 1.071429 -1.689292 1.570796 0.400000 269.000000
7.000000 0.345436 1.308140 -1.801984 1.570796 0.400000 269.000000
7.250000 0.370550 1.129032 -1.631333 1.570796 0.400000 269.000000
7.500000 0.396546 1.050000 -1.785384 1.570796 0.400000 269.000000
7.750000 0.423423 0.800971 -1.577410 1.570796 0.400000 269.000000
8.000000 0.451181 1.019417 -1.376641 1.570796 0.400000 269.000000
8.250000 0.479821 0.546875 -2.431810 1.570796 0.400000 269.000000
8.500000 0.509341 0.500000 0.486716 1.570796 0.400000 269.000000
8.750000 0.539743 0.501453 1.627419 1.570796 0.400000 269.000000
9.000000 0.571026 0.505051 2.233267 1.570796 0.400000 269.000000
9.250000 0.603190 0.500000 2.604447 1.570796 0.400000 269.000000
9.500000 0.636236 0.500000 2.802473 1.570796 0.400000 269.000000
9.750000 0.670163 0.512195 2.832486 1.570796 0.400000 269.000000
10.000000 0.704971 0.507246 2.729863 1.570796 0.400000 269.000000
10.250000 0.740660 0.500000 2.477383 1.570796 0.400000 269.000000
10.500000 0.777230 0.500000 2.024247 1.570796 0.400000 269.000000
10.750000 0.814682 0.500000 1.355805 1.570796 0.400000 269.000000
11.000000 0.853014 0.500000 1.950849 1.570796 0.400000 269.000000
11.250000 0.892228 0.500000 1.110113 1.570796 0.400000 269.000000
11.500000 0.932324 0.541667 -1.299391 1.570796 0.400000 269.000000
11.750000 0.973300 0.493421 -1.410812 1.570796 0.400000 269.000000
12.000000 1.015158 0.563584 -1.197196 1.570796 0.400000 269.000000
12.250000 1.057896 0.576923 -1.468490 1.570796 0.400000 269.000000
12.500000 1.101516 0.589286 -1.741797 1.570796 0.400000 269.000000
12.750000 1.146018 0.580357 -1.525019 1.570796 0.400000 269.000000
13.000000 1.191400 0.612245 -1.646009 1.570796 0.400000 269.000000
13.250000 1.237664 0.511364 -1.537971 1.570796 0.400000 269.000000
13.500000 1.284809 0.705882 -1.679128 1.570796 0.400000 269.000000
13.750000 1.332835 0.576923 -1.520742 1.570796 0.400000 269.000000
14.000000 1.381742 0.754438 -1.645857 1.570796 0.400000 269.000000
14.250000 1.431531 0.558511 -1.528801 1.570796 0.400000 269.000000
14.500000 1.482201 0.642857 -1.657497 1.570796 0.400000 269.000000
14.750000 1.533752 0.653846 -1.523724 1.570796 0.400000 269.000000
15.000000 1.586184 0.665025 -1.476156 1.570796 0.400000 269.000000
15.250000 1.639497 0.500000 3.418425 3.141593 0.400000 269.000000
15.500000 1.693692 0.500000 6.005068 3.141593 0.400000 269.000000
15.750000 1.748768 0.551471 7.087984 3.141593 0.400000 269.000000
16.000000 1.804725 0.993976 4.468447 3.141593 0.400000 269.000000
16.250000 1.861563 0.566038 9.693713 3.141593 0.400000 269.000000
16.500000 1.919282 0.494505 11.688094 3.141593 0.400000 269.000000
16.750000 1.977883 0.500000 13.111168 3.141593 0.400000 269.000000
17.000000 2.037365 0.500000 14.183028 3.141593 0.400000 269.000000
17.250000 2.097728 0.500000 15.120882 3.141593 0.400000 269.000000
17.500000 2.158972 0.555556 15.833450 3.141593 0.400000 269.000000
17.750000 2.221098 0.526316 16.571056 3.141593 0.400000 269.000000
18.000000 2.284105 0.500000 17.514925 3.141593 0.400000 269.000000
18.250000 2.347993 0.535714 18.087869 3.141593 0.400000 269.000000
18.500000 2.412762 0.576923 18.790117 3.141593 0.400000 269.000000
18.750000 2.478412 0.576923 19.558534 3.141593 0.400000 269.000000
19.000000 2.544944 0.592105 20.284545 3.141593 0.400000 269.000000
