6.000000 0.253789 1.044304 -1.613329 1.570796 0.400000 219.000000
6.250000 0.275379 0.989011 -1.663454 1.570796 0.400000 219.000000
6.500000 0.297850 0.993976 -1.694458 1.570796 0.400000 219.000000
6.750000 0.321202 0.862069 -1.663439 1.570796 0.400000 219.000000
7.000000 0.345436 0.887097 -1.687941 1.570796 0.400000 219.000000
7.250000 0.370550 0.833333 -1.619644 1.570796 0.400000 219.000000
7.500000 0.396546 0.703125 -1.660126 1.570796 0.400000 219.000000
7.750000 0.423423 0.750000 -1.742818 1.570796 0.400000 219.000000
8.000000 0.451181 0.736607 -1.579751 1.570796 0.400000 219.000000
8.250000 0.479821 0.500000 1.485721 1.570796 0.400000 219.000000
8.500000 0.509341 0.500000 1.570442 1.570796 0.400000 219.000000
8.750000 0.539743 0.500000 1.429693 1.570796 0.400000 219.000000
9.000000 0.571026 0.494269 0.780880 1.570796 0.400000 219.000000
9.250000 0.603190 0.500000 1.688839 1.570796 0.400000 219.000000
9.500000 0.636236 0.510638 2.582248 1.570796 0.400000 219.000000
9.750000 0.670163 0.507968 3.172334 1.570796 0.400000 219.000000
10.000000 0.704971 0.513158 3.570821 1.570796 0.400000 219.000000
10.250000 0.740660 0.512422 3.831557 1.570796 0.400000 219.000000
10.500000 0.777230 0.500000 3.974022 1.570796 0.400000 219.000000
10.750000 0.814682 0.513699 3.991360 1.570796 0.400000 219.000000
11.000000 0.853014 0.500000 3.914953 1.570796 0.400000 219.000000
11.250000 0.892228 0.509259 3.705408 1.570796 0.400000 219.000000
11.500000 0.932324 0.511364 3.383670 1.570796 0.400000 219.000000
11.750000 0.973300 0.509709 2.905017 1.570796 0.400000 219.000000
12.000000 1.015158 0.500000 2.205221 1.570796 0.400000 219.000000
12.250000 1.057896 0.500000 1.064259 1.570796 0.400000 219.000000
12.500000 1.101516 0.491071 -2.811875 1.570796 0.400000 219.000000
12.750000 1.146018 0.477707 -1.480881 1.570796 0.400000 219.000000
13.000000 1.191400 0.500000 -1.289853 1.570796 0.400000 219.000000
13.250000 1.237664 0.496324 -1.611413 1.570796 0.400000 219.000000
13.500000 1.284809 0.482456 -1.330998 1.570796 0.400000 219.000000
13.750000 1.332835 0.459184 -1.396588 1.570796 0.400000 219.000000
14.000000 1.381742 0.454545 -1.472733 1.570796 0.400000 219.000000
14.250000 1.431531 0.436893 -1.433907 1.570796 0.400000 219.000000
14.500000 1.482201 0.461538 -1.062719 1.570796 0.400000 219.000000
14.750000 1.533752 0.484914 -1.326484 1.570796 0.400000 219.000000
15.000000 1.586184 1.001712 -1.527975 4.712389 0.400000 219.000000
15.250000 1.639497 0.500000 3.411678 3.141593 0.400000 219.000000
15.500000 1.693692 0.496324 5.858644 3.141593 0.400000 219.000000
15.750000 1.748768 0.500000 7.787616 3.141593 0.400000 219.000000
16.000000 1.804725 0.525000 9.436565 3.141593 0.400000 219.000000
16.250000 1.861563 0.495283 10.765500 3.141593 0.400000 219.000000
16.500000 1.919282 0.500000 11.326733 3.141593 0.400000 219.000000
16.750000 1.977883 0.500000 13.233033 3.141593 0.400000 219.000000
17.000000 2.037365 0.543478 13.987381 3.141593 0.400000 219.000000
17.250000 2.097728 0.500000 14.926524 3.141593 0.400000 219.000000
17.500000 2.158972 0.500000 15.768738 3.141593 0.400000 219.000000
17.750000 2.221098 0.555556 16.561498 3.141593 0.400000 219.000000
18.000000 2.284105 0.500000 17.548566 3.141593 0.400000 219.000000
18.250000 2.347993 0.548780 18.180259 3.141593 0.400000 219.000000
18.500000 2.412762 0.562500 19.038213 3.141593 0.400000 219.000000
18.750000 2.478412 0.576923 19.903591 3.141593 0.400000 219.000000
19.000000 2.544944 0.500000 20.647790 3.141593 0.400000 219.000000
