6.000000 0.253789 0.833333 -1.667538 1.570796 0.400000 920.000000
6.250000 0.275379 1.235294 -1.722340 1.570796 0.400000 920.000000
6.500000 0.297850 0.833333 -1.736551 1.570796 0.400000 920.000000
6.750000 0.321202 1.058824 -1.728378 1.570796 0.400000 920.000000
7.000000 0.345436 1.411765 -1.884329 1.570796 0.400000 920.000000
7.250000 0.370550 0.900000 -1.654954 1.570796 0.400000 920.000000
7.500000 0.396546 1.071429 -1.867293 1.570796 0.400000 920.000000
7.750000 0.423423 1.138393 -1.273681 1.570796 0.400000 920.000000
8.000000 0.451181 0.503731 -1.204827 1.570796 0.400000 920.000000
8.250000 0.479821 0.500000 0.847633 1.570796 0.400000 920.000000
8.500000 0.509341 0.500000 1.600801 1.570796 0.400000 920.000000
8.750000 0.539743 0.500000 2.006173 1.570796 0.400000 920.000000
9.000000 0.571026 0.500000 2.192985 1.570796 0.400000 920.000000
9.250000 0.603190 0.507968 2.199953 1.570796 0.400000 920.000000
9.500000 0.636236 0.507519 2.025597 1.570796 0.400000 920.000000
9.750000 0.670163 0.503731 2.233912 1.570796 0.400000 920.000000
10.000000 0.704971 0.503953 3.114978 1.570796 0.400000 920.000000
10.250000 0.740660 0.500000 3.944437 1.570796 0.400000 920.000000
10.500000 0.777230 0.500000 4.304613 1.570796 0.400000 920.000000
10.750000 0.814682 0.500000 4.535739 1.570796 0.400000 920.000000
11.000000 0.853014 0.515625 4.652288 1.570796 0.400000 920.000000
11.250000 0.892228 0.515625 4.687846 1.570796 0.400000 920.000000
11.500000 0.932324 0.500000 4.637369 1.570796 0.400000 920.000000
11.750000 0.973300 0.508475 4.467280 1.570796 0.400000 920.000000
12.000000 1.015158 0.515873 4.206315 1.570796 0.400000 920.000000
12.250000 1.057896 0.507246 3.828136 1.570796 0.400000 920.000000
12.500000 1.101516 0.510638 3.300648 1.570796 0.400000 920.000000
12.750000 1.146018 0.504808 2.552021 1.570796 0.400000 920.000000
13.000000 1.191400 0.500000 1.409981 1.570796 0.400000 920.000000
13.250000 1.237664 0.505618 -1.641088 1.570796 0.400000 920.000000
13.500000 1.284809 0.661765 -1.576453 1.570796 0.400000 920.000000
13.750000 1.332835 0.611413 -1.609986 1.570796 0.400000 920.000000
14.000000 1.381742 0.597015 -1.362396 1.570796 0.400000 920.000000
14.250000 1.431531 0.663717 -1.013036 1.570796 0.400000 920.000000
14.500000 1.482201 0.540865 -1.637017 1.570796 0.400000 920.000000
14.750000 1.533752 0.642857 -1.541843 1.570796 0.400000 920.000000
15.000000 1.586184 0.681818 -1.541858 1.570796 0.400000 920.000000
15.250000 1.639497 1.000000 -0.271751 4.712389 0.400000 920.000000
15.500000 1.693692 0.998201 2.259996 4.712389 0.400000 920.000000
15.750000 1.748768 0.997537 3.629459 4.712389 0.400000 920.000000
16.000000 1.804725 0.754717 5.553915 3.141593 0.400000 920.000000
16.250000 1.861563 0.500000 8.824921 3.141593 0.400000 920.000000
16.500000 1.919282 0.517241 10.720000 3.141593 0.400000 920.000000
16.750000 1.977883 0.500000 12.177513 3.141593 0.400000 920.000000
17.000000 2.037365 0.528169 13.474174 3.141593 0.400000 920.000000
17.250000 2.097728 0.535714 14.540535 3.141593 0.400000 920.000000
17.500000 2.158972 0.517241 15.696434 3.141593 0.400000 920.000000
17.750000 2.221098 0.500000 16.722743 3.141593 0.400000 920.000000
18.000000 2.284105 0.548780 17.457862 3.141593 0.400000 920.000000
18.250000 2.347993 0.576923 18.362614 3.141593 0.400000 920.000000
18.500000 2.412762 0.592105 19.318228 3.141593 0.400000 920.000000
18.750000 2.478412 0.500000 20.099716 3.141593 0.400000 920.000000
19.000000 2.544944 0.500000 20.833557 3.141593 0.400000 920.000000
