6.000000 0.253789 1.206897 -1.673476 1.570796 0.400000 243.000000
6.250000 0.275379 1.216216 -1.716285 1.570796 0.400000 243.000000
6.500000 0.297850 1.084337 -1.789299 1.570796 0.400000 243.000000
6.750000 0.321202 1.046512 -1.690491 1.570796 0.400000 243.000000
7.000000 0.345436 1.095506 -1.763436 1.570796 0.400000 243.000000
7.250000 0.370550 1.095506 -1.686428 1.570796 0.400000 243.000000
7.500000 0.396546 1.171875 -1.875112 1.570796 0.400000 243.000000
7.750000 0.423423 1.004464 -1.193056 1.570796 0.400000 243.000000
8.000000 0.451181 0.507519 -1.333194 1.570796 0.400000 243.000000
8.250000 0.479821 0.500000 0.799537 1.570796 0.400000 243.000000
8.500000 0.509341 0.500000 1.582301 1.570796 0.400000 243.000000
8.750000 0.539743 0.500000 2.003409 1.570796 0.400000 243.000000
9.000000 0.571026 0.500000 2.204290 1.570796 0.400000 243.000000
9.250000 0.603190 0.500000 2.225306 1.570796 0.400000 243.000000
9.500000 0.636236 0.500000 2.149894 1.570796 0.400000 243.000000
9.750000 0.670163 0.504202 2.592150 1.570796 0.400000 243.000000
10.000000 0.704971 0.512048 3.064736 1.570796 0.400000 243.000000
10.250000 0.740660 0.511364 3.841682 1.570796 0.400000 243.000000
10.500000 0.777230 0.500000 4.030224 1.570796 0.400000 243.000000
10.750000 0.814682 0.510471 4.056539 1.570796 0.400000 243.000000
11.000000 0.853014 0.510471 3.996145 1.570796 0.400000 243.000000
11.250000 0.892228 0.510471 3.828212 1.570796 0.400000 243.000000
11.500000 0.932324 0.509709 3.533257 1.570796 0.400000 243.000000
11.750000 0.973300 0.500000 3.096825 1.570796 0.400000 243.000000
12.000000 1.015158 0.506431 2.444606 1.570796 0.400000 243.000000
12.250000 1.057896 0.500000 1.452476 1.570796 0.400000 243.000000
12.500000 1.101516 0.502392 -1.134144 1.570796 0.400000 243.000000
12.750000 1.146018 0.705882 -1.537788 1.570796 0.400000 243.000000
13.000000 1.191400 0.782209 -1.641369 1.570796 0.400000 243.000000
13.250000 1.237664 0.637255 -1.659882 1.570796 0.400000 243.000000
13.500000 1.284809 0.666667 -1.520114 1.570796 0.400000 243.000000
13.750000 1.332835 0.750000 -1.374606 1.570796 0.400000 243.000000
14.000000 1.381742 0.631188 -1.169578 1.570796 0.400000 243.000000
14.250000 1.431531 0.621762 -1.763907 1.570796 0.400000 243.000000
14.500000 1.482201 0.746073 -1.446591 1.570796 0.400000 243.000000
14.750000 1.533752 0.750000 -1.671407 1.570796 0.400000 243.000000
15.000000 1.586184 0.794492 -1.685342 1.570796 0.400000 243.000000
15.250000 1.639497 0.500000 2.627441 3.141593 0.400000 243.000000
15.500000 1.693692 0.817536 3.740459 3.141593 0.400000 243.000000
15.750000 1.748768 0.551471 6.885842 3.141593 0.400000 243.000000
16.000000 1.804725 0.500000 9.154281 3.141593 0.400000 243.000000
16.250000 1.861563 0.500000 10.808043 3.141593 0.400000 243.000000
16.500000 1.919282 0.520833 12.127844 3.141593 0.400000 243.000000
16.750000 1.977883 0.520833 13.281074 3.141593 0.400000 243.000000
17.000000 2.037365 0.500000 14.235673 3.141593 0.400000 243.000000
17.250000 2.097728 0.500000 15.200691 3.141593 0.400000 243.000000
17.500000 2.158972 0.545455 15.943962 3.141593 0.400000 243.000000
17.750000 2.221098 0.523256 16.857721 3.141593 0.400000 243.000000
18.000000 2.284105 0.562500 17.484709 3.141593 0.400000 243.000000
18.250000 2.347993 0.608108 18.321630 3.141593 0.400000 243.000000
18.500000 2.412762 0.500000 19.133868 3.141593 0.400000 243.000000
18.750000 2.478412 0.500000 19.806343 3.141593 0.400000 243.000000
19.000000 2.544944 0.500000 20.497956 3.141593 0.400000 243.000000
