6.000000 0.253789 1.206897 -1.649825 1.570796 0.400000 93.000000
6.250000 0.275379 1.071429 -1.668435 1.570796 0.400000 93.000000
6.500000 0.297850 1.348315 -1.686342 1.570796 0.400000 93.000000
6.750000 0.321202 1.193182 -1.661524 1.570796 0.400000 93.000000
7.000000 0.345436 1.071429 -1.708100 1.570796 0.400000 93.000000
7.250000 0.370550 0.984848 -1.608891 1.570796 0.400000 93.000000
7.500000 0.396546 0.975000 -1.683026 1.570796 0.400000 93.000000
7.750000 0.423423 1.083333 -1.789619 1.570796 0.400000 93.000000
8.000000 0.451181 0.600000 -0.778574 1.570796 0.400000 93.000000
8.250000 0.479821 0.500000 1.090439 1.570796 0.400000 93.000000
8.500000 0.509341 0.500000 1.674239 1.570796 0.400000 93.000000
8.750000 0.539743 0.500000 1.975654 1.570796 0.400000 93.000000
9.000000 0.571026 0.500000 2.067268 1.570796 0.400000 93.000000
9.250000 0.603190 0.498418 1.756036 1.570796 0.400000 93.000000
9.500000 0.636236 0.500000 2.564990 1.570796 0.400000 93.000000
9.750000 0.670163 0.501969 3.155484 1.570796 0.400000 93.000000
10.000000 0.704971 0.500000 3.595336 1.570796 0.400000 93.000000
10.250000 0.740660 0.509259 3.862787 1.570796 0.400000 93.000000
10.500000 0.777230 0.500000 4.019886 1.570796 0.400000 93.000000
10.750000 0.814682 0.517241 4.041955 1.570796 0.400000 93.000000
11.000000 0.853014 0.513699 3.977301 1.570796 0.400000 93.000000
11.250000 0.892228 0.512422 3.784822 1.570796 0.400000 93.000000
11.500000 0.932324 0.514286 3.482446 1.570796 0.400000 93.000000
11.750000 0.973300 0.510471 3.035924 1.570796 0.400000 93.000000
12.000000 1.015158 0.505952 2.370705 1.570796 0.400000 93.000000
12.250000 1.057896 0.500000 1.338964 1.570796 0.400000 93.000000
12.500000 1.101516 0.497788 -1.951096 1.570796 0.400000 93.000000
12.750000 1.146018 0.523256 -0.997018 1.570796 0.400000 93.000000
13.000000 1.191400 0.538674 -1.238026 1.570796 0.400000 93.000000
13.250000 1.237664 0.494924 -1.146348 1.570796 0.400000 93.000000
13.500000 1.284809 0.583333 -1.365194 1.570796 0.400000 93.000000
13.750000 1.332835 0.500000 -1.419688 1.570796 0.400000 93.000000
14.000000 1.381742 0.538117 -1.124128 1.570796 0.400000 93.000000
14.250000 1.431531 0.551471 -1.434801 1.570796 0.400000 93.000000
14.500000 1.482201 0.618132 -1.513767 1.570796 0.400000 93.000000
14.750000 1.533752 0.533175 -1.561913 1.570796 0.400000 93.000000
15.000000 1.586184 0.714286 -1.836595 1.570796 0.400000 93.000000
15.250000 1.639497 1.000000 0.958863 4.712389 0.400000 93.000000
15.500000 1.693692 1.000000 2.784500 4.712389 0.400000 93.000000
15.750000 1.748768 0.542169 5.215843 3.141593 0.400000 93.000000
16.000000 1.804725 0.500000 7.217333 3.141593 0.400000 93.000000
16.250000 1.861563 0.500000 8.135545 3.141593 0.400000 93.000000
16.500000 1.919282 0.500000 11.154204 3.141593 0.400000 93.000000
16.750000 1.977883 0.517241 12.697222 3.141593 0.400000 93.000000
17.000000 2.037365 0.500000 13.719964 3.141593 0.400000 93.000000
17.250000 2.097728 0.500000 14.721740 3.141593 0.400000 93.000000
17.500000 2.158972 0.500000 15.606142 3.141593 0.400000 93.000000
17.750000 2.221098 0.500000 16.698451 3.141593 0.400000 93.000000
18.000000 2.284105 0.535714 17.415023 3.141593 0.400000 93.000000
18.250000 2.347993 0.562500 18.219992 3.141593 0.400000 93.000000
18.500000 2.412762 0.592105 19.168674 3.141593 0.400000 93.000000
18.750000 2.478412 0.500000 19.966345 3.141593 0.400000 93.000000
19.000000 2.544944 0.500000 20.539720 3.141593 0.400000 93.000000
