6.000000 0.253789 1.234177 -1.709758 1.570796 0.400000 692.000000
6.250000 0.275379 1.371951 -1.732962 1.570796 0.400000 692.000000
6.500000 0.297850 1.235294 -1.749647 1.570796 0.400000 692.000000
6.750000 0.321202 1.000000 -1.733992 1.570796 0.400000 692.000000
7.000000 0.345436 1.193182 -1.772776 1.570796 0.400000 692.000000
7.250000 0.370550 1.082474 -1.725885 1.570796 0.400000 692.000000
7.500000 0.396546 1.184211 -1.706632 1.570796 0.400000 692.000000
7.750000 0.423423 1.129032 -1.839579 1.570796 0.400000 692.000000
8.000000 0.451181 1.469072 -1.786549 1.570796 0.400000 692.000000
8.250000 0.479821 0.892857 -1.508289 1.570796 0.400000 692.000000
8.500000 0.509341 0.717391 -1.562846 1.570796 0.400000 692.000000
8.750000 0.539743 0.500000 0.810000 1.570796 0.400000 692.000000
9.000000 0.571026 0.500000 1.882677 1.570796 0.400000 692.000000
9.250000 0.603190 0.500000 1.438243 1.570796 0.400000 692.000000
9.500000 0.636236 0.500000 2.480071 1.570796 0.400000 692.000000
9.750000 0.670163 0.500000 3.134949 1.570796 0.400000 692.000000
10.000000 0.704971 0.515873 3.573359 1.570796 0.400000 692.000000
10.250000 0.740660 0.500000 3.902936 1.570796 0.400000 692.000000
10.500000 0.777230 0.500000 4.096342 1.570796 0.400000 692.000000
10.750000 0.814682 0.500000 4.166477 1.570796 0.400000 692.000000
11.000000 0.853014 0.500000 4.143354 1.570796 0.400000 692.000000
11.250000 0.892228 0.510204 4.003878 1.570796 0.400000 692.000000
11.500000 0.932324 0.500000 3.754513 1.570796 0.400000 692.000000
11.750000 0.973300 0.514286 3.373878 1.570796 0.400000 692.000000
12.000000 1.015158 0.500000 2.831340 1.570796 0.400000 692.000000
12.250000 1.057896 0.500000 2.014663 1.570796 0.400000 692.000000
12.500000 1.101516 0.500000 0.623365 1.570796 0.400000 692.000000
12.750000 1.146018 0.468750 -0.191342 1.570796 0.400000 692.000000
13.000000 1.191400 0.572917 -1.817637 1.570796 0.400000 692.000000
13.250000 1.237664 0.538922 -1.367162 1.570796 0.400000 692.000000
13.500000 1.284809 0.527027 -1.182710 1.570796 0.400000 692.000000
13.750000 1.332835 0.482456 -1.497848 1.570796 0.400000 692.000000
14.000000 1.381742 0.497238 -1.392917 1.570796 0.400000 692.000000
14.250000 1.431531 0.587349 -1.500273 1.570796 0.400000 692.000000
14.500000 1.482201 0.538462 -1.440573 1.570796 0.400000 692.000000
14.750000 1.533752 0.567568 -1.721982 1.570796 0.400000 692.000000
15.000000 1.586184 0.590278 -1.497339 1.570796 0.400000 692.000000
15.250000 1.639497 0.875000 -1.270030 1.570796 0.400000 692.000000
15.500000 1.693692 1.000000 1.690745 4.712389 0.400000 692.000000
15.750000 1.748768 1.000000 3.462301 4.712389 0.400000 692.000000
16.000000 1.804725 0.745033 5.351364 3.141593 0.400000 692.000000
16.250000 1.861563 0.625000 7.006981 3.141593 0.400000 692.000000
16.500000 1.919282 0.500000 7.830443 3.141593 0.400000 692.000000
16.750000 1.977883 0.525000 11.951006 3.141593 0.400000 692.000000
17.000000 2.037365 0.548780 12.946861 3.141593 0.400000 692.000000
17.250000 2.097728 0.528169 13.695115 3.141593 0.400000 692.000000
17.500000 2.158972 0.500000 14.913744 3.141593 0.400000 692.000000
17.750000 2.221098 0.500000 15.986457 3.141593 0.400000 692.000000
18.000000 2.284105 0.576923 17.127941 3.141593 0.400000 692.000000
18.250000 2.347993 0.535714 17.979052 3.141593 0.400000 692.000000
18.500000 2.412762 0.562500 18.921024 3.141593 0.400000 692.000000
18.750000 2.478412 0.608108 20.043595 3.141593 0.400000 692.000000
19.000000 2.544944 0.500000 20.857278 3.141593 0.400000 692.000000
