6.000000 0.253789 0.803571 -1.618418 1.570796 0.400000 441.000000
6.250000 0.275379 0.876623 -1.660203 1.570796 0.400000 441.000000
6.500000 0.297850 0.824176 -1.602364 1.570796 0.400000 441.000000
6.750000 0.321202 0.797872 -1.672296 1.570796 0.400000 441.000000
7.000000 0.345436 0.803571 -1.717077 1.570796 0.400000 441.000000
7.250000 0.370550 0.735294 -1.637600 1.570796 0.400000 441.000000
7.500000 0.396546 0.728155 -1.652329 1.570796 0.400000 441.000000
7.750000 0.423423 0.756881 -1.526120 1.570796 0.400000 441.000000
8.000000 0.451181 0.588235 -1.598460 1.570796 0.400000 441.000000
8.250000 0.479821 0.693277 -1.414532 1.570796 0.400000 441.000000
8.500000 0.509341 0.722222 -0.852162 1.570796 0.400000 441.000000
8.750000 0.539743 0.500000 0.006500 1.570796 0.400000 441.000000
9.000000 0.571026 0.500000 1.592955 1.570796 0.400000 441.000000
9.250000 0.603190 0.500000 2.386964 1.570796 0.400000 441.000000
9.500000 0.636236 0.500000 2.895371 1.570796 0.400000 441.000000
9.750000 0.670163 0.500000 3.222133 1.570796 0.400000 441.000000
10.000000 0.704971 0.508475 3.386746 1.570796 0.400000 441.000000
10.250000 0.740660 0.517241 3.425764 1.570796 0.400000 441.000000
10.500000 0.777230 0.514286 3.352104 1.570796 0.400000 441.000000
10.750000 0.814682 0.511364 3.151978 1.570796 0.400000 441.000000
11.000000 0.853014 0.509709 2.792142 1.570796 0.400000 441.000000
11.250000 0.892228 0.500000 2.252806 1.570796 0.400000 441.000000
11.500000 0.932324 0.500000 1.569613 1.570796 0.400000 441.000000
11.750000 0.973300 0.500000 0.925472 1.570796 0.400000 441.000000
12.000000 1.015158 0.508475 -0.724509 1.570796 0.400000 441.000000
12.250000 1.057896 0.455801 -1.159906 1.570796 0.400000 441.000000
12.500000 1.101516 0.493421 -1.442149 1.570796 0.400000 441.000000
12.750000 1.146018 0.538674 -1.264605 1.570796 0.400000 441.000000
13.000000 1.191400 0.441176 -1.588598 1.570796 0.400000 441.000000
13.250000 1.237664 0.406627 -1.426697 1.570796 0.400000 441.000000
13.500000 1.284809 0.503049 -1.547735 1.570796 0.400000 441.000000
13.750000 1.332835 0.407609 -1.449256 1.570796 0.400000 441.000000
14.000000 1.381742 0.488166 -1.535500 1.570796 0.400000 441.000000
14.250000 1.431531 0.416667 -1.412251 1.570796 0.400000 441.000000
14.500000 1.482201 0.410448 -1.449961 1.570796 0.400000 441.000000
14.750000 1.533752 0.433333 -1.173220 1.570796 0.400000 441.000000
15.000000 1.586184 0.464286 -1.501208 1.570796 0.400000 441.000000
15.250000 1.639497 1.000000 1.153709 4.712389 0.400000 441.000000
15.500000 1.693692 1.000000 2.880806 4.712389 0.400000 441.000000
15.750000 1.748768 1.000000 3.334427 4.712389 0.400000 441.000000
16.000000 1.804725 0.496324 5.692607 3.141593 0.400000 441.000000
16.250000 1.861563 0.500000 7.962353 3.141593 0.400000 441.000000
16.500000 1.919282 0.500000 9.757425 3.141593 0.400000 441.000000
16.750000 1.977883 0.519802 11.169722 3.141593 0.400000 441.000000
17.000000 2.037365 0.529412 13.095812 3.141593 0.400000 441.000000
17.250000 2.097728 0.543478 14.328353 3.141593 0.400000 441.000000
17.500000 2.158972 0.500000 15.487515 3.141593 0.400000 441.000000
17.750000 2.221098 0.500000 16.394142 3.141593 0.400000 441.000000
18.000000 2.284105 0.576923 17.437085 3.141593 0.400000 441.000000
18.250000 2.347993 0.535714 18.233848 3.141593 0.400000 441.000000
18.500000 2.412762 0.562500 19.039279 3.141593 0.400000 441.000000
18.750000 2.478412 0.592105 19.889470 3.141593 0.400000 441.000000
19.000000 2.544944 0.500000 20.787143 3.141593 0.400000 441.000000
