6.000000 0.253789 1.278409 -1.631141 1.570796 0.400000 115.000000
6.250000 0.275379 1.379310 -1.730604 1.570796 0.400000 115.000000
6.500000 0.297850 1.323529 -1.783456 1.570796 0.400000 115.000000
6.750000 0.321202 1.363636 -1.799049 1.570796 0.400000 115.000000
7.000000 0.345436 1.411765 -1.744799 1.570796 0.400000 115.000000
7.250000 0.370550 1.391753 -1.757687 1.570796 0.400000 115.000000
7.500000 0.396546 1.336634 -1.737763 1.570796 0.400000 115.000000
7.750000 0.423423 1.356383 -1.784486 1.570796 0.400000 115.000000
8.000000 0.451181 1.227273 -1.338145 1.570796 0.400000 115.000000
8.250000 0.479821 0.502232 -0.914887 1.570796 0.400000 115.000000
8.500000 0.509341 0.500000 1.085509 1.570796 0.400000 115.000000
8.750000 0.539743 0.500000 1.848111 1.570796 0.400000 115.000000
9.000000 0.571026 0.506757 2.281264 1.570796 0.400000 115.000000
9.250000 0.603190 0.500000 2.518923 1.570796 0.400000 115.000000
9.500000 0.636236 0.500000 2.587557 1.570796 0.400000 115.000000
9.750000 0.670163 0.509050 2.483100 1.570796 0.400000 115.000000
10.000000 0.704971 0.502092 2.387790 1.570796 0.400000 115.000000
10.250000 0.740660 0.513699 2.079132 1.570796 0.400000 115.000000
10.500000 0.777230 0.515873 4.213810 1.570796 0.400000 115.000000
10.750000 0.814682 0.500000 4.732283 1.570796 0.400000 115.000000
11.000000 0.853014 0.500000 5.053797 1.570796 0.400000 115.000000
11.250000 0.892228 0.500000 5.270570 1.570796 0.400000 115.000000
11.500000 0.932324 0.517241 5.378876 1.570796 0.400000 115.000000
11.750000 0.973300 0.520833 5.415107 1.570796 0.400000 115.000000
12.000000 1.015158 0.517241 5.382712 1.570796 0.400000 115.000000
12.250000 1.057896 0.500000 5.284089 1.570796 0.400000 115.000000
12.500000 1.101516 0.500000 5.093999 1.570796 0.400000 115.000000
12.750000 1.146018 0.515625 4.777024 1.570796 0.400000 115.000000
13.000000 1.191400 0.511364 4.365269 1.570796 0.400000 115.000000
13.250000 1.237664 0.500000 3.823747 1.570796 0.400000 115.000000
13.500000 1.284809 0.505952 3.085269 1.570796 0.400000 115.000000
13.750000 1.332835 0.500000 2.030578 1.570796 0.400000 115.000000
14.000000 1.381742 0.500000 -0.049436 1.570796 0.400000 115.000000
14.250000 1.431531 0.657216 -1.119668 1.570796 0.400000 115.000000
14.500000 1.482201 0.660793 -1.161055 1.570796 0.400000 115.000000
14.750000 1.533752 0.820312 -1.834423 1.570796 0.400000 115.000000
15.000000 1.586184 0.898618 -1.570224 1.570796 0.400000 115.000000
15.250000 1.639497 0.902490 -1.650594 4.712389 0.400000 115.000000
15.500000 1.693692 1.000000 1.600607 4.712389 0.400000 115.000000
15.750000 1.748768 1.000000 3.385704 4.712389 0.400000 115.000000
16.000000 1.804725 0.858434 4.874906 3.141593 0.400000 115.000000
16.250000 1.861563 0.555556 7.730024 3.141593 0.400000 115.000000
16.500000 1.919282 0.509709 10.386323 3.141593 0.400000 115.000000
16.750000 1.977883 0.523256 11.980267 3.141593 0.400000 115.000000
17.000000 2.037365 0.500000 13.210994 3.141593 0.400000 115.000000
17.250000 2.097728 0.500000 14.453421 3.141593 0.400000 115.000000
17.500000 2.158972 0.500000 15.434645 3.141593 0.400000 115.000000
17.750000 2.221098 0.500000 16.634372 3.141593 0.400000 115.000000
18.000000 2.284105 0.535714 17.406248 3.141593 0.400000 115.000000
18.250000 2.347993 0.562500 18.278568 3.141593 0.400000 115.000000
18.500000 2.412762 0.592105 19.253049 3.141593 0.400000 115.000000
18.750000 2.478412 0.500000 20.048458 3.141593 0.400000 115.000000
19.000000 2.544944 0.500000 20.803865 3.141593 0.400000 115.000000
