6.000000 0.253789 1.120690 -1.578496 1.570796 0.400000 861.000000
6.250000 0.275379 0.803571 -1.598476 1.570796 0.400000 861.000000
6.500000 0.297850 0.906593 -1.597781 1.570796 0.400000 861.000000
6.750000 0.321202 0.815217 -1.610528 1.570796 0.400000 861.000000
7.000000 0.345436 0.797872 -1.588166 1.570796 0.400000 861.000000
7.250000 0.370550 1.041667 -1.521333 1.570796 0.400000 861.000000
7.500000 0.396546 0.625000 -1.495463 1.570796 0.400000 861.000000
7.750000 0.423423 0.833333 -1.471217 1.570796 0.400000 861.000000
8.000000 0.451181 0.688776 -2.120229 1.570796 0.400000 861.000000
8.250000 0.479821 0.500000 0.175616 1.570796 0.400000 861.000000
8.500000 0.509341 0.500000 1.352555 1.570796 0.400000 861.000000
8.750000 0.539743 0.505865 1.947750 1.570796 0.400000 861.000000
9.000000 0.571026 0.507519 2.275302 1.570796 0.400000 861.000000
9.250000 0.603190 0.508475 2.418671 1.570796 0.400000 861.000000
9.500000 0.636236 0.500000 2.396126 1.570796 0.400000 861.000000
9.750000 0.670163 0.500000 2.194116 1.570796 0.400000 861.000000
10.000000 0.704971 0.502392 2.943234 1.570796 0.400000 861.000000
10.250000 0.740660 0.505952 3.244981 1.570796 0.400000 861.000000
10.500000 0.777230 0.512422 4.326352 1.570796 0.400000 861.000000
10.750000 0.814682 0.500000 4.708067 1.570796 0.400000 861.000000
11.000000 0.853014 0.515267 4.958429 1.570796 0.400000 861.000000
11.250000 0.892228 0.511364 5.118461 1.570796 0.400000 861.000000
11.500000 0.932324 0.519231 5.178941 1.570796 0.400000 861.000000
11.750000 0.973300 0.519231 5.163300 1.570796 0.400000 861.000000
12.000000 1.015158 0.500000 5.080652 1.570796 0.400000 861.000000
12.250000 1.057896 0.519231 4.896763 1.570796 0.400000 861.000000
12.500000 1.101516 0.510204 4.604741 1.570796 0.400000 861.000000
12.750000 1.146018 0.512422 4.207911 1.570796 0.400000 861.000000
13.000000 1.191400 0.500000 3.694424 1.570796 0.400000 861.000000
13.250000 1.237664 0.506757 2.955495 1.570796 0.400000 861.000000
13.500000 1.284809 0.504386 1.897252 1.570796 0.400000 861.000000
13.750000 1.332835 0.500000 -0.339574 1.570796 0.400000 861.000000
14.000000 1.381742 0.491803 -1.092910 1.570796 0.400000 861.000000
14.250000 1.431531 0.580986 -0.889663 1.570796 0.400000 861.000000
14.500000 1.482201 0.495595 -1.284117 1.570796 0.400000 861.000000
14.750000 1.533752 0.466805 -1.255927 1.570796 0.400000 861.000000
15.000000 1.586184 0.529412 -1.336180 1.570796 0.400000 861.000000
15.250000 1.639497 1.001712 -1.812545 4.712389 0.400000 861.000000
15.500000 1.693692 1.000000 2.116538 4.712389 0.400000 861.000000
15.750000 1.748768 1.000000 3.592250 3.141593 0.400000 861.000000
16.000000 1.804725 0.496324 6.279706 3.141593 0.400000 861.000000
16.250000 1.861563 0.500000 8.605985 3.141593 0.400000 861.000000
16.500000 1.919282 0.514706 10.523710 3.141593 0.400000 861.000000
16.750000 1.977883 0.523256 12.055140 3.141593 0.400000 861.000000
17.000000 2.037365 0.500000 13.035384 3.141593 0.400000 861.000000
17.250000 2.097728 0.500000 13.497747 3.141593 0.400000 861.000000
17.500000 2.158972 0.535714 14.913132 3.141593 0.400000 861.000000
17.750000 2.221098 0.500000 16.093266 3.141593 0.400000 861.000000
18.000000 2.284105 0.545455 17.098402 3.141593 0.400000 861.000000
18.250000 2.347993 0.500000 18.222356 3.141593 0.400000 861.000000
18.500000 2.412762 0.535714 19.023838 3.141593 0.400000 861.000000
18.750000 2.478412 0.548780 19.839197 3.141593 0.400000 861.000000
19.000000 2.544944 0.592105 20.716840 3.141593 0.400000 861.000000
