6.000000 0.253789 1.206897 -1.683549 1.570796 0.400000 31.000000
6.250000 0.275379 1.318681 -1.703804 1.570796 0.400000 31.000000
6.500000 0.297850 1.193182 -1.694466 1.570796 0.400000 31.000000
6.750000 0.321202 1.220930 -1.711875 1.570796 0.400000 31.000000
7.000000 0.345436 1.184211 -1.646465 1.570796 0.400000 31.000000
7.250000 0.370550 0.975000 -1.603207 1.570796 0.400000 31.000000
7.500000 0.396546 0.955882 -1.818997 1.570796 0.400000 31.000000
7.750000 0.423423 0.742574 -1.491276 1.570796 0.400000 31.000000
8.000000 0.451181 0.511364 -1.321253 1.570796 0.400000 31.000000
8.250000 0.479821 0.500000 0.824046 1.570796 0.400000 31.000000
8.500000 0.509341 0.500000 1.580904 1.570796 0.400000 31.000000
8.750000 0.539743 0.507692 1.903439 1.570796 0.400000 31.000000
9.000000 0.571026 0.509434 2.210861 1.570796 0.400000 31.000000
9.250000 0.603190 0.512048 2.316361 1.570796 0.400000 31.000000
9.500000 0.636236 0.502232 2.577902 1.570796 0.400000 31.000000
9.750000 0.670163 0.500000 2.655794 1.570796 0.400000 31.000000
10.000000 0.704971 0.500000 2.544922 1.570796 0.400000 31.000000
10.250000 0.740660 0.509434 2.216539 1.570796 0.400000 31.000000
10.500000 0.777230 0.504202 1.643377 1.570796 0.400000 31.000000
10.750000 0.814682 0.500000 0.621448 1.570796 0.400000 31.000000
11.000000 0.853014 0.496689 -1.935923 1.570796 0.400000 31.000000
11.250000 0.892228 0.658784 -1.359017 1.570796 0.400000 31.000000
11.500000 0.932324 0.636364 -1.468511 1.570796 0.400000 31.000000
11.750000 0.973300 0.543478 -1.710441 1.570796 0.400000 31.000000
12.000000 1.015158 0.538922 -1.490789 1.570796 0.400000 31.000000
12.250000 1.057896 0.663265 -1.699931 1.570796 0.400000 31.000000
12.500000 1.101516 0.636364 -1.563693 1.570796 0.400000 31.000000
12.750000 1.146018 0.621019 -1.620384 1.570796 0.400000 31.000000
13.000000 1.191400 0.661765 -1.551205 1.570796 0.400000 31.000000
13.250000 1.237664 0.562500 -1.677750 1.570796 0.400000 31.000000
13.500000 1.284809 0.547753 -1.494423 1.570796 0.400000 31.000000
13.750000 1.332835 0.555556 -1.373458 1.570796 0.400000 31.000000
14.000000 1.381742 0.559701 -1.447734 1.570796 0.400000 31.000000
14.250000 1.431531 0.589888 -1.728336 1.570796 0.400000 31.000000
14.500000 1.482201 0.500000 -1.667820 1.570796 0.400000 31.000000
14.750000 1.533752 0.660622 -1.775984 1.570796 0.400000 31.000000
15.000000 1.586184 0.500000 3.084541 3.141593 0.400000 31.000000
15.250000 1.639497 0.671053 4.518971 3.141593 0.400000 31.000000
15.500000 1.693692 0.495868 7.120532 3.141593 0.400000 31.000000
15.750000 1.748768 0.500000 9.016528 3.141593 0.400000 31.000000
16.000000 1.804725 0.500000 10.529462 3.141593 0.400000 31.000000
16.250000 1.861563 0.513699 11.801934 3.141593 0.400000 31.000000
16.500000 1.919282 0.513699 12.899559 3.141593 0.400000 31.000000
16.750000 1.977883 0.500000 13.842026 3.141593 0.400000 31.000000
17.000000 2.037365 0.566038 14.713519 3.141593 0.400000 31.000000
17.250000 2.097728 0.535714 15.420661 3.141593 0.400000 31.000000
17.500000 2.158972 0.500000 16.346998 3.141593 0.400000 31.000000
17.750000 2.221098 0.548780 16.818805 3.141593 0.400000 31.000000
18.000000 2.284105 0.592105 17.491724 3.141593 0.400000 31.000000
18.250000 2.347993 0.576923 18.202499 3.141593 0.400000 31.000000
18.500000 2.412762 0.576923 18.834873 3.141593 0.400000 31.000000
18.750000 2.478412 0.500000 19.491416 3.141593 0.400000 31.000000
19.000000 2.544944 0.500000 20.000786 3.141593 0.400000 31.000000
