6.000000 0.253789 0.948276 -1.617272 1.570796 0.400000 117.000000
6.250000 0.275379 0.854430 -1.639987 1.570796 0.400000 117.000000
6.500000 0.297850 0.926966 -1.665328 1.570796 0.400000 117.000000
6.750000 0.321202 0.896739 -1.627443 1.570796 0.400000 117.000000
7.000000 0.345436 0.896739 -1.663204 1.570796 0.400000 117.000000
7.250000 0.370550 0.710526 -1.547595 1.570796 0.400000 117.000000
7.500000 0.396546 0.757576 -1.581069 1.570796 0.400000 117.000000
7.750000 0.423423 0.957447 -1.752229 1.570796 0.400000 117.000000
8.000000 0.451181 0.972222 -1.051541 1.570796 0.400000 117.000000
8.250000 0.479821 0.505181 -1.186313 1.570796 0.400000 117.000000
8.500000 0.509341 0.500000 1.031233 1.570796 0.400000 117.000000
8.750000 0.539743 0.500000 1.824617 1.570796 0.400000 117.000000
9.000000 0.571026 0.508475 2.273176 1.570796 0.400000 117.000000
9.250000 0.603190 0.500000 2.524573 1.570796 0.400000 117.000000
9.500000 0.636236 0.500000 2.601556 1.570796 0.400000 117.000000
9.750000 0.670163 0.509050 2.503022 1.570796 0.400000 117.000000
10.000000 0.704971 0.502232 2.637317 1.570796 0.400000 117.000000
10.250000 0.740660 0.504484 2.988983 1.570796 0.400000 117.000000
10.500000 0.777230 0.517241 4.258187 1.570796 0.400000 117.000000
10.750000 0.814682 0.500000 4.682137 1.570796 0.400000 117.000000
11.000000 0.853014 0.513699 4.914259 1.570796 0.400000 117.000000
11.250000 0.892228 0.500000 5.074713 1.570796 0.400000 117.000000
11.500000 0.932324 0.515267 5.115487 1.570796 0.400000 117.000000
11.750000 0.973300 0.511364 5.085773 1.570796 0.400000 117.000000
12.000000 1.015158 0.517241 4.946588 1.570796 0.400000 117.000000
12.250000 1.057896 0.520833 4.745966 1.570796 0.400000 117.000000
12.500000 1.101516 0.512422 4.426119 1.570796 0.400000 117.000000
12.750000 1.146018 0.514286 4.000682 1.570796 0.400000 117.000000
13.000000 1.191400 0.509709 3.409364 1.570796 0.400000 117.000000
13.250000 1.237664 0.500000 2.600470 1.570796 0.400000 117.000000
13.500000 1.284809 0.500000 1.333543 1.570796 0.400000 117.000000
13.750000 1.332835 0.500000 -0.836754 1.570796 0.400000 117.000000
14.000000 1.381742 0.468750 -1.353847 1.570796 0.400000 117.000000
14.250000 1.431531 0.663462 -0.963012 1.570796 0.400000 117.000000
14.500000 1.482201 0.579151 -1.139287 1.570796 0.400000 117.000000
14.750000 1.533752 0.566667 -1.267172 1.570796 0.400000 117.000000
15.000000 1.586184 0.608974 -1.349093 1.570796 0.400000 117.000000
15.250000 1.639497 1.000000 -1.724761 4.712389 0.400000 117.000000
15.500000 1.693692 1.000000 2.227140 4.712389 0.400000 117.000000
15.750000 1.748768 0.678191 3.875502 3.141593 0.400000 117.000000
16.000000 1.804725 0.500000 6.669700 3.141593 0.400000 117.000000
16.250000 1.861563 0.509709 8.881197 3.141593 0.400000 117.000000
16.500000 1.919282 0.500000 10.706211 3.141593 0.400000 117.000000
16.750000 1.977883 0.500000 12.141880 3.141593 0.400000 117.000000
17.000000 2.037365 0.517241 13.283974 3.141593 0.400000 117.000000
17.250000 2.097728 0.529412 13.606160 3.141593 0.400000 117.000000
17.500000 2.158972 0.500000 14.834797 3.141593 0.400000 117.000000
17.750000 2.221098 0.526316 16.073704 3.141593 0.400000 117.000000
18.000000 2.284105 0.500000 17.187212 3.141593 0.400000 117.000000
18.250000 2.347993 0.555556 18.154629 3.141593 0.400000 117.000000
18.500000 2.412762 0.500000 19.253746 3.141593 0.400000 117.000000
18.750000 2.478412 0.489130 20.049405 3.141593 0.400000 117.000000
19.000000 2.544944 0.548780 20.687964 3.141593 0.400000 117.000000
