6.000000 0.253789 1.323529 -1.676524 1.570796 0.400000 777.000000
6.250000 0.275379 1.193182 -1.601704 1.570796 0.400000 777.000000
6.500000 0.297850 1.222826 -1.634189 1.570796 0.400000 777.000000
6.750000 0.321202 1.250000 -1.684418 1.570796 0.400000 777.000000
7.000000 0.345436 1.263158 -1.721121 1.570796 0.400000 777.000000
7.250000 0.370550 1.032110 -1.502081 1.570796 0.400000 777.000000
7.500000 0.396546 0.655340 -1.959755 1.570796 0.400000 777.000000
7.750000 0.423423 0.500000 0.155817 1.570796 0.400000 777.000000
8.000000 0.451181 0.500000 1.075590 1.570796 0.400000 777.000000
8.250000 0.479821 0.500000 1.495988 1.570796 0.400000 777.000000
8.500000 0.509341 0.505618 1.656296 1.570796 0.400000 777.000000
8.750000 0.539743 0.500000 1.600946 1.570796 0.400000 777.000000
9.000000 0.571026 0.500000 1.306304 1.570796 0.400000 777.000000
9.250000 0.603190 0.500000 0.956048 1.570796 0.400000 777.000000
9.500000 0.636236 0.500000 2.275105 1.570796 0.400000 777.000000
9.750000 0.670163 0.500000 3.044349 1.570796 0.400000 777.000000
10.000000 0.704971 0.500000 3.574182 1.570796 0.400000 777.000000
10.250000 0.740660 0.514286 3.932486 1.570796 0.400000 777.000000
10.500000 0.777230 0.515625 4.167216 1.570796 0.400000 777.000000
10.750000 0.814682 0.517241 4.298878 1.570796 0.400000 777.000000
11.000000 0.853014 0.517241 4.323315 1.570796 0.400000 777.000000
11.250000 0.892228 0.513699 4.253630 1.570796 0.400000 777.000000
11.500000 0.932324 0.512422 4.061549 1.570796 0.400000 777.000000
11.750000 0.973300 0.500000 3.797067 1.570796 0.400000 777.000000
12.000000 1.015158 0.500000 3.352397 1.570796 0.400000 777.000000
12.250000 1.057896 0.508475 2.725872 1.570796 0.400000 777.000000
12.500000 1.101516 0.504386 1.814304 1.570796 0.400000 777.000000
12.750000 1.146018 0.500000 0.040420 1.570796 0.400000 777.000000
13.000000 1.191400 0.538462 -0.788570 1.570796 0.400000 777.000000
13.250000 1.237664 0.459184 -1.270445 1.570796 0.400000 777.000000
13.500000 1.284809 0.574163 -1.062535 1.570796 0.400000 777.000000
13.750000 1.332835 0.535714 -1.387135 1.570796 0.400000 777.000000
14.000000 1.381742 0.423077 -1.368243 1.570796 0.400000 777.000000
14.250000 1.431531 0.657216 -1.544282 1.570796 0.400000 777.000000
14.500000 1.482201 0.454545 -1.379162 1.570796 0.400000 777.000000
14.750000 1.533752 0.666667 -1.502835 1.570796 0.400000 777.000000
15.000000 1.586184 0.759109 -1.489566 1.570796 0.400000 777.000000
15.250000 1.639497 0.500000 2.965917 3.141593 0.400000 777.000000
15.500000 1.693692 0.496689 5.455201 3.141593 0.400000 777.000000
15.750000 1.748768 0.500000 7.443973 3.141593 0.400000 777.000000
16.000000 1.804725 0.514706 9.219299 3.141593 0.400000 777.000000
16.250000 1.861563 0.519802 10.688060 3.141593 0.400000 777.000000
16.500000 1.919282 0.500000 11.829107 3.141593 0.400000 777.000000
16.750000 1.977883 0.519802 12.797744 3.141593 0.400000 777.000000
17.000000 2.037365 0.500000 13.831981 3.141593 0.400000 777.000000
17.250000 2.097728 0.500000 14.761597 3.141593 0.400000 777.000000
17.500000 2.158972 0.500000 15.722022 3.141593 0.400000 777.000000
17.750000 2.221098 0.500000 16.478140 3.141593 0.400000 777.000000
18.000000 2.284105 0.555556 17.386760 3.141593 0.400000 777.000000
18.250000 2.347993 0.500000 18.473461 3.141593 0.400000 777.000000
18.500000 2.412762 0.523256 19.200128 3.141593 0.400000 777.000000
18.750000 2.478412 0.562500 19.788675 3.141593 0.400000 777.000000
19.000000 2.544944 0.576923 20.546518 3.141593 0.400000 777.000000
