6.000000 0.253789 0.767045 -1.656493 1.570796 0.400000 983.000000
6.250000 0.275379 0.882353 -1.683622 1.570796 0.400000 983.000000
6.500000 0.297850 1.107955 -1.751767 1.570796 0.400000 983.000000
6.750000 0.321202 0.959302 -1.689127 1.570796 0.400000 983.000000
7.000000 0.345436 1.220930 -1.735106 1.570796 0.400000 983.000000
7.250000 0.370550 0.800971 -1.553617 1.570796 0.400000 983.000000
7.500000 0.396546 0.984848 -1.671952 1.570796 0.400000 983.000000
7.750000 0.423423 0.778302 -1.476184 1.570796 0.400000 983.000000
8.000000 0.451181 0.500000 -0.513497 1.570796 0.400000 983.000000
8.250000 0.479821 0.500000 1.014017 1.570796 0.400000 983.000000
8.500000 0.509341 0.500000 1.648077 1.570796 0.400000 983.000000
8.750000 0.539743 0.500000 1.978373 1.570796 0.400000 983.000000
9.000000 0.571026 0.500000 2.097237 1.570796 0.400000 983.000000
9.250000 0.603190 0.505618 2.018830 1.570796 0.400000 983.000000
9.500000 0.636236 0.505051 2.020792 1.570796 0.400000 983.000000
9.750000 0.670163 0.504202 2.920418 1.570796 0.400000 983.000000
10.000000 0.704971 0.502577 3.558985 1.570796 0.400000 983.000000
10.250000 0.740660 0.514286 3.815915 1.570796 0.400000 983.000000
10.500000 0.777230 0.503049 3.987278 1.570796 0.400000 983.000000
10.750000 0.814682 0.512422 4.006896 1.570796 0.400000 983.000000
11.000000 0.853014 0.511364 3.916412 1.570796 0.400000 983.000000
11.250000 0.892228 0.500000 3.731396 1.570796 0.400000 983.000000
11.500000 0.932324 0.502577 3.422458 1.570796 0.400000 983.000000
11.750000 0.973300 0.508475 2.927822 1.570796 0.400000 983.000000
12.000000 1.015158 0.500000 2.234529 1.570796 0.400000 983.000000
12.250000 1.057896 0.500000 1.181535 1.570796 0.400000 983.000000
12.500000 1.101516 0.500000 -2.035816 1.570796 0.400000 983.000000
12.750000 1.146018 0.617647 -1.483915 1.570796 0.400000 983.000000
13.000000 1.191400 0.544693 -1.431817 1.570796 0.400000 983.000000
13.250000 1.237664 0.618557 -1.458514 1.570796 0.400000 983.000000
13.500000 1.284809 0.482456 -1.510728 1.570796 0.400000 983.000000
13.750000 1.332835 0.670213 -1.062838 1.570796 0.400000 983.000000
14.000000 1.381742 0.692308 -0.776807 1.570796 0.400000 983.000000
14.250000 1.431531 0.579897 -1.644533 1.570796 0.400000 983.000000
14.500000 1.482201 0.706806 -1.499620 1.570796 0.400000 983.000000
14.750000 1.533752 0.604265 -1.597373 1.570796 0.400000 983.000000
15.000000 1.586184 0.690789 -1.783923 1.570796 0.400000 983.000000
15.250000 1.639497 1.000000 0.953378 4.712389 0.400000 983.000000
15.500000 1.693692 0.500000 4.076012 3.141593 0.400000 983.000000
15.750000 1.748768 0.500000 6.579340 3.141593 0.400000 983.000000
16.000000 1.804725 0.500000 8.652864 3.141593 0.400000 983.000000
16.250000 1.861563 0.509709 10.362402 3.141593 0.400000 983.000000
16.500000 1.919282 0.523256 11.713836 3.141593 0.400000 983.000000
16.750000 1.977883 0.500000 12.991466 3.141593 0.400000 983.000000
17.000000 2.037365 0.517241 14.160447 3.141593 0.400000 983.000000
17.250000 2.097728 0.523256 14.067556 3.141593 0.400000 983.000000
17.500000 2.158972 0.500000 15.029551 3.141593 0.400000 983.000000
17.750000 2.221098 0.526316 16.202121 3.141593 0.400000 983.000000
18.000000 2.284105 0.500000 17.205850 3.141593 0.400000 983.000000
18.250000 2.347993 0.545455 18.135809 3.141593 0.400000 983.000000
18.500000 2.412762 0.500000 19.296433 3.141593 0.400000 983.000000
18.750000 2.478412 0.500000 20.091126 3.141593 0.400000 983.000000
19.000000 2.544944 0.548780 20.708001 3.141593 0.400000 983.000000
