6.000000 0.253789 1.826923 -1.754822 1.570796 0.400000 462.000000
6.250000 0.275379 1.759259 -1.725960 1.570796 0.400000 462.000000
6.500000 0.297850 1.704545 -1.734545 1.570796 0.400000 462.000000
6.750000 0.321202 1.548913 -1.740697 1.570796 0.400000 462.000000
7.000000 0.345436 1.704545 -1.747168 1.570796 0.400000 462.000000
7.250000 0.370550 1.530612 -1.771664 1.570796 0.400000 462.000000
7.500000 0.396546 1.500000 -1.680376 1.570796 0.400000 462.000000
7.750000 0.423423 1.607143 -1.772841 1.570796 0.400000 462.000000
8.000000 0.451181 1.750000 -1.968489 1.570796 0.400000 462.000000
8.250000 0.479821 1.043478 -1.643336 1.570796 0.400000 462.000000
8.500000 0.509341 0.588235 -2.055278 1.570796 0.400000 462.000000
8.750000 0.539743 0.500000 0.795619 1.570796 0.400000 462.000000
9.000000 0.571026 0.500000 1.873156 1.570796 0.400000 462.000000
9.250000 0.603190 0.500000 2.230328 1.570796 0.400000 462.000000
9.500000 0.636236 0.502092 2.876156 1.570796 0.400000 462.000000
9.750000 0.670163 0.500000 3.146275 1.570796 0.400000 462.000000
10.000000 0.704971 0.514286 3.398081 1.570796 0.400000 462.000000
10.250000 0.740660 0.503049 3.642573 1.570796 0.400000 462.000000
10.500000 0.777230 0.515625 3.758296 1.570796 0.400000 462.000000
10.750000 0.814682 0.518868 3.775468 1.570796 0.400000 462.000000
11.000000 0.853014 0.514286 3.668270 1.570796 0.400000 462.000000
11.250000 0.892228 0.515873 3.437845 1.570796 0.400000 462.000000
11.500000 0.932324 0.512195 3.050355 1.570796 0.400000 462.000000
11.750000 0.973300 0.500000 2.460845 1.570796 0.400000 462.000000
12.000000 1.015158 0.500000 1.535086 1.570796 0.400000 462.000000
12.250000 1.057896 0.500000 -0.573264 1.570796 0.400000 462.000000
12.500000 1.101516 0.580110 -0.865901 1.570796 0.400000 462.000000
12.750000 1.146018 0.541667 -1.281718 1.570796 0.400000 462.000000
13.000000 1.191400 0.586592 -1.325439 1.570796 0.400000 462.000000
13.250000 1.237664 0.670391 -1.358464 1.570796 0.400000 462.000000
13.500000 1.284809 0.541667 -1.452452 1.570796 0.400000 462.000000
13.750000 1.332835 0.586592 -1.408105 1.570796 0.400000 462.000000
14.000000 1.381742 0.693642 -1.697226 1.570796 0.400000 462.000000
14.250000 1.431531 0.681818 -1.423613 1.570796 0.400000 462.000000
14.500000 1.482201 0.574163 -1.343584 1.570796 0.400000 462.000000
14.750000 1.533752 0.746073 -1.665710 1.570796 0.400000 462.000000
15.000000 1.586184 0.653670 -1.523178 1.570796 0.400000 462.000000
15.250000 1.639497 0.964730 -1.536335 1.570796 0.400000 462.000000
15.500000 1.693692 0.561224 2.428103 3.141593 0.400000 462.000000
15.750000 1.748768 0.745856 4.499015 3.141593 0.400000 462.000000
16.000000 1.804725 0.625000 6.681990 3.141593 0.400000 462.000000
16.250000 1.861563 0.500000 9.440840 3.141593 0.400000 462.000000
16.500000 1.919282 0.500000 11.257784 3.141593 0.400000 462.000000
16.750000 1.977883 0.528169 12.615963 3.141593 0.400000 462.000000
17.000000 2.037365 0.535714 13.831252 3.141593 0.400000 462.000000
17.250000 2.097728 0.535714 14.813482 3.141593 0.400000 462.000000
17.500000 2.158972 0.517241 15.856267 3.141593 0.400000 462.000000
17.750000 2.221098 0.500000 16.875261 3.141593 0.400000 462.000000
18.000000 2.284105 0.548780 17.468850 3.141593 0.400000 462.000000
18.250000 2.347993 0.608108 18.390183 3.141593 0.400000 462.000000
18.500000 2.412762 0.500000 19.144031 3.141593 0.400000 462.000000
18.750000 2.478412 0.500000 19.723461 3.141593 0.400000 462.000000
19.000000 2.544944 0.500000 20.436251 3.141593 0.400000 462.000000
