6.000000 0.253789 0.852273 -1.673712 1.570796 0.400000 776.000000
6.250000 0.275379 1.022727 -1.677400 1.570796 0.400000 776.000000
6.500000 0.297850 1.071429 -1.822622 1.570796 0.400000 776.000000
6.750000 0.321202 1.120690 -1.697255 1.570796 0.400000 776.000000
7.000000 0.345436 1.160714 -1.758445 1.570796 0.400000 776.000000
7.250000 0.370550 0.882353 -1.644735 1.570796 0.400000 776.000000
7.500000 0.396546 0.975000 -1.579426 1.570796 0.400000 776.000000
7.750000 0.423423 0.758427 -2.317763 1.570796 0.400000 776.000000
8.000000 0.451181 0.500000 -0.133340 1.570796 0.400000 776.000000
8.250000 0.479821 0.500000 1.111909 1.570796 0.400000 776.000000
8.500000 0.509341 0.500000 1.681753 1.570796 0.400000 776.000000
8.750000 0.539743 0.509709 1.960680 1.570796 0.400000 776.000000
9.000000 0.571026 0.509434 2.046301 1.570796 0.400000 776.000000
9.250000 0.603190 0.510753 1.982018 1.570796 0.400000 776.000000
9.500000 0.636236 0.514440 2.361439 1.570796 0.400000 776.000000
9.750000 0.670163 0.503534 2.588298 1.570796 0.400000 776.000000
10.000000 0.704971 0.510638 3.495491 1.570796 0.400000 776.000000
10.250000 0.740660 0.502392 3.663710 1.570796 0.400000 776.000000
10.500000 0.777230 0.514706 3.679048 1.570796 0.400000 776.000000
10.750000 0.814682 0.512195 3.591257 1.570796 0.400000 776.000000
11.000000 0.853014 0.507246 3.388883 1.570796 0.400000 776.000000
11.250000 0.892228 0.500000 3.040373 1.570796 0.400000 776.000000
11.500000 0.932324 0.505319 2.511468 1.570796 0.400000 776.000000
11.750000 0.973300 0.500000 1.702218 1.570796 0.400000 776.000000
12.000000 1.015158 0.500000 0.156438 1.570796 0.400000 776.000000
12.250000 1.057896 0.552147 -1.428169 1.570796 0.400000 776.000000
12.500000 1.101516 0.668790 -1.614927 1.570796 0.400000 776.000000
12.750000 1.146018 0.531915 -1.616922 1.570796 0.400000 776.000000
13.000000 1.191400 0.603448 -1.601047 1.570796 0.400000 776.000000
13.250000 1.237664 0.588235 -1.711893 1.570796 0.400000 776.000000
13.500000 1.284809 0.523256 -1.081370 1.570796 0.400000 776.000000
13.750000 1.332835 0.659722 -0.959752 1.570796 0.400000 776.000000
14.000000 1.381742 0.573770 -1.536040 1.570796 0.400000 776.000000
14.250000 1.431531 0.657216 -1.411479 1.570796 0.400000 776.000000
14.500000 1.482201 0.637500 -1.622181 1.570796 0.400000 776.000000
14.750000 1.533752 0.675000 -1.473466 1.570796 0.400000 776.000000
15.000000 1.586184 0.500000 0.092201 3.141593 0.400000 776.000000
15.250000 1.639497 0.497630 4.190064 3.141593 0.400000 776.000000
15.500000 1.693692 0.841837 4.199682 3.141593 0.400000 776.000000
15.750000 1.748768 0.562500 7.634507 3.141593 0.400000 776.000000
16.000000 1.804725 0.495283 9.753504 3.141593 0.400000 776.000000
16.250000 1.861563 0.529412 11.312842 3.141593 0.400000 776.000000
16.500000 1.919282 0.500000 12.618143 3.141593 0.400000 776.000000
16.750000 1.977883 0.500000 13.628957 3.141593 0.400000 776.000000
17.000000 2.037365 0.535714 14.498387 3.141593 0.400000 776.000000
17.250000 2.097728 0.526316 15.237052 3.141593 0.400000 776.000000
17.500000 2.158972 0.500000 15.875317 3.141593 0.400000 776.000000
17.750000 2.221098 0.555556 16.619771 3.141593 0.400000 776.000000
18.000000 2.284105 0.500000 17.540975 3.141593 0.400000 776.000000
18.250000 2.347993 0.535714 18.186153 3.141593 0.400000 776.000000
18.500000 2.412762 0.562500 18.907124 3.141593 0.400000 776.000000
18.750000 2.478412 0.576923 19.723822 3.141593 0.400000 776.000000
19.000000 2.544944 0.576923 20.527966 3.141593 0.400000 776.000000
