6.000000 0.253789 1.759259 -1.714577 1.570796 0.400000 508.000000
6.250000 0.275379 1.875000 -1.768955 1.570796 0.400000 508.000000
6.500000 0.297850 1.789773 -1.731896 1.570796 0.400000 508.000000
6.750000 0.321202 1.716867 -1.805616 1.570796 0.400000 508.000000
7.000000 0.345436 1.938202 -1.778977 1.570796 0.400000 508.000000
7.250000 0.370550 1.648352 -1.791323 1.570796 0.400000 508.000000
7.500000 0.396546 1.377551 -1.625652 1.570796 0.400000 508.000000
7.750000 0.423423 1.029412 -1.675191 1.570796 0.400000 508.000000
8.000000 0.451181 1.436170 -2.149306 1.570796 0.400000 508.000000
8.250000 0.479821 0.500000 -0.103888 1.570796 0.400000 508.000000
8.500000 0.509341 0.500000 1.276897 1.570796 0.400000 508.000000
8.750000 0.539743 0.506135 1.875314 1.570796 0.400000 508.000000
9.000000 0.571026 0.508929 2.276917 1.570796 0.400000 508.000000
9.250000 0.603190 0.508475 2.489358 1.570796 0.400000 508.000000
9.500000 0.636236 0.502232 2.599155 1.570796 0.400000 508.000000
9.750000 0.670163 0.509050 2.672072 1.570796 0.400000 508.000000
10.000000 0.704971 0.500000 2.697077 1.570796 0.400000 508.000000
10.250000 0.740660 0.506329 2.591545 1.570796 0.400000 508.000000
10.500000 0.777230 0.500000 2.253748 1.570796 0.400000 508.000000
10.750000 0.814682 0.500000 1.615960 1.570796 0.400000 508.000000
11.000000 0.853014 0.500000 0.449553 1.570796 0.400000 508.000000
11.250000 0.892228 0.544693 -0.930972 1.570796 0.400000 508.000000
11.500000 0.932324 0.597826 -1.456505 1.570796 0.400000 508.000000
11.750000 0.973300 0.735294 -1.371788 1.570796 0.400000 508.000000
12.000000 1.015158 0.891608 -1.674880 1.570796 0.400000 508.000000
12.250000 1.057896 0.673653 -1.497544 1.570796 0.400000 508.000000
12.500000 1.101516 0.800000 -1.591425 1.570796 0.400000 508.000000
12.750000 1.146018 0.823171 -1.551238 1.570796 0.400000 508.000000
13.000000 1.191400 0.907643 -1.643186 1.570796 0.400000 508.000000
13.250000 1.237664 0.758929 -1.466444 1.570796 0.400000 508.000000
13.500000 1.284809 0.900000 -1.658528 1.570796 0.400000 508.000000
13.750000 1.332835 0.852273 -1.568884 1.570796 0.400000 508.000000
14.000000 1.381742 0.911602 -1.632037 1.570796 0.400000 508.000000
14.250000 1.431531 0.896739 -1.718097 1.570796 0.400000 508.000000
14.500000 1.482201 0.846774 -1.533476 1.570796 0.400000 508.000000
14.750000 1.533752 0.789474 -1.240518 1.570796 0.400000 508.000000
15.000000 1.586184 0.500000 3.537945 3.141593 0.400000 508.000000
15.250000 1.639497 0.500000 5.971759 3.141593 0.400000 508.000000
15.500000 1.693692 0.495868 7.293560 3.141593 0.400000 508.000000
15.750000 1.748768 0.557851 8.231160 3.141593 0.400000 508.000000
16.000000 1.804725 0.670732 8.349676 3.141593 0.400000 508.000000
16.250000 1.861563 0.555556 10.537405 3.141593 0.400000 508.000000
16.500000 1.919282 0.548780 12.440038 3.141593 0.400000 508.000000
16.750000 1.977883 0.500000 13.557088 3.141593 0.400000 508.000000
17.000000 2.037365 0.500000 14.440610 3.141593 0.400000 508.000000
17.250000 2.097728 0.543478 15.125687 3.141593 0.400000 508.000000
17.500000 2.158972 0.526316 15.845622 3.141593 0.400000 508.000000
17.750000 2.221098 0.500000 16.539066 3.141593 0.400000 508.000000
18.000000 2.284105 0.555556 17.023775 3.141593 0.400000 508.000000
18.250000 2.347993 0.500000 17.984059 3.141593 0.400000 508.000000
18.500000 2.412762 0.500000 18.644346 3.141593 0.400000 508.000000
18.750000 2.478412 0.523256 19.358029 3.141593 0.400000 508.000000
19.000000 2.544944 0.548780 19.894512 3.141593 0.400000 508.000000
