6.000000 0.253789 1.057692 -1.752783 1.570796 0.400000 669.000000
6.250000 0.275379 1.084337 -1.746565 1.570796 0.400000 669.000000
6.500000 0.297850 0.993976 -1.727809 1.570796 0.400000 669.000000
6.750000 0.321202 1.265060 -1.810659 1.570796 0.400000 669.000000
7.000000 0.345436 1.220930 -1.720464 1.570796 0.400000 669.000000
7.250000 0.370550 1.206897 -1.825882 1.570796 0.400000 669.000000
7.500000 0.396546 1.050000 -1.671076 1.570796 0.400000 669.000000
7.750000 0.423423 1.059783 -1.865231 1.570796 0.400000 669.000000
8.000000 0.451181 1.191589 -1.184258 1.570796 0.400000 669.000000
8.250000 0.479821 0.506135 -1.322866 1.570796 0.400000 669.000000
8.500000 0.509341 0.500000 1.000906 1.570796 0.400000 669.000000
8.750000 0.539743 0.500000 1.823374 1.570796 0.400000 669.000000
9.000000 0.571026 0.500000 2.296307 1.570796 0.400000 669.000000
9.250000 0.603190 0.506329 2.554430 1.570796 0.400000 669.000000
9.500000 0.636236 0.500000 2.655473 1.570796 0.400000 669.000000
9.750000 0.670163 0.511364 2.595540 1.570796 0.400000 669.000000
10.000000 0.704971 0.512195 2.826002 1.570796 0.400000 669.000000
10.250000 0.740660 0.510471 3.452987 1.570796 0.400000 669.000000
10.500000 0.777230 0.500000 3.832206 1.570796 0.400000 669.000000
10.750000 0.814682 0.510471 3.909465 1.570796 0.400000 669.000000
11.000000 0.853014 0.510471 3.818195 1.570796 0.400000 669.000000
11.250000 0.892228 0.509709 3.588908 1.570796 0.400000 669.000000
11.500000 0.932324 0.500000 3.226617 1.570796 0.400000 669.000000
11.750000 0.973300 0.508929 2.690119 1.570796 0.400000 669.000000
12.000000 1.015158 0.500000 1.886923 1.570796 0.400000 669.000000
12.250000 1.057896 0.500000 0.449507 1.570796 0.400000 669.000000
12.500000 1.101516 0.600000 -1.465379 1.570796 0.400000 669.000000
12.750000 1.146018 0.711679 -1.627319 1.570796 0.400000 669.000000
13.000000 1.191400 0.731707 -1.505536 1.570796 0.400000 669.000000
13.250000 1.237664 0.625000 -1.594344 1.570796 0.400000 669.000000
13.500000 1.284809 0.535714 -1.571405 1.570796 0.400000 669.000000
13.750000 1.332835 0.770270 -1.626482 1.570796 0.400000 669.000000
14.000000 1.381742 0.639205 -1.612344 1.570796 0.400000 669.000000
14.250000 1.431531 0.662983 -1.567258 1.570796 0.400000 669.000000
14.500000 1.482201 0.502577 -1.409336 1.570796 0.400000 669.000000
14.750000 1.533752 0.712291 -1.617556 1.570796 0.400000 669.000000
15.000000 1.586184 0.688776 -1.615897 1.570796 0.400000 669.000000
15.250000 1.639497 1.000000 1.520168 4.712389 0.400000 669.000000
15.500000 1.693692 0.998294 2.929698 4.712389 0.400000 669.000000
15.750000 1.748768 0.496988 4.816222 3.141593 0.400000 669.000000
16.000000 1.804725 0.503731 6.882692 3.141593 0.400000 669.000000
16.250000 1.861563 0.508475 8.443189 3.141593 0.400000 669.000000
16.500000 1.919282 0.530973 9.339952 3.141593 0.400000 669.000000
16.750000 1.977883 0.500000 11.876360 3.141593 0.400000 669.000000
17.000000 2.037365 0.500000 13.522174 3.141593 0.400000 669.000000
17.250000 2.097728 0.520833 14.642123 3.141593 0.400000 669.000000
17.500000 2.158972 0.526316 15.624602 3.141593 0.400000 669.000000
17.750000 2.221098 0.500000 16.498250 3.141593 0.400000 669.000000
18.000000 2.284105 0.576923 17.463471 3.141593 0.400000 669.000000
18.250000 2.347993 0.535714 18.224131 3.141593 0.400000 669.000000
18.500000 2.412762 0.562500 18.949925 3.141593 0.400000 669.000000
18.750000 2.478412 0.576923 19.729664 3.141593 0.400000 669.000000
19.000000 2.544944 0.592105 20.427192 3.141593 0.400000 669.000000
