6.000000 0.253789 0.970588 -1.549739 1.570796 0.400000 676.000000
6.250000 0.275379 0.964286 -1.752104 1.570796 0.400000 676.000000
6.500000 0.297850 0.970588 -1.656390 1.570796 0.400000 676.000000
6.750000 0.321202 1.278409 -1.727724 1.570796 0.400000 676.000000
7.000000 0.345436 1.193182 -1.795825 1.570796 0.400000 676.000000
7.250000 0.370550 0.978261 -1.698719 1.570796 0.400000 676.000000
7.500000 0.396546 0.878378 -1.569649 1.570796 0.400000 676.000000
7.750000 0.423423 0.937500 -1.639953 1.570796 0.400000 676.000000
8.000000 0.451181 0.989011 -1.570595 1.570796 0.400000 676.000000
8.250000 0.479821 0.711679 -0.907178 1.570796 0.400000 676.000000
8.500000 0.509341 0.500000 0.094710 1.570796 0.400000 676.000000
8.750000 0.539743 0.500000 1.465751 1.570796 0.400000 676.000000
9.000000 0.571026 0.507117 2.143257 1.570796 0.400000 676.000000
9.250000 0.603190 0.500000 2.568384 1.570796 0.400000 676.000000
9.500000 0.636236 0.500000 2.825229 1.570796 0.400000 676.000000
9.750000 0.670163 0.500000 2.953224 1.570796 0.400000 676.000000
10.000000 0.704971 0.500000 3.021667 1.570796 0.400000 676.000000
10.250000 0.740660 0.510471 3.082802 1.570796 0.400000 676.000000
10.500000 0.777230 0.512195 3.103361 1.570796 0.400000 676.000000
10.750000 0.814682 0.513699 3.027845 1.570796 0.400000 676.000000
11.000000 0.853014 0.510000 2.743522 1.570796 0.400000 676.000000
11.250000 0.892228 0.506431 2.188495 1.570796 0.400000 676.000000
11.500000 0.932324 0.500000 1.277840 1.570796 0.400000 676.000000
11.750000 0.973300 0.500000 -1.066858 1.570796 0.400000 676.000000
12.000000 1.015158 0.589888 -1.101230 1.570796 0.400000 676.000000
12.250000 1.057896 0.520231 -1.375743 1.570796 0.400000 676.000000
12.500000 1.101516 0.517241 -1.693568 1.570796 0.400000 676.000000
12.750000 1.146018 0.636364 -1.481736 1.570796 0.400000 676.000000
13.000000 1.191400 0.588235 -1.580710 1.570796 0.400000 676.000000
13.250000 1.237664 0.529412 -1.500431 1.570796 0.400000 676.000000
13.500000 1.284809 0.569620 -1.576998 1.570796 0.400000 676.000000
13.750000 1.332835 0.529412 -1.521972 1.570796 0.400000 676.000000
14.000000 1.381742 0.430622 -1.203292 1.570796 0.400000 676.000000
14.250000 1.431531 0.612840 -0.888729 1.570796 0.400000 676.000000
14.500000 1.482201 0.634921 -1.686982 1.570796 0.400000 676.000000
14.750000 1.533752 0.638298 -1.657141 1.570796 0.400000 676.000000
15.000000 1.586184 0.601415 -1.544172 1.570796 0.400000 676.000000
15.250000 1.639497 0.500000 0.438798 3.141593 0.400000 676.000000
15.500000 1.693692 0.497238 4.327651 3.141593 0.400000 676.000000
15.750000 1.748768 0.551471 6.397869 3.141593 0.400000 676.000000
16.000000 1.804725 0.508475 8.418056 3.141593 0.400000 676.000000
16.250000 1.861563 0.495283 10.054250 3.141593 0.400000 676.000000
16.500000 1.919282 0.500000 11.635676 3.141593 0.400000 676.000000
16.750000 1.977883 0.517241 13.024350 3.141593 0.400000 676.000000
17.000000 2.037365 0.517241 13.295497 3.141593 0.400000 676.000000
17.250000 2.097728 0.500000 13.740335 3.141593 0.400000 676.000000
17.500000 2.158972 0.520833 14.994424 3.141593 0.400000 676.000000
17.750000 2.221098 0.535714 16.052965 3.141593 0.400000 676.000000
18.000000 2.284105 0.526316 17.124771 3.141593 0.400000 676.000000
18.250000 2.347993 0.500000 18.284962 3.141593 0.400000 676.000000
18.500000 2.412762 0.523256 19.128492 3.141593 0.400000 676.000000
18.750000 2.478412 0.548780 19.815916 3.141593 0.400000 676.000000
19.000000 2.544944 0.576923 20.682538 3.141593 0.400000 676.000000
