6.000000 0.253789 1.095506 -1.587421 1.570796 0.400000 716.000000
6.250000 0.275379 0.862069 -1.625803 1.570796 0.400000 716.000000
6.500000 0.297850 1.193182 -1.630190 1.570796 0.400000 716.000000
6.750000 0.321202 0.833333 -1.642170 1.570796 0.400000 716.000000
7.000000 0.345436 1.015625 -1.654757 1.570796 0.400000 716.000000
7.250000 0.370550 1.050000 -1.665543 1.570796 0.400000 716.000000
7.500000 0.396546 0.857143 -1.511241 1.570796 0.400000 716.000000
7.750000 0.423423 0.891089 -1.623763 1.570796 0.400000 716.000000
8.000000 0.451181 1.039604 -1.662871 1.570796 0.400000 716.000000
8.250000 0.479821 0.855263 -1.743956 1.570796 0.400000 716.000000
8.500000 0.509341 0.500000 0.620451 1.570796 0.400000 716.000000
8.750000 0.539743 0.500000 1.657402 1.570796 0.400000 716.000000
9.000000 0.571026 0.498615 1.830627 1.570796 0.400000 716.000000
9.250000 0.603190 0.510000 2.324412 1.570796 0.400000 716.000000
9.500000 0.636236 0.510638 2.763337 1.570796 0.400000 716.000000
9.750000 0.670163 0.509709 3.031717 1.570796 0.400000 716.000000
10.000000 0.704971 0.514286 3.479547 1.570796 0.400000 716.000000
10.250000 0.740660 0.503049 3.677267 1.570796 0.400000 716.000000
10.500000 0.777230 0.518868 3.720337 1.570796 0.400000 716.000000
10.750000 0.814682 0.515625 3.639470 1.570796 0.400000 716.000000
11.000000 0.853014 0.511364 3.430929 1.570796 0.400000 716.000000
11.250000 0.892228 0.500000 3.100194 1.570796 0.400000 716.000000
11.500000 0.932324 0.506757 2.587398 1.570796 0.400000 716.000000
11.750000 0.973300 0.506135 1.805409 1.570796 0.400000 716.000000
12.000000 1.015158 0.500000 0.394800 1.570796 0.400000 716.000000
12.250000 1.057896 0.543478 -0.307415 1.570796 0.400000 716.000000
12.500000 1.101516 0.461538 -1.159537 1.570796 0.400000 716.000000
12.750000 1.146018 0.580357 -1.438343 1.570796 0.400000 716.000000
13.000000 1.191400 0.529891 -1.295713 1.570796 0.400000 716.000000
13.250000 1.237664 0.560345 -1.554191 1.570796 0.400000 716.000000
13.500000 1.284809 0.538674 -1.445616 1.570796 0.400000 716.000000
13.750000 1.332835 0.632530 -1.528668 1.570796 0.400000 716.000000
14.000000 1.381742 0.558511 -1.461457 1.570796 0.400000 716.000000
14.250000 1.431531 0.464286 -1.186645 1.570796 0.400000 716.000000
14.500000 1.482201 0.568182 -1.417138 1.570796 0.400000 716.000000
14.750000 1.533752 0.546117 -1.515625 1.570796 0.400000 716.000000
15.000000 1.586184 0.551020 -1.578511 1.570796 0.400000 716.000000
15.250000 1.639497 1.000000 0.926584 4.712389 0.400000 716.000000
15.500000 1.693692 0.500000 3.789834 3.141593 0.400000 716.000000
15.750000 1.748768 0.496324 6.193449 3.141593 0.400000 716.000000
16.000000 1.804725 0.500000 8.053132 3.141593 0.400000 716.000000
16.250000 1.861563 0.500000 9.240560 3.141593 0.400000 716.000000
16.500000 1.919282 0.514706 10.115144 3.141593 0.400000 716.000000
16.750000 1.977883 0.517241 12.687187 3.141593 0.400000 716.000000
17.000000 2.037365 0.500000 13.966830 3.141593 0.400000 716.000000
17.250000 2.097728 0.500000 15.061396 3.141593 0.400000 716.000000
17.500000 2.158972 0.566038 15.940973 3.141593 0.400000 716.000000
17.750000 2.221098 0.535714 16.723861 3.141593 0.400000 716.000000
18.000000 2.284105 0.500000 17.687585 3.141593 0.400000 716.000000
18.250000 2.347993 0.562500 18.272343 3.141593 0.400000 716.000000
18.500000 2.412762 0.592105 19.044684 3.141593 0.400000 716.000000
18.750000 2.478412 0.576923 19.859498 3.141593 0.400000 716.000000
19.000000 2.544944 0.500000 20.600005 3.141593 0.400000 716.000000
