6.000000 0.253789 0.784884 -1.670512 1.570796 0.400000 46.000000
6.250000 0.275379 0.775862 -1.761137 1.570796 0.400000 46.000000
6.500000 0.297850 0.767045 -1.775444 1.570796 0.400000 46.000000
6.750000 0.321202 0.892857 -1.787161 1.570796 0.400000 46.000000
7.000000 0.345436 0.779221 -1.739018 1.570796 0.400000 46.000000
7.250000 0.370550 0.668317 -1.844559 1.570796 0.400000 46.000000
7.500000 0.396546 1.039604 -1.420748 1.570796 0.400000 46.000000
7.750000 0.423423 0.509709 -1.732197 1.570796 0.400000 46.000000
8.000000 0.451181 0.500000 0.495346 1.570796 0.400000 46.000000
8.250000 0.479821 0.500000 1.314606 1.570796 0.400000 46.000000
8.500000 0.509341 0.500000 1.725258 1.570796 0.400000 46.000000
8.750000 0.539743 0.506431 1.890386 1.570796 0.400000 46.000000
9.000000 0.571026 0.500000 1.864865 1.570796 0.400000 46.000000
9.250000 0.603190 0.507353 1.627709 1.570796 0.400000 46.000000
9.500000 0.636236 0.504202 1.475024 1.570796 0.400000 46.000000
9.750000 0.670163 0.500000 3.011028 1.570796 0.400000 46.000000
10.000000 0.704971 0.500000 3.574628 1.570796 0.400000 46.000000
10.250000 0.740660 0.500000 3.939689 1.570796 0.400000 46.000000
10.500000 0.777230 0.514286 4.174500 1.570796 0.400000 46.000000
10.750000 0.814682 0.500000 4.314045 1.570796 0.400000 46.000000
11.000000 0.853014 0.500000 4.344407 1.570796 0.400000 46.000000
11.250000 0.892228 0.500000 4.264772 1.570796 0.400000 46.000000
11.500000 0.932324 0.512195 4.078558 1.570796 0.400000 46.000000
11.750000 0.973300 0.513699 3.789187 1.570796 0.400000 46.000000
12.000000 1.015158 0.506329 3.366449 1.570796 0.400000 46.000000
12.250000 1.057896 0.500000 2.754976 1.570796 0.400000 46.000000
12.500000 1.101516 0.500000 1.849892 1.570796 0.400000 46.000000
12.750000 1.146018 0.500000 0.121081 1.570796 0.400000 46.000000
13.000000 1.191400 0.590909 -1.485143 1.570796 0.400000 46.000000
13.250000 1.237664 0.397059 -1.729425 1.570796 0.400000 46.000000
13.500000 1.284809 0.544693 -1.665745 1.570796 0.400000 46.000000
13.750000 1.332835 0.594714 -1.015079 1.570796 0.400000 46.000000
14.000000 1.381742 0.571429 -1.189563 1.570796 0.400000 46.000000
14.250000 1.431531 0.489130 -1.828496 1.570796 0.400000 46.000000
14.500000 1.482201 0.521390 -1.659931 1.570796 0.400000 46.000000
14.750000 1.533752 0.612981 -1.738725 1.570796 0.400000 46.000000
15.000000 1.586184 0.965347 -1.813627 4.712389 0.400000 46.000000
15.250000 1.639497 1.000000 1.164996 4.712389 0.400000 46.000000
15.500000 1.693692 1.000000 3.073360 4.712389 0.400000 46.000000
15.750000 1.748768 0.911602 4.319594 3.141593 0.400000 46.000000
16.000000 1.804725 0.555556 7.346012 3.141593 0.400000 46.000000
16.250000 1.861563 0.519802 9.944229 3.141593 0.400000 46.000000
16.500000 1.919282 0.535714 11.733969 3.141593 0.400000 46.000000
16.750000 1.977883 0.500000 13.054952 3.141593 0.400000 46.000000
17.000000 2.037365 0.513699 14.113992 3.141593 0.400000 46.000000
17.250000 2.097728 0.500000 14.987696 3.141593 0.400000 46.000000
17.500000 2.158972 0.500000 15.728411 3.141593 0.400000 46.000000
17.750000 2.221098 0.576923 16.681661 3.141593 0.400000 46.000000
18.000000 2.284105 0.535714 17.463744 3.141593 0.400000 46.000000
18.250000 2.347993 0.548780 18.251424 3.141593 0.400000 46.000000
18.500000 2.412762 0.576923 19.094966 3.141593 0.400000 46.000000
18.750000 2.478412 0.588235 19.999704 3.141593 0.400000 46.000000
19.000000 2.544944 0.500000 20.694382 3.141593 0.400000 46.000000
