6.000000 0.253789 0.948276 -1.639204 1.570796 0.400000 693.000000
6.250000 0.275379 0.876623 -1.841958 1.570796 0.400000 693.000000
6.500000 0.297850 1.058824 -1.738626 1.570796 0.400000 693.000000
6.750000 0.321202 0.993976 -1.688087 1.570796 0.400000 693.000000
7.000000 0.345436 0.982143 -1.689972 1.570796 0.400000 693.000000
7.250000 0.370550 0.816832 -1.577966 1.570796 0.400000 693.000000
7.500000 0.396546 0.735294 -1.660783 1.570796 0.400000 693.000000
7.750000 0.423423 0.989011 -1.851335 1.570796 0.400000 693.000000
8.000000 0.451181 0.963303 -1.133745 1.570796 0.400000 693.000000
8.250000 0.479821 0.506135 -1.329224 1.570796 0.400000 693.000000
8.500000 0.509341 0.500000 1.007955 1.570796 0.400000 693.000000
8.750000 0.539743 0.500000 1.828200 1.570796 0.400000 693.000000
9.000000 0.571026 0.508475 2.296002 1.570796 0.400000 693.000000
9.250000 0.603190 0.510638 2.555862 1.570796 0.400000 693.000000
9.500000 0.636236 0.500000 2.654901 1.570796 0.400000 693.000000
9.750000 0.670163 0.500000 2.599842 1.570796 0.400000 693.000000
10.000000 0.704971 0.509050 2.462432 1.570796 0.400000 693.000000
10.250000 0.740660 0.502392 3.221288 1.570796 0.400000 693.000000
10.500000 0.777230 0.513158 4.035063 1.570796 0.400000 693.000000
10.750000 0.814682 0.502577 4.510612 1.570796 0.400000 693.000000
11.000000 0.853014 0.500000 4.725982 1.570796 0.400000 693.000000
11.250000 0.892228 0.500000 4.764255 1.570796 0.400000 693.000000
11.500000 0.932324 0.500000 4.737571 1.570796 0.400000 693.000000
11.750000 0.973300 0.500000 4.608882 1.570796 0.400000 693.000000
12.000000 1.015158 0.509709 4.361072 1.570796 0.400000 693.000000
12.250000 1.057896 0.507117 4.027869 1.570796 0.400000 693.000000
12.500000 1.101516 0.500000 3.556653 1.570796 0.400000 693.000000
12.750000 1.146018 0.500000 2.888380 1.570796 0.400000 693.000000
13.000000 1.191400 0.498615 1.913273 1.570796 0.400000 693.000000
13.250000 1.237664 0.571066 -1.129368 1.570796 0.400000 693.000000
13.500000 1.284809 0.698758 -1.735328 1.570796 0.400000 693.000000
13.750000 1.332835 0.573529 -1.546612 1.570796 0.400000 693.000000
14.000000 1.381742 0.518617 -1.556828 1.570796 0.400000 693.000000
14.250000 1.431531 0.485294 -1.612873 1.570796 0.400000 693.000000
14.500000 1.482201 0.576923 -1.587367 1.570796 0.400000 693.000000
14.750000 1.533752 0.528169 -1.427579 1.570796 0.400000 693.000000
15.000000 1.586184 0.723350 -1.709912 1.570796 0.400000 693.000000
15.250000 1.639497 1.000000 -2.193983 4.712389 0.400000 693.000000
15.500000 1.693692 1.000000 2.136946 4.712389 0.400000 693.000000
15.750000 1.748768 0.997537 3.511331 4.712389 0.400000 693.000000
16.000000 1.804725 0.596026 5.723224 3.141593 0.400000 693.000000
16.250000 1.861563 0.580986 7.657396 3.141593 0.400000 693.000000
16.500000 1.919282 0.508475 10.056172 3.141593 0.400000 693.000000
16.750000 1.977883 0.523256 11.811801 3.141593 0.400000 693.000000
17.000000 2.037365 0.500000 13.146953 3.141593 0.400000 693.000000
17.250000 2.097728 0.528169 14.359551 3.141593 0.400000 693.000000
17.500000 2.158972 0.535714 15.378576 3.141593 0.400000 693.000000
17.750000 2.221098 0.517241 16.467914 3.141593 0.400000 693.000000
18.000000 2.284105 0.500000 17.527356 3.141593 0.400000 693.000000
18.250000 2.347993 0.535714 18.227763 3.141593 0.400000 693.000000
18.500000 2.412762 0.562500 19.028849 3.141593 0.400000 693.000000
18.750000 2.478412 0.592105 19.846092 3.141593 0.400000 693.000000
19.000000 2.544944 0.576923 20.661640 3.141593 0.400000 693.000000
