6.000000 0.253789 1.293103 -1.690548 1.570796 0.400000 241.000000
6.250000 0.275379 1.363636 -1.679887 1.570796 0.400000 241.000000
6.500000 0.297850 1.448864 -1.693512 1.570796 0.400000 241.000000
6.750000 0.321202 1.467391 -1.615498 1.570796 0.400000 241.000000
7.000000 0.345436 1.385870 -1.766200 1.570796 0.400000 241.000000
7.250000 0.370550 1.250000 -1.635427 1.570796 0.400000 241.000000
7.500000 0.396546 1.250000 -1.669823 1.570796 0.400000 241.000000
7.750000 0.423423 1.397059 -1.796472 1.570796 0.400000 241.000000
8.000000 0.451181 1.032110 -1.469326 1.570796 0.400000 241.000000
8.250000 0.479821 0.511364 -1.859365 1.570796 0.400000 241.000000
8.500000 0.509341 0.500000 0.795020 1.570796 0.400000 241.000000
8.750000 0.539743 0.500000 1.724206 1.570796 0.400000 241.000000
9.000000 0.571026 0.500000 2.247642 1.570796 0.400000 241.000000
9.250000 0.603190 0.500000 2.549932 1.570796 0.400000 241.000000
9.500000 0.636236 0.506329 2.645483 1.570796 0.400000 241.000000
9.750000 0.670163 0.500000 2.637016 1.570796 0.400000 241.000000
10.000000 0.704971 0.516055 2.852664 1.570796 0.400000 241.000000
10.250000 0.740660 0.507812 3.758422 1.570796 0.400000 241.000000
10.500000 0.777230 0.512422 4.295181 1.570796 0.400000 241.000000
10.750000 0.814682 0.500000 4.591859 1.570796 0.400000 241.000000
11.000000 0.853014 0.500000 4.772356 1.570796 0.400000 241.000000
11.250000 0.892228 0.515267 4.837882 1.570796 0.400000 241.000000
11.500000 0.932324 0.515267 4.818821 1.570796 0.400000 241.000000
11.750000 0.973300 0.500000 4.730259 1.570796 0.400000 241.000000
12.000000 1.015158 0.500000 4.507167 1.570796 0.400000 241.000000
12.250000 1.057896 0.515625 4.176938 1.570796 0.400000 241.000000
12.500000 1.101516 0.500000 3.749285 1.570796 0.400000 241.000000
12.750000 1.146018 0.509709 3.144964 1.570796 0.400000 241.000000
13.000000 1.191400 0.500000 2.292577 1.570796 0.400000 241.000000
13.250000 1.237664 0.500000 0.872225 1.570796 0.400000 241.000000
13.500000 1.284809 0.531250 -0.322275 1.570796 0.400000 241.000000
13.750000 1.332835 0.535714 -1.209400 1.570796 0.400000 241.000000
14.000000 1.381742 0.601604 -1.563205 1.570796 0.400000 241.000000
14.250000 1.431531 0.529046 -1.090250 1.570796 0.400000 241.000000
14.500000 1.482201 0.559211 -1.122549 1.570796 0.400000 241.000000
14.750000 1.533752 0.633333 -1.311101 1.570796 0.400000 241.000000
15.000000 1.586184 0.564159 -1.622746 1.570796 0.400000 241.000000
15.250000 1.639497 1.000000 -0.532503 4.712389 0.400000 241.000000
15.500000 1.693692 1.000000 2.371777 4.712389 0.400000 241.000000
15.750000 1.748768 1.000000 3.615397 4.712389 0.400000 241.000000
16.000000 1.804725 0.645695 5.840532 3.141593 0.400000 241.000000
16.250000 1.861563 0.500000 8.196618 3.141593 0.400000 241.000000
16.500000 1.919282 0.495283 10.156895 3.141593 0.400000 241.000000
16.750000 1.977883 0.500000 12.158244 3.141593 0.400000 241.000000
17.000000 2.037365 0.523256 12.447589 3.141593 0.400000 241.000000
17.250000 2.097728 0.528169 13.602287 3.141593 0.400000 241.000000
17.500000 2.158972 0.500000 14.925900 3.141593 0.400000 241.000000
17.750000 2.221098 0.500000 15.956668 3.141593 0.400000 241.000000
18.000000 2.284105 0.500000 17.243690 3.141593 0.400000 241.000000
18.250000 2.347993 0.535714 18.047675 3.141593 0.400000 241.000000
18.500000 2.412762 0.548780 18.941738 3.141593 0.400000 241.000000
18.750000 2.478412 0.576923 19.866245 3.141593 0.400000 241.000000
19.000000 2.544944 0.500000 20.759404 3.141593 0.400000 241.000000
