6.000000 0.253789 1.084337 -1.656317 1.570796 0.400000 739.000000
6.250000 0.275379 1.034483 -1.630220 1.570796 0.400000 739.000000
6.500000 0.297850 1.000000 -1.648487 1.570796 0.400000 739.000000
6.750000 0.321202 1.071429 -1.695253 1.570796 0.400000 739.000000
7.000000 0.345436 0.877660 -1.632306 1.570796 0.400000 739.000000
7.250000 0.370550 1.071429 -1.677465 1.570796 0.400000 739.000000
7.500000 0.396546 0.972222 -1.610042 1.570796 0.400000 739.000000
7.750000 0.423423 0.975000 -1.611732 1.570796 0.400000 739.000000
8.000000 0.451181 1.125000 -1.770703 1.570796 0.400000 739.000000
8.250000 0.479821 0.723684 -1.582239 1.570796 0.400000 739.000000
8.500000 0.509341 0.762712 -1.631153 1.570796 0.400000 739.000000
8.750000 0.539743 0.496988 -0.690406 1.570796 0.400000 739.000000
9.000000 0.571026 0.500000 1.306033 1.570796 0.400000 739.000000
9.250000 0.603190 0.500000 2.085618 1.570796 0.400000 739.000000
9.500000 0.636236 0.500000 2.762244 1.570796 0.400000 739.000000
9.750000 0.670163 0.509709 3.238452 1.570796 0.400000 739.000000
10.000000 0.704971 0.500000 3.544721 1.570796 0.400000 739.000000
10.250000 0.740660 0.512422 3.712047 1.570796 0.400000 739.000000
10.500000 0.777230 0.512422 3.766697 1.570796 0.400000 739.000000
10.750000 0.814682 0.512422 3.711106 1.570796 0.400000 739.000000
11.000000 0.853014 0.512422 3.550573 1.570796 0.400000 739.000000
11.250000 0.892228 0.511364 3.253902 1.570796 0.400000 739.000000
11.500000 0.932324 0.512195 2.797891 1.570796 0.400000 739.000000
11.750000 0.973300 0.500000 2.120616 1.570796 0.400000 739.000000
12.000000 1.015158 0.500000 1.001627 1.570796 0.400000 739.000000
12.250000 1.057896 0.488166 -2.847432 1.570796 0.400000 739.000000
12.500000 1.101516 0.538922 -1.473926 1.570796 0.400000 739.000000
12.750000 1.146018 0.576923 -1.278031 1.570796 0.400000 739.000000
13.000000 1.191400 0.585938 -1.144204 1.570796 0.400000 739.000000
13.250000 1.237664 0.563584 -1.385877 1.570796 0.400000 739.000000
13.500000 1.284809 0.535714 -1.355339 1.570796 0.400000 739.000000
13.750000 1.332835 0.580110 -1.478051 1.570796 0.400000 739.000000
14.000000 1.381742 0.510471 -1.359587 1.570796 0.400000 739.000000
14.250000 1.431531 0.483871 -1.546310 1.570796 0.400000 739.000000
14.500000 1.482201 0.459184 -1.357520 1.570796 0.400000 739.000000
14.750000 1.533752 0.560748 -1.359290 1.570796 0.400000 739.000000
15.000000 1.586184 0.529046 -1.465451 1.570796 0.400000 739.000000
15.250000 1.639497 0.644531 -1.683540 1.570796 0.400000 739.000000
15.500000 1.693692 1.000000 1.321244 4.712389 0.400000 739.000000
15.750000 1.748768 1.000000 3.558648 3.141593 0.400000 739.000000
16.000000 1.804725 0.813253 5.357752 3.141593 0.400000 739.000000
16.250000 1.861563 0.750000 6.151108 3.141593 0.400000 739.000000
16.500000 1.919282 0.500000 8.520236 3.141593 0.400000 739.000000
16.750000 1.977883 0.500000 12.172065 3.141593 0.400000 739.000000
17.000000 2.037365 0.542169 12.860254 3.141593 0.400000 739.000000
17.250000 2.097728 0.528169 13.553385 3.141593 0.400000 739.000000
17.500000 2.158972 0.500000 14.800356 3.141593 0.400000 739.000000
17.750000 2.221098 0.500000 15.814509 3.141593 0.400000 739.000000
18.000000 2.284105 0.500000 17.089501 3.141593 0.400000 739.000000
18.250000 2.347993 0.535714 17.942761 3.141593 0.400000 739.000000
18.500000 2.412762 0.576923 18.907037 3.141593 0.400000 739.000000
18.750000 2.478412 0.500000 19.974729 3.141593 0.400000 739.000000
19.000000 2.544944 0.511364 20.678027 3.141593 0.400000 739.000000
