6.000000 0.253789 0.982143 -1.633094 1.570796 0.400000 153.000000
6.250000 0.275379 0.673077 -1.620948 1.570796 0.400000 153.000000
6.500000 0.297850 0.882353 -1.599067 1.570796 0.400000 153.000000
6.750000 0.321202 0.775862 -1.748995 1.570796 0.400000 153.000000
7.000000 0.345436 0.750000 -1.605761 1.570796 0.400000 153.000000
7.250000 0.370550 0.841837 -1.566015 1.570796 0.400000 153.000000
7.500000 0.396546 0.688073 -1.327782 1.570796 0.400000 153.000000
7.750000 0.423423 0.500000 -0.578119 1.570796 0.400000 153.000000
8.000000 0.451181 0.500000 0.874268 1.570796 0.400000 153.000000
8.250000 0.479821 0.500000 1.446654 1.570796 0.400000 153.000000
8.500000 0.509341 0.500000 1.718191 1.570796 0.400000 153.000000
8.750000 0.539743 0.508065 1.761906 1.570796 0.400000 153.000000
9.000000 0.571026 0.500000 1.609293 1.570796 0.400000 153.000000
9.250000 0.603190 0.510836 2.038809 1.570796 0.400000 153.000000
9.500000 0.636236 0.512048 2.875218 1.570796 0.400000 153.000000
9.750000 0.670163 0.511364 3.165610 1.570796 0.400000 153.000000
10.000000 0.704971 0.514706 3.289086 1.570796 0.400000 153.000000
10.250000 0.740660 0.500000 3.283361 1.570796 0.400000 153.000000
10.500000 0.777230 0.507246 3.140615 1.570796 0.400000 153.000000
10.750000 0.814682 0.510638 2.852291 1.570796 0.400000 153.000000
11.000000 0.853014 0.505319 2.395910 1.570796 0.400000 153.000000
11.250000 0.892228 0.500000 1.676111 1.570796 0.400000 153.000000
11.500000 0.932324 0.500000 0.344206 1.570796 0.400000 153.000000
11.750000 0.973300 0.754190 -1.203518 1.570796 0.400000 153.000000
12.000000 1.015158 0.561224 -1.737429 1.570796 0.400000 153.000000
12.250000 1.057896 0.590909 -1.456571 1.570796 0.400000 153.000000
12.500000 1.101516 0.589286 -1.745606 1.570796 0.400000 153.000000
12.750000 1.146018 0.721154 -1.606993 1.570796 0.400000 153.000000
13.000000 1.191400 0.667808 -1.775607 1.570796 0.400000 153.000000
13.250000 1.237664 0.421348 -1.452124 1.570796 0.400000 153.000000
13.500000 1.284809 0.515625 -1.727307 1.570796 0.400000 153.000000
13.750000 1.332835 0.453629 -1.035154 1.570796 0.400000 153.000000
14.000000 1.381742 0.673469 -1.012055 1.570796 0.400000 153.000000
14.250000 1.431531 0.446429 -1.709662 1.570796 0.400000 153.000000
14.500000 1.482201 0.610048 -1.569309 1.570796 0.400000 153.000000
14.750000 1.533752 0.516055 -1.575462 1.570796 0.400000 153.000000
15.000000 1.586184 1.003937 -2.196399 4.712389 0.400000 153.000000
15.250000 1.639497 1.000000 1.821700 4.712389 0.400000 153.000000
15.500000 1.693692 0.500000 4.106210 3.141593 0.400000 153.000000
15.750000 1.748768 0.500000 6.609116 3.141593 0.400000 153.000000
16.000000 1.804725 0.500000 8.510953 3.141593 0.400000 153.000000
16.250000 1.861563 0.500000 9.993838 3.141593 0.400000 153.000000
16.500000 1.919282 0.500000 11.268044 3.141593 0.400000 153.000000
16.750000 1.977883 0.523256 12.654489 3.141593 0.400000 153.000000
17.000000 2.037365 0.543478 13.841322 3.141593 0.400000 153.000000
17.250000 2.097728 0.559701 14.951669 3.141593 0.400000 153.000000
17.500000 2.158972 0.545455 15.802805 3.141593 0.400000 153.000000
17.750000 2.221098 0.526316 16.691520 3.141593 0.400000 153.000000
18.000000 2.284105 0.566038 17.483138 3.141593 0.400000 153.000000
18.250000 2.347993 0.500000 18.463794 3.141593 0.400000 153.000000
18.500000 2.412762 0.500000 19.144435 3.141593 0.400000 153.000000
18.750000 2.478412 0.548780 19.690996 3.141593 0.400000 153.000000
19.000000 2.544944 0.562500 20.251929 3.141593 0.400000 153.000000
