6.000000 0.253789 0.948276 -1.640094 1.570796 0.400000 189.000000
6.250000 0.275379 1.193182 -1.691053 1.570796 0.400000 189.000000
6.500000 0.297850 1.046512 -1.671196 1.570796 0.400000 189.000000
6.750000 0.321202 1.308140 -1.736735 1.570796 0.400000 189.000000
7.000000 0.345436 1.171875 -1.725185 1.570796 0.400000 189.000000
7.250000 0.370550 1.060606 -1.719841 1.570796 0.400000 189.000000
7.500000 0.396546 0.894495 -1.619097 1.570796 0.400000 189.000000
7.750000 0.423423 1.470588 -1.658552 1.570796 0.400000 189.000000
8.000000 0.451181 1.117021 -1.848500 1.570796 0.400000 189.000000
8.250000 0.479821 0.500000 0.328614 1.570796 0.400000 189.000000
8.500000 0.509341 0.500000 1.393933 1.570796 0.400000 189.000000
8.750000 0.539743 0.900000 -1.770744 1.570796 0.400000 189.000000
9.000000 0.571026 0.508929 2.239487 1.570796 0.400000 189.000000
9.250000 0.603190 0.509434 2.335660 1.570796 0.400000 189.000000
9.500000 0.636236 0.507519 2.200083 1.570796 0.400000 189.000000
9.750000 0.670163 0.500000 2.880855 1.570796 0.400000 189.000000
10.000000 0.704971 0.512048 3.190148 1.570796 0.400000 189.000000
10.250000 0.740660 0.500000 3.950944 1.570796 0.400000 189.000000
10.500000 0.777230 0.500000 4.242180 1.570796 0.400000 189.000000
10.750000 0.814682 0.513699 4.391188 1.570796 0.400000 189.000000
11.000000 0.853014 0.500000 4.482131 1.570796 0.400000 189.000000
11.250000 0.892228 0.520833 4.409883 1.570796 0.400000 189.000000
11.500000 0.932324 0.510204 4.283547 1.570796 0.400000 189.000000
11.750000 0.973300 0.500000 4.068904 1.570796 0.400000 189.000000
12.000000 1.015158 0.500000 3.700318 1.570796 0.400000 189.000000
12.250000 1.057896 0.507812 3.172252 1.570796 0.400000 189.000000
12.500000 1.101516 0.507968 2.432423 1.570796 0.400000 189.000000
12.750000 1.146018 0.500000 1.286957 1.570796 0.400000 189.000000
13.000000 1.191400 0.494505 -2.498078 1.570796 0.400000 189.000000
13.250000 1.237664 0.547753 -1.364827 1.570796 0.400000 189.000000
13.500000 1.284809 0.576923 -1.288904 1.570796 0.400000 189.000000
13.750000 1.332835 0.522388 -1.165397 1.570796 0.400000 189.000000
14.000000 1.381742 0.558511 -1.464943 1.570796 0.400000 189.000000
14.250000 1.431531 0.535714 -1.294249 1.570796 0.400000 189.000000
14.500000 1.482201 0.587349 -1.483764 1.570796 0.400000 189.000000
14.750000 1.533752 0.634328 -1.524721 1.570796 0.400000 189.000000
15.000000 1.586184 0.627615 -1.703905 1.570796 0.400000 189.000000
15.250000 1.639497 1.000000 0.711746 4.712389 0.400000 189.000000
15.500000 1.693692 1.000000 2.730199 4.712389 0.400000 189.000000
15.750000 1.748768 1.000000 3.785403 4.712389 0.400000 189.000000
16.000000 1.804725 0.611111 7.159937 3.141593 0.400000 189.000000
16.250000 1.861563 0.509709 9.798259 3.141593 0.400000 189.000000
16.500000 1.919282 0.529412 11.466345 3.141593 0.400000 189.000000
16.750000 1.977883 0.500000 12.827746 3.141593 0.400000 189.000000
17.000000 2.037365 0.500000 13.867736 3.141593 0.400000 189.000000
17.250000 2.097728 0.500000 15.000958 3.141593 0.400000 189.000000
17.500000 2.158972 0.500000 15.926797 3.141593 0.400000 189.000000
17.750000 2.221098 0.555556 16.742741 3.141593 0.400000 189.000000
18.000000 2.284105 0.500000 17.722563 3.141593 0.400000 189.000000
18.250000 2.347993 0.535714 18.408082 3.141593 0.400000 189.000000
18.500000 2.412762 0.562500 19.136395 3.141593 0.400000 189.000000
18.750000 2.478412 0.576923 19.934906 3.141593 0.400000 189.000000
19.000000 2.544944 0.592105 20.643334 3.141593 0.400000 189.000000
