6.000000 0.253789 1.875000 -1.733462 1.570796 0.400000 491.000000
6.250000 0.275379 1.807229 -1.723170 1.570796 0.400000 491.000000
6.500000 0.297850 1.448864 -1.621720 1.570796 0.400000 491.000000
6.750000 0.321202 1.750000 -1.747450 1.570796 0.400000 491.000000
7.000000 0.345436 1.465517 -1.737916 1.570796 0.400000 491.000000
7.250000 0.370550 1.546392 -1.694400 1.570796 0.400000 491.000000
7.500000 0.396546 1.456311 -1.705602 1.570796 0.400000 491.000000
7.750000 0.423423 1.442308 -1.788062 1.570796 0.400000 491.000000
8.000000 0.451181 1.165049 -1.488227 1.570796 0.400000 491.000000
8.250000 0.479821 0.540541 -1.911024 1.570796 0.400000 491.000000
8.500000 0.509341 0.500000 0.730413 1.570796 0.400000 491.000000
8.750000 0.539743 0.500000 1.712365 1.570796 0.400000 491.000000
9.000000 0.571026 0.504808 2.264957 1.570796 0.400000 491.000000
9.250000 0.603190 0.500000 2.590555 1.570796 0.400000 491.000000
9.500000 0.636236 0.500000 2.708441 1.570796 0.400000 491.000000
9.750000 0.670163 0.509050 2.729086 1.570796 0.400000 491.000000
10.000000 0.704971 0.511364 2.839352 1.570796 0.400000 491.000000
10.250000 0.740660 0.502577 3.693449 1.570796 0.400000 491.000000
10.500000 0.777230 0.500000 4.273134 1.570796 0.400000 491.000000
10.750000 0.814682 0.500000 4.558351 1.570796 0.400000 491.000000
11.000000 0.853014 0.520833 4.689591 1.570796 0.400000 491.000000
11.250000 0.892228 0.500000 4.764933 1.570796 0.400000 491.000000
11.500000 0.932324 0.500000 4.731935 1.570796 0.400000 491.000000
11.750000 0.973300 0.510204 4.565234 1.570796 0.400000 491.000000
12.000000 1.015158 0.513699 4.335249 1.570796 0.400000 491.000000
12.250000 1.057896 0.512422 3.981923 1.570796 0.400000 491.000000
12.500000 1.101516 0.500000 3.488143 1.570796 0.400000 491.000000
12.750000 1.146018 0.500000 2.810207 1.570796 0.400000 491.000000
13.000000 1.191400 0.500000 1.806877 1.570796 0.400000 491.000000
13.250000 1.237664 0.500000 -0.289287 1.570796 0.400000 491.000000
13.500000 1.284809 0.576923 -1.001071 1.570796 0.400000 491.000000
13.750000 1.332835 0.535714 -1.277890 1.570796 0.400000 491.000000
14.000000 1.381742 0.632530 -1.636790 1.570796 0.400000 491.000000
14.250000 1.431531 0.604839 -1.504608 1.570796 0.400000 491.000000
14.500000 1.482201 0.688776 -1.404394 1.570796 0.400000 491.000000
14.750000 1.533752 0.688776 -1.531110 1.570796 0.400000 491.000000
15.000000 1.586184 0.665888 -1.627361 1.570796 0.400000 491.000000
15.250000 1.639497 0.658996 -1.617726 1.570796 0.400000 491.000000
15.500000 1.693692 1.000000 1.391415 4.712389 0.400000 491.000000
15.750000 1.748768 1.000000 3.021260 4.712389 0.400000 491.000000
16.000000 1.804725 1.000000 4.036611 4.712389 0.400000 491.000000
16.250000 1.861563 0.600000 5.915558 3.141593 0.400000 491.000000
16.500000 1.919282 0.527344 8.385554 3.141593 0.400000 491.000000
16.750000 1.977883 0.495283 10.746133 3.141593 0.400000 491.000000
17.000000 2.037365 0.500000 12.293702 3.141593 0.400000 491.000000
17.250000 2.097728 0.500000 13.672714 3.141593 0.400000 491.000000
17.500000 2.158972 0.517241 14.977599 3.141593 0.400000 491.000000
17.750000 2.221098 0.517241 16.113539 3.141593 0.400000 491.000000
18.000000 2.284105 0.500000 17.240145 3.141593 0.400000 491.000000
18.250000 2.347993 0.562500 18.044220 3.141593 0.400000 491.000000
18.500000 2.412762 0.608108 19.175594 3.141593 0.400000 491.000000
18.750000 2.478412 0.500000 20.021261 3.141593 0.400000 491.000000
19.000000 2.544944 0.500000 20.682286 3.141593 0.400000 491.000000
