6.000000 0.253789 1.203704 -1.718033 1.570796 0.400000 593.000000
6.250000 0.275379 1.218750 -1.704819 1.570796 0.400000 593.000000
6.500000 0.297850 1.034483 -1.691274 1.570796 0.400000 593.000000
6.750000 0.321202 1.379310 -1.688738 1.570796 0.400000 593.000000
7.000000 0.345436 1.058824 -1.752390 1.570796 0.400000 593.000000
7.250000 0.370550 0.978261 -1.617258 1.570796 0.400000 593.000000
7.500000 0.396546 1.147959 -1.746621 1.570796 0.400000 593.000000
7.750000 0.423423 0.937500 -1.604680 1.570796 0.400000 593.000000
8.000000 0.451181 1.153846 -1.381817 1.570796 0.400000 593.000000
8.250000 0.479821 0.530303 -2.322311 1.570796 0.400000 593.000000
8.500000 0.509341 0.500000 0.556333 1.570796 0.400000 593.000000
8.750000 0.539743 0.500000 1.641076 1.570796 0.400000 593.000000
9.000000 0.571026 0.500000 2.240603 1.570796 0.400000 593.000000
9.250000 0.603190 0.500000 2.598650 1.570796 0.400000 593.000000
9.500000 0.636236 0.509050 2.774166 1.570796 0.400000 593.000000
9.750000 0.670163 0.500000 2.804247 1.570796 0.400000 593.000000
10.000000 0.704971 0.512195 2.686774 1.570796 0.400000 593.000000
10.250000 0.740660 0.517241 3.211830 1.570796 0.400000 593.000000
10.500000 0.777230 0.502793 4.090948 1.570796 0.400000 593.000000
10.750000 0.814682 0.503049 4.533274 1.570796 0.400000 593.000000
11.000000 0.853014 0.518868 4.732079 1.570796 0.400000 593.000000
11.250000 0.892228 0.518868 4.806866 1.570796 0.400000 593.000000
11.500000 0.932324 0.515625 4.787289 1.570796 0.400000 593.000000
11.750000 0.973300 0.500000 4.679882 1.570796 0.400000 593.000000
12.000000 1.015158 0.500000 4.485387 1.570796 0.400000 593.000000
12.250000 1.057896 0.500000 4.160913 1.570796 0.400000 593.000000
12.500000 1.101516 0.500000 3.696483 1.570796 0.400000 593.000000
12.750000 1.146018 0.507968 3.073864 1.570796 0.400000 593.000000
13.000000 1.191400 0.504386 2.191697 1.570796 0.400000 593.000000
13.250000 1.237664 0.500000 0.679619 1.570796 0.400000 593.000000
13.500000 1.284809 0.576923 -1.032494 1.570796 0.400000 593.000000
13.750000 1.332835 0.576923 -1.497665 1.570796 0.400000 593.000000
14.000000 1.381742 0.754190 -1.627059 1.570796 0.400000 593.000000
14.250000 1.431531 0.652174 -1.513413 1.570796 0.400000 593.000000
14.500000 1.482201 0.757979 -1.652656 1.570796 0.400000 593.000000
14.750000 1.533752 0.738342 -1.434329 1.570796 0.400000 593.000000
15.000000 1.586184 0.645933 -1.639517 1.570796 0.400000 593.000000
15.250000 1.639497 0.789474 -1.801761 4.712389 0.400000 593.000000
15.500000 1.693692 1.000000 1.194917 4.712389 0.400000 593.000000
15.750000 1.748768 1.000000 3.169977 4.712389 0.400000 593.000000
16.000000 1.804725 1.000000 4.203645 4.712389 0.400000 593.000000
16.250000 1.861563 0.750000 6.062737 3.141593 0.400000 593.000000
16.500000 1.919282 0.517241 9.662370 3.141593 0.400000 593.000000
16.750000 1.977883 0.500000 11.371153 3.141593 0.400000 593.000000
17.000000 2.037365 0.500000 12.732415 3.141593 0.400000 593.000000
17.250000 2.097728 0.520833 13.960669 3.141593 0.400000 593.000000
17.500000 2.158972 0.535714 15.040025 3.141593 0.400000 593.000000
17.750000 2.221098 0.526316 16.191757 3.141593 0.400000 593.000000
18.000000 2.284105 0.500000 17.296845 3.141593 0.400000 593.000000
18.250000 2.347993 0.548780 18.079987 3.141593 0.400000 593.000000
18.500000 2.412762 0.592105 19.151549 3.141593 0.400000 593.000000
18.750000 2.478412 0.500000 20.044394 3.141593 0.400000 593.000000
19.000000 2.544944 0.500000 20.879169 3.141593 0.400000 593.000000
