6.000000 0.253789 1.034483 -1.651869 1.570796 0.400000 910.000000
6.250000 0.275379 1.022727 -1.654306 1.570796 0.400000 910.000000
6.500000 0.297850 1.046512 -1.693535 1.570796 0.400000 910.000000
6.750000 0.321202 1.071429 -1.765686 1.570796 0.400000 910.000000
7.000000 0.345436 0.957447 -1.719877 1.570796 0.400000 910.000000
7.250000 0.370550 0.928571 -1.650813 1.570796 0.400000 910.000000
7.500000 0.396546 0.937500 -1.682288 1.570796 0.400000 910.000000
7.750000 0.423423 0.891089 -1.708930 1.570796 0.400000 910.000000
8.000000 0.451181 0.649606 -1.184310 1.570796 0.400000 910.000000
8.250000 0.479821 0.500000 0.960878 1.570796 0.400000 910.000000
8.500000 0.509341 0.500000 1.641157 1.570796 0.400000 910.000000
8.750000 0.539743 0.500000 2.002920 1.570796 0.400000 910.000000
9.000000 0.571026 0.506757 2.072765 1.570796 0.400000 910.000000
9.250000 0.603190 0.500000 2.069524 1.570796 0.400000 910.000000
9.500000 0.636236 0.500000 2.726307 1.570796 0.400000 910.000000
9.750000 0.670163 0.500000 3.221707 1.570796 0.400000 910.000000
10.000000 0.704971 0.500000 3.552203 1.570796 0.400000 910.000000
10.250000 0.740660 0.506135 3.727811 1.570796 0.400000 910.000000
10.500000 0.777230 0.512422 3.773327 1.570796 0.400000 910.000000
10.750000 0.814682 0.509259 3.716647 1.570796 0.400000 910.000000
11.000000 0.853014 0.500000 3.555555 1.570796 0.400000 910.000000
11.250000 0.892228 0.500000 3.255256 1.570796 0.400000 910.000000
11.500000 0.932324 0.507246 2.781475 1.570796 0.400000 910.000000
11.750000 0.973300 0.505319 2.082164 1.570796 0.400000 910.000000
12.000000 1.015158 0.500000 0.938588 1.570796 0.400000 910.000000
12.250000 1.057896 0.477707 -2.975972 1.570796 0.400000 910.000000
12.500000 1.101516 0.539216 -1.330489 1.570796 0.400000 910.000000
12.750000 1.146018 0.494505 -1.312343 1.570796 0.400000 910.000000
13.000000 1.191400 0.538462 -1.171366 1.570796 0.400000 910.000000
13.250000 1.237664 0.532787 -1.451219 1.570796 0.400000 910.000000
13.500000 1.284809 0.494924 -1.378646 1.570796 0.400000 910.000000
13.750000 1.332835 0.494012 -1.486335 1.570796 0.400000 910.000000
14.000000 1.381742 0.538462 -1.373524 1.570796 0.400000 910.000000
14.250000 1.431531 0.507812 -1.547014 1.570796 0.400000 910.000000
14.500000 1.482201 0.520833 -1.464070 1.570796 0.400000 910.000000
14.750000 1.533752 0.535714 -1.504234 1.570796 0.400000 910.000000
15.000000 1.586184 0.544872 -1.436963 1.570796 0.400000 910.000000
15.250000 1.639497 0.498555 2.367066 3.141593 0.400000 910.000000
15.500000 1.693692 0.587349 4.836870 3.141593 0.400000 910.000000
15.750000 1.748768 0.551471 6.885267 3.141593 0.400000 910.000000
16.000000 1.804725 0.500000 8.733751 3.141593 0.400000 910.000000
16.250000 1.861563 0.509709 10.388346 3.141593 0.400000 910.000000
16.500000 1.919282 0.523256 11.722948 3.141593 0.400000 910.000000
16.750000 1.977883 0.517241 13.069975 3.141593 0.400000 910.000000
17.000000 2.037365 0.500000 14.280547 3.141593 0.400000 910.000000
17.250000 2.097728 0.535714 14.769661 3.141593 0.400000 910.000000
17.500000 2.158972 0.535714 15.227658 3.141593 0.400000 910.000000
17.750000 2.221098 0.545455 16.069166 3.141593 0.400000 910.000000
18.000000 2.284105 0.526316 17.105693 3.141593 0.400000 910.000000
18.250000 2.347993 0.566038 18.132032 3.141593 0.400000 910.000000
18.500000 2.412762 0.500000 19.179865 3.141593 0.400000 910.000000
18.750000 2.478412 0.535714 19.911472 3.141593 0.400000 910.000000
19.000000 2.544944 0.562500 20.679257 3.141593 0.400000 910.000000
