6.000000 0.253789 1.569767 -1.671769 1.570796 0.400000 492.000000
6.250000 0.275379 1.517857 -1.731562 1.570796 0.400000 492.000000
6.500000 0.297850 1.436170 -1.655965 1.570796 0.400000 492.000000
6.750000 0.321202 1.465517 -1.704815 1.570796 0.400000 492.000000
7.000000 0.345436 1.401099 -1.696798 1.570796 0.400000 492.000000
7.250000 0.370550 1.209677 -1.677384 1.570796 0.400000 492.000000
7.500000 0.396546 1.169725 -1.572489 1.570796 0.400000 492.000000
7.750000 0.423423 1.188119 -1.646224 1.570796 0.400000 492.000000
8.000000 0.451181 1.222826 -1.573579 1.570796 0.400000 492.000000
8.250000 0.479821 0.606618 -1.068842 1.570796 0.400000 492.000000
8.500000 0.509341 0.500000 0.224195 1.570796 0.400000 492.000000
8.750000 0.539743 0.500000 1.517438 1.570796 0.400000 492.000000
9.000000 0.571026 0.508475 2.188743 1.570796 0.400000 492.000000
9.250000 0.603190 0.500000 2.583753 1.570796 0.400000 492.000000
9.500000 0.636236 0.511364 2.755806 1.570796 0.400000 492.000000
9.750000 0.670163 0.500000 2.898834 1.570796 0.400000 492.000000
10.000000 0.704971 0.509709 2.915003 1.570796 0.400000 492.000000
10.250000 0.740660 0.511364 3.746450 1.570796 0.400000 492.000000
10.500000 0.777230 0.518868 4.172695 1.570796 0.400000 492.000000
10.750000 0.814682 0.500000 4.394190 1.570796 0.400000 492.000000
11.000000 0.853014 0.513699 4.463174 1.570796 0.400000 492.000000
11.250000 0.892228 0.500000 4.446972 1.570796 0.400000 492.000000
11.500000 0.932324 0.517241 4.314650 1.570796 0.400000 492.000000
11.750000 0.973300 0.515625 4.072525 1.570796 0.400000 492.000000
12.000000 1.015158 0.514286 3.721463 1.570796 0.400000 492.000000
12.250000 1.057896 0.500000 3.240363 1.570796 0.400000 492.000000
12.500000 1.101516 0.507968 2.511008 1.570796 0.400000 492.000000
12.750000 1.146018 0.500000 1.416828 1.570796 0.400000 492.000000
13.000000 1.191400 0.497630 -1.900347 1.570796 0.400000 492.000000
13.250000 1.237664 0.520231 -1.175056 1.570796 0.400000 492.000000
13.500000 1.284809 0.541667 -1.268709 1.570796 0.400000 492.000000
13.750000 1.332835 0.473684 -1.161854 1.570796 0.400000 492.000000
14.000000 1.381742 0.535714 -1.363903 1.570796 0.400000 492.000000
14.250000 1.431531 0.500000 -1.439406 1.570796 0.400000 492.000000
14.500000 1.482201 0.525701 -1.190374 1.570796 0.400000 492.000000
14.750000 1.533752 0.445205 -1.441160 1.570796 0.400000 492.000000
15.000000 1.586184 0.535714 -1.472128 1.570796 0.400000 492.000000
15.250000 1.639497 0.816532 -1.495315 1.570796 0.400000 492.000000
15.500000 1.693692 1.000000 1.632881 4.712389 0.400000 492.000000
15.750000 1.748768 1.000000 3.281620 4.712389 0.400000 492.000000
16.000000 1.804725 0.727273 4.632107 3.141593 0.400000 492.000000
16.250000 1.861563 0.500000 7.230489 3.141593 0.400000 492.000000
16.500000 1.919282 0.500000 9.425511 3.141593 0.400000 492.000000
16.750000 1.977883 0.514706 11.203204 3.141593 0.400000 492.000000
17.000000 2.037365 0.500000 12.691756 3.141593 0.400000 492.000000
17.250000 2.097728 0.548780 14.240689 3.141593 0.400000 492.000000
17.500000 2.158972 0.513699 15.344810 3.141593 0.400000 492.000000
17.750000 2.221098 0.526316 16.330137 3.141593 0.400000 492.000000
18.000000 2.284105 0.517241 17.358368 3.141593 0.400000 492.000000
18.250000 2.347993 0.576923 18.313476 3.141593 0.400000 492.000000
18.500000 2.412762 0.500000 19.269666 3.141593 0.400000 492.000000
18.750000 2.478412 0.535714 19.975925 3.141593 0.400000 492.000000
19.000000 2.544944 0.562500 20.709302 3.141593 0.400000 492.000000
