6.000000 0.253789 1.193182 -1.645208 1.570796 0.400000 827.000000
6.250000 0.275379 1.278409 -1.679654 1.570796 0.400000 827.000000
6.500000 0.297850 1.264045 -1.721051 1.570796 0.400000 827.000000
6.750000 0.321202 1.209677 -1.729828 1.570796 0.400000 827.000000
7.000000 0.345436 1.263158 -1.705537 1.570796 0.400000 827.000000
7.250000 0.370550 1.060606 -1.768468 1.570796 0.400000 827.000000
7.500000 0.396546 1.061321 -1.526357 1.570796 0.400000 827.000000
7.750000 0.423423 0.525000 -1.644376 1.570796 0.400000 827.000000
8.000000 0.451181 0.500000 0.533145 1.570796 0.400000 827.000000
8.250000 0.479821 0.500000 1.340210 1.570796 0.400000 827.000000
8.500000 0.509341 0.500000 1.744191 1.570796 0.400000 827.000000
8.750000 0.539743 0.500000 1.918787 1.570796 0.400000 827.000000
9.000000 0.571026 0.506757 1.881491 1.570796 0.400000 827.000000
9.250000 0.603190 0.500000 1.657559 1.570796 0.400000 827.000000
9.500000 0.636236 0.500000 1.139213 1.570796 0.400000 827.000000
9.750000 0.670163 0.500000 2.031936 1.570796 0.400000 827.000000
10.000000 0.704971 0.500000 3.080195 1.570796 0.400000 827.000000
10.250000 0.740660 0.500000 3.798183 1.570796 0.400000 827.000000
10.500000 0.777230 0.500000 4.335500 1.570796 0.400000 827.000000
10.750000 0.814682 0.500000 4.720088 1.570796 0.400000 827.000000
11.000000 0.853014 0.519231 4.994169 1.570796 0.400000 827.000000
11.250000 0.892228 0.519231 5.169602 1.570796 0.400000 827.000000
11.500000 0.932324 0.500000 5.304948 1.570796 0.400000 827.000000
11.750000 0.973300 0.500000 5.315438 1.570796 0.400000 827.000000
12.000000 1.015158 0.519231 5.199144 1.570796 0.400000 827.000000
12.250000 1.057896 0.500000 5.060479 1.570796 0.400000 827.000000
12.500000 1.101516 0.500000 4.833685 1.570796 0.400000 827.000000
12.750000 1.146018 0.513699 4.454852 1.570796 0.400000 827.000000
13.000000 1.191400 0.500000 3.997950 1.570796 0.400000 827.000000
13.250000 1.237664 0.509709 3.330239 1.570796 0.400000 827.000000
13.500000 1.284809 0.505618 2.439559 1.570796 0.400000 827.000000
13.750000 1.332835 0.500000 0.993348 1.570796 0.400000 827.000000
14.000000 1.381742 0.500000 -0.161591 1.570796 0.400000 827.000000
14.250000 1.431531 0.497788 -1.144150 1.570796 0.400000 827.000000
14.500000 1.482201 0.561497 -1.620570 1.570796 0.400000 827.000000
14.750000 1.533752 0.563380 -1.561491 1.570796 0.400000 827.000000
15.000000 1.586184 0.597345 -1.499147 1.570796 0.400000 827.000000
15.250000 1.639497 1.000000 0.291366 4.712389 0.400000 827.000000
15.500000 1.693692 0.996094 2.563182 4.712389 0.400000 827.000000
15.750000 1.748768 0.877660 4.058087 3.141593 0.400000 827.000000
16.000000 1.804725 0.660377 5.968842 3.141593 0.400000 827.000000
16.250000 1.861563 0.500000 8.295592 3.141593 0.400000 827.000000
16.500000 1.919282 0.519802 10.919573 3.141593 0.400000 827.000000
16.750000 1.977883 0.529412 12.353268 3.141593 0.400000 827.000000
17.000000 2.037365 0.500000 13.471056 3.141593 0.400000 827.000000
17.250000 2.097728 0.500000 14.653841 3.141593 0.400000 827.000000
17.500000 2.158972 0.500000 15.566382 3.141593 0.400000 827.000000
17.750000 2.221098 0.500000 16.729430 3.141593 0.400000 827.000000
18.000000 2.284105 0.535714 17.451361 3.141593 0.400000 827.000000
18.250000 2.347993 0.562500 18.272182 3.141593 0.400000 827.000000
18.500000 2.412762 0.592105 19.223229 3.141593 0.400000 827.000000
18.750000 2.478412 0.500000 20.010072 3.141593 0.400000 827.000000
19.000000 2.544944 0.500000 20.764841 3.141593 0.400000 827.000000
