6.000000 0.253789 0.865385 -1.689794 1.570796 0.400000 294.000000
6.250000 0.275379 1.097561 -1.704437 1.570796 0.400000 294.000000
6.500000 0.297850 0.872093 -1.662349 1.570796 0.400000 294.000000
6.750000 0.321202 0.877660 -1.664104 1.570796 0.400000 294.000000
7.000000 0.345436 0.892857 -1.687560 1.570796 0.400000 294.000000
7.250000 0.370550 0.773196 -1.530217 1.570796 0.400000 294.000000
7.500000 0.396546 0.765306 -1.682601 1.570796 0.400000 294.000000
7.750000 0.423423 0.773196 -1.894848 1.570796 0.400000 294.000000
8.000000 0.451181 0.825688 -1.101483 1.570796 0.400000 294.000000
8.250000 0.479821 0.507519 -1.593591 1.570796 0.400000 294.000000
8.500000 0.509341 0.500000 0.906815 1.570796 0.400000 294.000000
8.750000 0.539743 0.500000 1.777822 1.570796 0.400000 294.000000
9.000000 0.571026 0.498555 2.265629 1.570796 0.400000 294.000000
9.250000 0.603190 0.500000 2.545810 1.570796 0.400000 294.000000
9.500000 0.636236 0.506757 2.664930 1.570796 0.400000 294.000000
9.750000 0.670163 0.500000 2.627301 1.570796 0.400000 294.000000
10.000000 0.704971 0.502392 2.686079 1.570796 0.400000 294.000000
10.250000 0.740660 0.502577 3.372745 1.570796 0.400000 294.000000
10.500000 0.777230 0.500000 3.782919 1.570796 0.400000 294.000000
10.750000 0.814682 0.513158 3.872437 1.570796 0.400000 294.000000
11.000000 0.853014 0.513158 3.773131 1.570796 0.400000 294.000000
11.250000 0.892228 0.514706 3.536752 1.570796 0.400000 294.000000
11.500000 0.932324 0.508475 3.164938 1.570796 0.400000 294.000000
11.750000 0.973300 0.500000 2.614439 1.570796 0.400000 294.000000
12.000000 1.015158 0.500000 1.779099 1.570796 0.400000 294.000000
12.250000 1.057896 0.500000 0.207627 1.570796 0.400000 294.000000
12.500000 1.101516 0.511364 -1.314545 1.570796 0.400000 294.000000
12.750000 1.146018 0.502793 -1.375581 1.570796 0.400000 294.000000
13.000000 1.191400 0.479651 -1.455627 1.570796 0.400000 294.000000
13.250000 1.237664 0.506135 -1.554350 1.570796 0.400000 294.000000
13.500000 1.284809 0.538674 -1.404121 1.570796 0.400000 294.000000
13.750000 1.332835 0.535714 -1.694956 1.570796 0.400000 294.000000
14.000000 1.381742 0.522541 -0.955636 1.570796 0.400000 294.000000
14.250000 1.431531 0.555556 -1.389252 1.570796 0.400000 294.000000
14.500000 1.482201 0.490654 -1.223015 1.570796 0.400000 294.000000
14.750000 1.533752 0.615942 -1.497165 1.570796 0.400000 294.000000
15.000000 1.586184 0.564159 -1.539005 1.570796 0.400000 294.000000
15.250000 1.639497 0.501453 1.534417 3.141593 0.400000 294.000000
15.500000 1.693692 0.496988 5.027142 3.141593 0.400000 294.000000
15.750000 1.748768 0.500000 7.018414 3.141593 0.400000 294.000000
16.000000 1.804725 0.514706 8.665659 3.141593 0.400000 294.000000
16.250000 1.861563 0.519802 10.214299 3.141593 0.400000 294.000000
16.500000 1.919282 0.500000 11.532098 3.141593 0.400000 294.000000
16.750000 1.977883 0.495283 12.366252 3.141593 0.400000 294.000000
17.000000 2.037365 0.500000 14.077263 3.141593 0.400000 294.000000
17.250000 2.097728 0.500000 15.050255 3.141593 0.400000 294.000000
17.500000 2.158972 0.500000 16.001677 3.141593 0.400000 294.000000
17.750000 2.221098 0.576923 16.764929 3.141593 0.400000 294.000000
18.000000 2.284105 0.535714 17.411228 3.141593 0.400000 294.000000
18.250000 2.347993 0.500000 18.393246 3.141593 0.400000 294.000000
18.500000 2.412762 0.500000 19.098394 3.141593 0.400000 294.000000
18.750000 2.478412 0.548780 19.648240 3.141593 0.400000 294.000000
19.000000 2.544944 0.548780 20.338174 3.141593 0.400000 294.000000
