6.000000 0.253789 0.719178 -1.681130 1.570796 0.400000 954.000000
6.250000 0.275379 0.690789 -1.636271 1.570796 0.400000 954.000000
6.500000 0.297850 0.642857 -1.768542 1.570796 0.400000 954.000000
6.750000 0.321202 0.632530 -1.834759 1.570796 0.400000 954.000000
7.000000 0.345436 0.632530 -1.702023 1.570796 0.400000 954.000000
7.250000 0.370550 0.582524 -1.791608 1.570796 0.400000 954.000000
7.500000 0.396546 0.630841 -1.270594 1.570796 0.400000 954.000000
7.750000 0.423423 0.511364 -1.712295 1.570796 0.400000 954.000000
8.000000 0.451181 0.500000 0.496637 1.570796 0.400000 954.000000
8.250000 0.479821 0.500000 1.330131 1.570796 0.400000 954.000000
8.500000 0.509341 0.500000 1.747263 1.570796 0.400000 954.000000
8.750000 0.539743 0.500000 1.924771 1.570796 0.400000 954.000000
9.000000 0.571026 0.507117 1.905376 1.570796 0.400000 954.000000
9.250000 0.603190 0.501672 1.821625 1.570796 0.400000 954.000000
9.500000 0.636236 0.513308 2.637229 1.570796 0.400000 954.000000
9.750000 0.670163 0.500000 3.181009 1.570796 0.400000 954.000000
10.000000 0.704971 0.502232 3.409505 1.570796 0.400000 954.000000
10.250000 0.740660 0.502232 3.477327 1.570796 0.400000 954.000000
10.500000 0.777230 0.502092 3.424531 1.570796 0.400000 954.000000
10.750000 0.814682 0.504808 3.244882 1.570796 0.400000 954.000000
11.000000 0.853014 0.506757 2.923835 1.570796 0.400000 954.000000
11.250000 0.892228 0.504202 2.440846 1.570796 0.400000 954.000000
11.500000 0.932324 0.500000 1.698512 1.570796 0.400000 954.000000
11.750000 0.973300 0.441176 -1.563408 1.570796 0.400000 954.000000
12.000000 1.015158 0.377698 -1.774688 1.570796 0.400000 954.000000
12.250000 1.057896 0.471698 -1.569982 1.570796 0.400000 954.000000
12.500000 1.101516 0.425532 -1.674710 1.570796 0.400000 954.000000
12.750000 1.146018 0.456081 -1.571890 1.570796 0.400000 954.000000
13.000000 1.191400 0.542763 -1.669645 1.570796 0.400000 954.000000
13.250000 1.237664 0.375000 -1.560789 1.570796 0.400000 954.000000
13.500000 1.284809 0.377358 -1.540923 1.570796 0.400000 954.000000
13.750000 1.332835 0.370879 -1.406169 1.570796 0.400000 954.000000
14.000000 1.381742 0.439024 -1.481031 1.570796 0.400000 954.000000
14.250000 1.431531 0.522388 -1.190916 1.570796 0.400000 954.000000
14.500000 1.482201 0.366848 -1.641669 1.570796 0.400000 954.000000
14.750000 1.533752 0.552995 -1.584756 3.141593 0.400000 954.000000
15.000000 1.586184 0.500000 3.198190 3.141593 0.400000 954.000000
15.250000 1.639497 0.496689 5.523574 3.141593 0.400000 954.000000
15.500000 1.693692 0.551471 6.953282 3.141593 0.400000 954.000000
15.750000 1.748768 0.695364 6.796767 3.141593 0.400000 954.000000
16.000000 1.804725 0.495283 9.985389 3.141593 0.400000 954.000000
16.250000 1.861563 0.517241 11.368530 3.141593 0.400000 954.000000
16.500000 1.919282 0.529412 12.576771 3.141593 0.400000 954.000000
16.750000 1.977883 0.543478 13.599847 3.141593 0.400000 954.000000
17.000000 2.037365 0.528169 14.492498 3.141593 0.400000 954.000000
17.250000 2.097728 0.517241 15.295408 3.141593 0.400000 954.000000
17.500000 2.158972 0.500000 15.914091 3.141593 0.400000 954.000000
17.750000 2.221098 0.535714 16.507518 3.141593 0.400000 954.000000
18.000000 2.284105 0.500000 17.484554 3.141593 0.400000 954.000000
18.250000 2.347993 0.500000 18.178513 3.141593 0.400000 954.000000
18.500000 2.412762 0.535714 18.904312 3.141593 0.400000 954.000000
18.750000 2.478412 0.548780 19.557719 3.141593 0.400000 954.000000
19.000000 2.544944 0.562500 20.213257 3.141593 0.400000 954.000000
