6.000000 0.253789 1.411765 -1.604059 1.570796 0.400000 876.000000
6.250000 0.275379 1.467391 -1.615628 1.570796 0.400000 876.000000
6.500000 0.297850 1.348315 -1.704198 1.570796 0.400000 876.000000
6.750000 0.321202 1.562500 -1.556487 1.570796 0.400000 876.000000
7.000000 0.345436 1.129032 -1.786970 1.570796 0.400000 876.000000
7.250000 0.370550 0.500000 -0.392679 1.570796 0.400000 876.000000
7.500000 0.396546 0.500000 0.675822 1.570796 0.400000 876.000000
7.750000 0.423423 1.214286 -1.365319 1.570796 0.400000 876.000000
8.000000 0.451181 0.500000 1.128475 1.570796 0.400000 876.000000
8.250000 0.479821 0.500000 0.926050 1.570796 0.400000 876.000000
8.500000 0.509341 0.500000 0.339835 1.570796 0.400000 876.000000
8.750000 0.539743 0.496324 -1.392327 1.570796 0.400000 876.000000
9.000000 0.571026 0.772059 -0.992701 1.570796 0.400000 876.000000
9.250000 0.603190 0.500000 -0.028932 1.570796 0.400000 876.000000
9.500000 0.636236 0.500000 1.878008 1.570796 0.400000 876.000000
9.750000 0.670163 0.511364 2.838070 1.570796 0.400000 876.000000
10.000000 0.704971 0.500000 3.492167 1.570796 0.400000 876.000000
10.250000 0.740660 0.511364 3.951826 1.570796 0.400000 876.000000
10.500000 0.777230 0.513699 4.275970 1.570796 0.400000 876.000000
10.750000 0.814682 0.520833 4.472610 1.570796 0.400000 876.000000
11.000000 0.853014 0.511364 4.595787 1.570796 0.400000 876.000000
11.250000 0.892228 0.515267 4.602838 1.570796 0.400000 876.000000
11.500000 0.932324 0.500000 4.524698 1.570796 0.400000 876.000000
11.750000 0.973300 0.513699 4.313878 1.570796 0.400000 876.000000
12.000000 1.015158 0.500000 4.053683 1.570796 0.400000 876.000000
12.250000 1.057896 0.514286 3.602265 1.570796 0.400000 876.000000
12.500000 1.101516 0.500000 3.020083 1.570796 0.400000 876.000000
12.750000 1.146018 0.507117 2.172201 1.570796 0.400000 876.000000
13.000000 1.191400 0.500000 0.743791 1.570796 0.400000 876.000000
13.250000 1.237664 0.564854 -0.308672 1.570796 0.400000 876.000000
13.500000 1.284809 0.464602 -1.161330 1.570796 0.400000 876.000000
13.750000 1.332835 0.558511 -1.505041 1.570796 0.400000 876.000000
14.000000 1.381742 0.546875 -1.215884 1.570796 0.400000 876.000000
14.250000 1.431531 0.573770 -1.502196 1.570796 0.400000 876.000000
14.500000 1.482201 0.548780 -1.508014 1.570796 0.400000 876.000000
14.750000 1.533752 0.584416 -1.561591 1.570796 0.400000 876.000000
15.000000 1.586184 0.500000 2.770405 3.141593 0.400000 876.000000
15.250000 1.639497 0.497238 5.121519 3.141593 0.400000 876.000000
15.500000 1.693692 0.645695 5.943943 3.141593 0.400000 876.000000
15.750000 1.748768 0.704698 6.589793 3.141593 0.400000 876.000000
16.000000 1.804725 0.523256 8.342087 3.141593 0.400000 876.000000
16.250000 1.861563 0.495283 10.362133 3.141593 0.400000 876.000000
16.500000 1.919282 0.500000 12.293858 3.141593 0.400000 876.000000
16.750000 1.977883 0.517241 13.428689 3.141593 0.400000 876.000000
17.000000 2.037365 0.528169 13.862120 3.141593 0.400000 876.000000
17.250000 2.097728 0.535714 14.553701 3.141593 0.400000 876.000000
17.500000 2.158972 0.545455 15.366070 3.141593 0.400000 876.000000
17.750000 2.221098 0.535714 16.312837 3.141593 0.400000 876.000000
18.000000 2.284105 0.500000 17.386032 3.141593 0.400000 876.000000
18.250000 2.347993 0.523256 18.219432 3.141593 0.400000 876.000000
18.500000 2.412762 0.548780 18.919617 3.141593 0.400000 876.000000
18.750000 2.478412 0.576923 19.796503 3.141593 0.400000 876.000000
19.000000 2.544944 0.576923 20.676432 3.141593 0.400000 876.000000
