6.000000 0.253789 1.424051 -1.768743 1.570796 0.400000 298.000000
6.250000 0.275379 1.125000 -1.774020 1.570796 0.400000 298.000000
6.500000 0.297850 1.133721 -1.767046 1.570796 0.400000 298.000000
6.750000 0.321202 1.179775 -1.754944 1.570796 0.400000 298.000000
7.000000 0.345436 1.534091 -1.787824 1.570796 0.400000 298.000000
7.250000 0.370550 1.141304 -1.842490 1.570796 0.400000 298.000000
7.500000 0.396546 1.125000 -1.680854 1.570796 0.400000 298.000000
7.750000 0.423423 1.179775 -1.809328 1.570796 0.400000 298.000000
8.000000 0.451181 0.946602 -1.798344 1.570796 0.400000 298.000000
8.250000 0.479821 0.796460 -1.585751 1.570796 0.400000 298.000000
8.500000 0.509341 0.545455 -2.206563 1.570796 0.400000 298.000000
8.750000 0.539743 0.500000 0.785707 1.570796 0.400000 298.000000
9.000000 0.571026 0.508475 1.868995 1.570796 0.400000 298.000000
9.250000 0.603190 0.500000 2.475878 1.570796 0.400000 298.000000
9.500000 0.636236 0.510638 2.864881 1.570796 0.400000 298.000000
9.750000 0.670163 0.500000 3.132088 1.570796 0.400000 298.000000
10.000000 0.704971 0.500000 3.228458 1.570796 0.400000 298.000000
10.250000 0.740660 0.500000 3.277599 1.570796 0.400000 298.000000
10.500000 0.777230 0.514286 3.457024 1.570796 0.400000 298.000000
10.750000 0.814682 0.508475 3.721510 1.570796 0.400000 298.000000
11.000000 0.853014 0.500000 3.925748 1.570796 0.400000 298.000000
11.250000 0.892228 0.511364 3.898683 1.570796 0.400000 298.000000
11.500000 0.932324 0.515873 3.680336 1.570796 0.400000 298.000000
11.750000 0.973300 0.511364 3.281688 1.570796 0.400000 298.000000
12.000000 1.015158 0.505618 2.707827 1.570796 0.400000 298.000000
12.250000 1.057896 0.500000 1.848613 1.570796 0.400000 298.000000
12.500000 1.101516 0.500000 0.246412 1.570796 0.400000 298.000000
12.750000 1.146018 0.573980 -1.026181 1.570796 0.400000 298.000000
13.000000 1.191400 0.637255 -1.886123 1.570796 0.400000 298.000000
13.250000 1.237664 0.628743 -1.574913 1.570796 0.400000 298.000000
13.500000 1.284809 0.666667 -1.468898 1.570796 0.400000 298.000000
13.750000 1.332835 0.693642 -1.575995 1.570796 0.400000 298.000000
14.000000 1.381742 0.625000 -1.535531 1.570796 0.400000 298.000000
14.250000 1.431531 0.492424 -1.412368 1.570796 0.400000 298.000000
14.500000 1.482201 0.526316 -1.077813 1.570796 0.400000 298.000000
14.750000 1.533752 0.500000 -1.570210 1.570796 0.400000 298.000000
15.000000 1.586184 0.789474 -1.504218 1.570796 0.400000 298.000000
15.250000 1.639497 0.836910 -2.040992 4.712389 0.400000 298.000000
15.500000 1.693692 1.000000 2.000945 4.712389 0.400000 298.000000
15.750000 1.748768 1.000000 3.216480 4.712389 0.400000 298.000000
16.000000 1.804725 0.844371 5.137279 3.141593 0.400000 298.000000
16.250000 1.861563 0.590551 7.894493 3.141593 0.400000 298.000000
16.500000 1.919282 0.495283 10.176614 3.141593 0.400000 298.000000
16.750000 1.977883 0.535714 12.115280 3.141593 0.400000 298.000000
17.000000 2.037365 0.500000 13.559672 3.141593 0.400000 298.000000
17.250000 2.097728 0.500000 14.424755 3.141593 0.400000 298.000000
17.500000 2.158972 0.500000 15.242155 3.141593 0.400000 298.000000
17.750000 2.221098 0.500000 16.088852 3.141593 0.400000 298.000000
18.000000 2.284105 0.555556 17.048862 3.141593 0.400000 298.000000
18.250000 2.347993 0.535714 17.956929 3.141593 0.400000 298.000000
18.500000 2.412762 0.562500 18.900922 3.141593 0.400000 298.000000
18.750000 2.478412 0.592105 19.973044 3.141593 0.400000 298.000000
19.000000 2.544944 0.500000 20.841112 3.141593 0.400000 298.000000
