6.000000 0.253789 0.949367 -1.714233 1.570796 0.400000 950.000000
6.250000 0.275379 0.813253 -1.711388 1.570796 0.400000 950.000000
6.500000 0.297850 0.872093 -1.742902 1.570796 0.400000 950.000000
6.750000 0.321202 1.046512 -1.812014 1.570796 0.400000 950.000000
7.000000 0.345436 0.978261 -1.668958 1.570796 0.400000 950.000000
7.250000 0.370550 0.937500 -1.856537 1.570796 0.400000 950.000000
7.500000 0.396546 0.735294 -1.623915 1.570796 0.400000 950.000000
7.750000 0.423423 1.037234 -1.596424 1.570796 0.400000 950.000000
8.000000 0.451181 0.833333 -1.117860 1.570796 0.400000 950.000000
8.250000 0.479821 0.500000 -0.517372 1.570796 0.400000 950.000000
8.500000 0.509341 0.500000 1.156902 1.570796 0.400000 950.000000
8.750000 0.539743 0.500000 1.867364 1.570796 0.400000 950.000000
9.000000 0.571026 0.507117 2.266467 1.570796 0.400000 950.000000
9.250000 0.603190 0.500000 2.476207 1.570796 0.400000 950.000000
9.500000 0.636236 0.509050 2.512012 1.570796 0.400000 950.000000
9.750000 0.670163 0.511364 2.459820 1.570796 0.400000 950.000000
10.000000 0.704971 0.508475 2.582515 1.570796 0.400000 950.000000
10.250000 0.740660 0.503953 2.796116 1.570796 0.400000 950.000000
10.500000 0.777230 0.512195 4.046292 1.570796 0.400000 950.000000
10.750000 0.814682 0.513158 4.277097 1.570796 0.400000 950.000000
11.000000 0.853014 0.508475 4.307078 1.570796 0.400000 950.000000
11.250000 0.892228 0.500000 4.224435 1.570796 0.400000 950.000000
11.500000 0.932324 0.500000 4.032553 1.570796 0.400000 950.000000
11.750000 0.973300 0.512195 3.723510 1.570796 0.400000 950.000000
12.000000 1.015158 0.508475 3.273294 1.570796 0.400000 950.000000
12.250000 1.057896 0.506757 2.631437 1.570796 0.400000 950.000000
12.500000 1.101516 0.500000 1.667572 1.570796 0.400000 950.000000
12.750000 1.146018 0.500000 -0.499098 1.570796 0.400000 950.000000
13.000000 1.191400 0.538922 -1.470223 1.570796 0.400000 950.000000
13.250000 1.237664 0.563584 -1.414561 1.570796 0.400000 950.000000
13.500000 1.284809 0.614035 -1.570284 1.570796 0.400000 950.000000
13.750000 1.332835 0.448370 -1.391673 1.570796 0.400000 950.000000
14.000000 1.381742 0.502092 -1.151384 1.570796 0.400000 950.000000
14.250000 1.431531 0.653226 -0.708569 3.141593 0.400000 950.000000
14.500000 1.482201 0.625000 -1.634889 1.570796 0.400000 950.000000
14.750000 1.533752 0.656682 -1.711402 1.570796 0.400000 950.000000
15.000000 1.586184 0.691244 -1.635065 1.570796 0.400000 950.000000
15.250000 1.639497 1.000000 -0.013290 4.712389 0.400000 950.000000
15.500000 1.693692 0.995851 2.591528 4.712389 0.400000 950.000000
15.750000 1.748768 0.500000 5.570277 3.141593 0.400000 950.000000
16.000000 1.804725 0.500000 7.936366 3.141593 0.400000 950.000000
16.250000 1.861563 0.500000 9.819509 3.141593 0.400000 950.000000
16.500000 1.919282 0.500000 11.355411 3.141593 0.400000 950.000000
16.750000 1.977883 0.500000 12.686993 3.141593 0.400000 950.000000
17.000000 2.037365 0.528169 13.818054 3.141593 0.400000 950.000000
17.250000 2.097728 0.500000 14.919075 3.141593 0.400000 950.000000
17.500000 2.158972 0.500000 15.681542 3.141593 0.400000 950.000000
17.750000 2.221098 0.535714 16.109070 3.141593 0.400000 950.000000
18.000000 2.284105 0.535714 16.990668 3.141593 0.400000 950.000000
18.250000 2.347993 0.500000 18.070649 3.141593 0.400000 950.000000
18.500000 2.412762 0.535714 19.021432 3.141593 0.400000 950.000000
18.750000 2.478412 0.555556 19.907509 3.141593 0.400000 950.000000
19.000000 2.544944 0.500000 20.965326 3.141593 0.400000 950.000000
