6.000000 0.253789 1.058824 -1.625673 1.570796 0.400000 771.000000
6.250000 0.275379 1.011236 -1.647535 1.570796 0.400000 771.000000
6.500000 0.297850 0.882353 -1.674299 1.570796 0.400000 771.000000
6.750000 0.321202 1.153846 -1.714396 1.570796 0.400000 771.000000
7.000000 0.345436 1.058824 -1.777558 1.570796 0.400000 771.000000
7.250000 0.370550 0.928571 -1.623677 1.570796 0.400000 771.000000
7.500000 0.396546 1.022727 -1.561068 1.570796 0.400000 771.000000
7.750000 0.423423 1.029412 -1.793552 1.570796 0.400000 771.000000
8.000000 0.451181 0.500000 0.155990 1.570796 0.400000 771.000000
8.250000 0.479821 0.500000 1.211626 1.570796 0.400000 771.000000
8.500000 0.509341 0.500000 1.723136 1.570796 0.400000 771.000000
8.750000 0.539743 0.506135 1.976963 1.570796 0.400000 771.000000
9.000000 0.571026 0.500000 2.028821 1.570796 0.400000 771.000000
9.250000 0.603190 0.506135 1.869452 1.570796 0.400000 771.000000
9.500000 0.636236 0.501859 2.127310 1.570796 0.400000 771.000000
9.750000 0.670163 0.500000 2.975428 1.570796 0.400000 771.000000
10.000000 0.704971 0.509050 3.550360 1.570796 0.400000 771.000000
10.250000 0.740660 0.517241 3.946307 1.570796 0.400000 771.000000
10.500000 0.777230 0.510204 4.220111 1.570796 0.400000 771.000000
10.750000 0.814682 0.517241 4.365617 1.570796 0.400000 771.000000
11.000000 0.853014 0.500000 4.450379 1.570796 0.400000 771.000000
11.250000 0.892228 0.517241 4.373541 1.570796 0.400000 771.000000
11.500000 0.932324 0.500000 4.241225 1.570796 0.400000 771.000000
11.750000 0.973300 0.500000 4.002596 1.570796 0.400000 771.000000
12.000000 1.015158 0.514286 3.594325 1.570796 0.400000 771.000000
12.250000 1.057896 0.512195 3.057300 1.570796 0.400000 771.000000
12.500000 1.101516 0.507519 2.288475 1.570796 0.400000 771.000000
12.750000 1.146018 0.500000 1.042036 1.570796 0.400000 771.000000
13.000000 1.191400 0.473978 -0.038398 1.570796 0.400000 771.000000
13.250000 1.237664 0.466667 -1.162480 1.570796 0.400000 771.000000
13.500000 1.284809 0.580110 -1.345330 1.570796 0.400000 771.000000
13.750000 1.332835 0.482673 -1.213775 1.570796 0.400000 771.000000
14.000000 1.381742 0.606936 -1.553488 1.570796 0.400000 771.000000
14.250000 1.431531 0.459184 -1.410634 1.570796 0.400000 771.000000
14.500000 1.482201 0.481651 -1.310775 1.570796 0.400000 771.000000
14.750000 1.533752 0.551471 -1.547919 1.570796 0.400000 771.000000
15.000000 1.586184 0.456522 -1.503350 1.570796 0.400000 771.000000
15.250000 1.639497 1.000000 0.426768 4.712389 0.400000 771.000000
15.500000 1.693692 0.535714 3.610937 3.141593 0.400000 771.000000
15.750000 1.748768 0.496689 6.056499 3.141593 0.400000 771.000000
16.000000 1.804725 0.523256 7.859141 3.141593 0.400000 771.000000
16.250000 1.861563 0.611111 8.142406 3.141593 0.400000 771.000000
16.500000 1.919282 0.525000 11.476525 3.141593 0.400000 771.000000
16.750000 1.977883 0.500000 12.905725 3.141593 0.400000 771.000000
17.000000 2.037365 0.500000 13.971272 3.141593 0.400000 771.000000
17.250000 2.097728 0.500000 15.048752 3.141593 0.400000 771.000000
17.500000 2.158972 0.500000 15.880894 3.141593 0.400000 771.000000
17.750000 2.221098 0.566038 16.755513 3.141593 0.400000 771.000000
18.000000 2.284105 0.523256 17.675896 3.141593 0.400000 771.000000
18.250000 2.347993 0.562500 18.281621 3.141593 0.400000 771.000000
18.500000 2.412762 0.576923 19.062743 3.141593 0.400000 771.000000
18.750000 2.478412 0.592105 19.772032 3.141593 0.400000 771.000000
19.000000 2.544944 0.576923 20.459447 3.141593 0.400000 771.000000
