6.000000 0.253789 0.959302 -1.637117 1.570796 0.400000 96.000000
6.250000 0.275379 1.107955 -1.687639 1.570796 0.400000 96.000000
6.500000 0.297850 1.022727 -1.730595 1.570796 0.400000 96.000000
6.750000 0.321202 1.147059 -1.773235 1.570796 0.400000 96.000000
7.000000 0.345436 1.026316 -1.738591 1.570796 0.400000 96.000000
7.250000 0.370550 0.793269 -1.680794 1.570796 0.400000 96.000000
7.500000 0.396546 0.841837 -1.697628 1.570796 0.400000 96.000000
7.750000 0.423423 0.989011 -1.744896 1.570796 0.400000 96.000000
8.000000 0.451181 1.071429 -1.895057 1.570796 0.400000 96.000000
8.250000 0.479821 0.500000 0.283528 1.570796 0.400000 96.000000
8.500000 0.509341 0.500000 1.384926 1.570796 0.400000 96.000000
8.750000 0.539743 0.500000 1.949624 1.570796 0.400000 96.000000
9.000000 0.571026 0.500000 2.261136 1.570796 0.400000 96.000000
9.250000 0.603190 0.500000 2.383648 1.570796 0.400000 96.000000
9.500000 0.636236 0.498252 2.110451 1.570796 0.400000 96.000000
9.750000 0.670163 0.500000 2.750297 1.570796 0.400000 96.000000
10.000000 0.704971 0.509709 3.437744 1.570796 0.400000 96.000000
10.250000 0.740660 0.513158 3.948161 1.570796 0.400000 96.000000
10.500000 0.777230 0.518868 4.298297 1.570796 0.400000 96.000000
10.750000 0.814682 0.517241 4.521859 1.570796 0.400000 96.000000
11.000000 0.853014 0.519231 4.660292 1.570796 0.400000 96.000000
11.250000 0.892228 0.523256 4.697299 1.570796 0.400000 96.000000
11.500000 0.932324 0.519231 4.630602 1.570796 0.400000 96.000000
11.750000 0.973300 0.500000 4.506564 1.570796 0.400000 96.000000
12.000000 1.015158 0.520833 4.220058 1.570796 0.400000 96.000000
12.250000 1.057896 0.515625 3.847467 1.570796 0.400000 96.000000
12.500000 1.101516 0.507812 3.313831 1.570796 0.400000 96.000000
12.750000 1.146018 0.500000 2.588377 1.570796 0.400000 96.000000
13.000000 1.191400 0.500000 1.451037 1.570796 0.400000 96.000000
13.250000 1.237664 0.497630 -2.104200 1.570796 0.400000 96.000000
13.500000 1.284809 0.563584 -1.123732 1.570796 0.400000 96.000000
13.750000 1.332835 0.455801 -1.245052 1.570796 0.400000 96.000000
14.000000 1.381742 0.495283 -1.154399 1.570796 0.400000 96.000000
14.250000 1.431531 0.560345 -1.384927 1.570796 0.400000 96.000000
14.500000 1.482201 0.500000 -1.378375 1.570796 0.400000 96.000000
14.750000 1.533752 0.495595 -1.372825 1.570796 0.400000 96.000000
15.000000 1.586184 0.506757 -1.681754 1.570796 0.400000 96.000000
15.250000 1.639497 1.000000 -0.247161 4.712389 0.400000 96.000000
15.500000 1.693692 1.000000 2.416357 4.712389 0.400000 96.000000
15.750000 1.748768 0.997537 3.640511 4.712389 0.400000 96.000000
16.000000 1.804725 0.768072 5.382825 3.141593 0.400000 96.000000
16.250000 1.861563 0.550000 6.315987 3.141593 0.400000 96.000000
16.500000 1.919282 0.495283 10.386550 3.141593 0.400000 96.000000
16.750000 1.977883 0.517241 12.263802 3.141593 0.400000 96.000000
17.000000 2.037365 0.500000 13.485006 3.141593 0.400000 96.000000
17.250000 2.097728 0.513699 14.531533 3.141593 0.400000 96.000000
17.500000 2.158972 0.526316 15.482225 3.141593 0.400000 96.000000
17.750000 2.221098 0.517241 16.509036 3.141593 0.400000 96.000000
18.000000 2.284105 0.500000 17.556985 3.141593 0.400000 96.000000
18.250000 2.347993 0.500000 18.449916 3.141593 0.400000 96.000000
18.500000 2.412762 0.535714 19.176125 3.141593 0.400000 96.000000
18.750000 2.478412 0.562500 19.950682 3.141593 0.400000 96.000000
19.000000 2.544944 0.592105 20.784548 3.141593 0.400000 96.000000
