6.000000 0.253789 1.160714 -1.715543 1.570796 0.400000 502.000000
6.250000 0.275379 1.057692 -1.696000 1.570796 0.400000 502.000000
6.500000 0.297850 1.059783 -1.722121 1.570796 0.400000 502.000000
6.750000 0.321202 1.037234 -1.702565 1.570796 0.400000 502.000000
7.000000 0.345436 1.348315 -1.761402 1.570796 0.400000 502.000000
7.250000 0.370550 1.102941 -1.675080 1.570796 0.400000 502.000000
7.500000 0.396546 1.060606 -1.694199 1.570796 0.400000 502.000000
7.750000 0.423423 1.290323 -1.862813 1.570796 0.400000 502.000000
8.000000 0.451181 1.029412 -1.699190 1.570796 0.400000 502.000000
8.250000 0.479821 1.032110 -1.832493 1.570796 0.400000 502.000000
8.500000 0.509341 0.766423 -0.877790 1.570796 0.400000 502.000000
8.750000 0.539743 0.500000 0.328555 1.570796 0.400000 502.000000
9.000000 0.571026 0.500000 1.695831 1.570796 0.400000 502.000000
9.250000 0.603190 0.500000 2.430486 1.570796 0.400000 502.000000
9.500000 0.636236 0.500000 2.902925 1.570796 0.400000 502.000000
9.750000 0.670163 0.513158 3.190807 1.570796 0.400000 502.000000
10.000000 0.704971 0.514286 3.339353 1.570796 0.400000 502.000000
10.250000 0.740660 0.500000 3.364058 1.570796 0.400000 502.000000
10.500000 0.777230 0.511364 3.252043 1.570796 0.400000 502.000000
10.750000 0.814682 0.500000 3.011469 1.570796 0.400000 502.000000
11.000000 0.853014 0.500000 2.607842 1.570796 0.400000 502.000000
11.250000 0.892228 0.500000 2.002171 1.570796 0.400000 502.000000
11.500000 0.932324 0.500000 1.088931 1.570796 0.400000 502.000000
11.750000 0.973300 0.500000 -0.416436 1.570796 0.400000 502.000000
12.000000 1.015158 0.587349 -1.156399 1.570796 0.400000 502.000000
12.250000 1.057896 0.496988 -1.268680 1.570796 0.400000 502.000000
12.500000 1.101516 0.539568 -1.606474 1.570796 0.400000 502.000000
12.750000 1.146018 0.563584 -1.393563 1.570796 0.400000 502.000000
13.000000 1.191400 0.569620 -1.545285 1.570796 0.400000 502.000000
13.250000 1.237664 0.636364 -1.471306 1.570796 0.400000 502.000000
13.500000 1.284809 0.697674 -1.640166 1.570796 0.400000 502.000000
13.750000 1.332835 0.468750 -1.461821 1.570796 0.400000 502.000000
14.000000 1.381742 0.526316 -1.593709 1.570796 0.400000 502.000000
14.250000 1.431531 0.515873 -1.581069 1.570796 0.400000 502.000000
14.500000 1.482201 0.621302 -1.514442 1.570796 0.400000 502.000000
14.750000 1.533752 0.559701 -1.416519 1.570796 0.400000 502.000000
15.000000 1.586184 0.563380 -1.649156 1.570796 0.400000 502.000000
15.250000 1.639497 1.000000 0.329549 4.712389 0.400000 502.000000
15.500000 1.693692 1.000000 2.610067 4.712389 0.400000 502.000000
15.750000 1.748768 1.000000 3.090677 4.712389 0.400000 502.000000
16.000000 1.804725 0.772727 4.590175 3.141593 0.400000 502.000000
16.250000 1.861563 0.695364 5.994051 3.141593 0.400000 502.000000
16.500000 1.919282 0.500000 9.400521 3.141593 0.400000 502.000000
16.750000 1.977883 0.500000 11.497320 3.141593 0.400000 502.000000
17.000000 2.037365 0.535714 12.976100 3.141593 0.400000 502.000000
17.250000 2.097728 0.500000 14.339947 3.141593 0.400000 502.000000
17.500000 2.158972 0.568182 15.459864 3.141593 0.400000 502.000000
17.750000 2.221098 0.545455 16.386563 3.141593 0.400000 502.000000
18.000000 2.284105 0.535714 17.352111 3.141593 0.400000 502.000000
18.250000 2.347993 0.592105 18.311929 3.141593 0.400000 502.000000
18.500000 2.412762 0.500000 19.220577 3.141593 0.400000 502.000000
18.750000 2.478412 0.500000 19.876188 3.141593 0.400000 502.000000
19.000000 2.544944 0.500000 20.651214 3.141593 0.400000 502.000000
