6.000000 0.253789 0.949367 -1.694968 1.570796 0.400000 789.000000
6.250000 0.275379 1.189024 -1.676347 1.570796 0.400000 789.000000
6.500000 0.297850 1.235294 -1.746286 1.570796 0.400000 789.000000
6.750000 0.321202 1.278409 -1.713649 1.570796 0.400000 789.000000
7.000000 0.345436 1.323529 -1.745092 1.570796 0.400000 789.000000
7.250000 0.370550 0.947368 -1.677482 1.570796 0.400000 789.000000
7.500000 0.396546 1.169725 -1.612436 1.570796 0.400000 789.000000
7.750000 0.423423 0.882353 -1.605346 1.570796 0.400000 789.000000
8.000000 0.451181 1.250000 -1.701587 1.570796 0.400000 789.000000
8.250000 0.479821 0.500000 0.523112 1.570796 0.400000 789.000000
8.500000 0.509341 0.500000 1.475824 1.570796 0.400000 789.000000
8.750000 0.539743 0.878378 -1.621380 1.570796 0.400000 789.000000
9.000000 0.571026 0.500000 2.249921 1.570796 0.400000 789.000000
9.250000 0.603190 0.498339 2.264608 1.570796 0.400000 789.000000
9.500000 0.636236 0.500000 2.198281 1.570796 0.400000 789.000000
9.750000 0.670163 0.500000 2.985375 1.570796 0.400000 789.000000
10.000000 0.704971 0.509709 3.541155 1.570796 0.400000 789.000000
10.250000 0.740660 0.500000 3.944163 1.570796 0.400000 789.000000
10.500000 0.777230 0.513699 4.191077 1.570796 0.400000 789.000000
10.750000 0.814682 0.517241 4.326859 1.570796 0.400000 789.000000
11.000000 0.853014 0.520833 4.362939 1.570796 0.400000 789.000000
11.250000 0.892228 0.517241 4.305199 1.570796 0.400000 789.000000
11.500000 0.932324 0.500000 4.154799 1.570796 0.400000 789.000000
11.750000 0.973300 0.515625 3.866088 1.570796 0.400000 789.000000
12.000000 1.015158 0.500000 3.468698 1.570796 0.400000 789.000000
12.250000 1.057896 0.509709 2.891005 1.570796 0.400000 789.000000
12.500000 1.101516 0.505051 2.048126 1.570796 0.400000 789.000000
12.750000 1.146018 0.500000 0.591580 1.570796 0.400000 789.000000
13.000000 1.191400 0.526316 -0.344259 1.570796 0.400000 789.000000
13.250000 1.237664 0.497630 -1.098649 1.570796 0.400000 789.000000
13.500000 1.284809 0.538922 -1.385959 1.570796 0.400000 789.000000
13.750000 1.332835 0.535714 -1.263835 1.570796 0.400000 789.000000
14.000000 1.381742 0.520231 -1.582873 1.570796 0.400000 789.000000
14.250000 1.431531 0.532995 -1.361766 1.570796 0.400000 789.000000
14.500000 1.482201 0.604839 -1.644538 1.570796 0.400000 789.000000
14.750000 1.533752 0.500000 -1.036518 1.570796 0.400000 789.000000
15.000000 1.586184 0.500000 -1.487179 1.570796 0.400000 789.000000
15.250000 1.639497 1.000000 -0.084220 4.712389 0.400000 789.000000
15.500000 1.693692 0.644531 2.743082 3.141593 0.400000 789.000000
15.750000 1.748768 0.496689 5.594882 3.141593 0.400000 789.000000
16.000000 1.804725 0.500000 7.694177 3.141593 0.400000 789.000000
16.250000 1.861563 0.500000 9.471648 3.141593 0.400000 789.000000
16.500000 1.919282 0.551471 9.557298 3.141593 0.400000 789.000000
16.750000 1.977883 0.500000 12.727378 3.141593 0.400000 789.000000
17.000000 2.037365 0.543478 13.871517 3.141593 0.400000 789.000000
17.250000 2.097728 0.500000 15.003947 3.141593 0.400000 789.000000
17.500000 2.158972 0.500000 15.913147 3.141593 0.400000 789.000000
17.750000 2.221098 0.545455 16.704822 3.141593 0.400000 789.000000
18.000000 2.284105 0.500000 17.723553 3.141593 0.400000 789.000000
18.250000 2.347993 0.548780 18.328232 3.141593 0.400000 789.000000
18.500000 2.412762 0.576923 19.144585 3.141593 0.400000 789.000000
18.750000 2.478412 0.592105 19.897836 3.141593 0.400000 789.000000
19.000000 2.544944 0.588235 20.692110 3.141593 0.400000 789.000000
