6.000000 0.253789 1.753247 -1.683045 1.570796 0.400000 554.000000
6.250000 0.275379 1.776316 -1.777479 1.570796 0.400000 554.000000
6.500000 0.297850 1.744186 -1.647706 1.570796 0.400000 554.000000
6.750000 0.321202 1.693548 -1.699433 1.570796 0.400000 554.000000
7.000000 0.345436 1.656977 -1.762755 1.570796 0.400000 554.000000
7.250000 0.370550 1.666667 -1.708926 1.570796 0.400000 554.000000
7.500000 0.396546 1.363636 -1.591865 1.570796 0.400000 554.000000
7.750000 0.423423 1.397059 -1.654236 1.570796 0.400000 554.000000
8.000000 0.451181 1.222826 -1.764053 1.570796 0.400000 554.000000
8.250000 0.479821 0.973282 -1.220646 1.570796 0.400000 554.000000
8.500000 0.509341 0.500000 -0.538503 1.570796 0.400000 554.000000
8.750000 0.539743 0.500000 1.308859 1.570796 0.400000 554.000000
9.000000 0.571026 0.500000 2.044808 1.570796 0.400000 554.000000
9.250000 0.603190 0.500000 2.358035 1.570796 0.400000 554.000000
9.500000 0.636236 0.509050 2.867818 1.570796 0.400000 554.000000
9.750000 0.670163 0.507812 3.067354 1.570796 0.400000 554.000000
10.000000 0.704971 0.502793 3.248730 1.570796 0.400000 554.000000
10.250000 0.740660 0.514286 3.342539 1.570796 0.400000 554.000000
10.500000 0.777230 0.511364 3.350123 1.570796 0.400000 554.000000
10.750000 0.814682 0.507812 3.238213 1.570796 0.400000 554.000000
11.000000 0.853014 0.512195 2.984050 1.570796 0.400000 554.000000
11.250000 0.892228 0.507968 2.525952 1.570796 0.400000 554.000000
11.500000 0.932324 0.505865 1.792962 1.570796 0.400000 554.000000
11.750000 0.973300 0.500000 0.488022 1.570796 0.400000 554.000000
12.000000 1.015158 0.535714 -0.629439 1.570796 0.400000 554.000000
12.250000 1.057896 0.497449 -1.367053 1.570796 0.400000 554.000000
12.500000 1.101516 0.548780 -1.481802 1.570796 0.400000 554.000000
12.750000 1.146018 0.500000 -1.386565 1.570796 0.400000 554.000000
13.000000 1.191400 0.677711 -1.595232 1.570796 0.400000 554.000000
13.250000 1.237664 0.730519 -1.750253 1.570796 0.400000 554.000000
13.500000 1.284809 0.661765 -1.634394 1.570796 0.400000 554.000000
13.750000 1.332835 0.576923 -1.481515 1.570796 0.400000 554.000000
14.000000 1.381742 0.628492 -1.725946 1.570796 0.400000 554.000000
14.250000 1.431531 0.653846 -1.270069 1.570796 0.400000 554.000000
14.500000 1.482201 0.778689 -1.674067 1.570796 0.400000 554.000000
14.750000 1.533752 0.642857 -1.408537 1.570796 0.400000 554.000000
15.000000 1.586184 1.002024 -1.743219 4.712389 0.400000 554.000000
15.250000 1.639497 1.000000 1.971009 4.712389 0.400000 554.000000
15.500000 1.693692 0.500000 3.209455 3.141593 0.400000 554.000000
15.750000 1.748768 0.496689 5.753248 3.141593 0.400000 554.000000
16.000000 1.804725 0.508475 7.470133 3.141593 0.400000 554.000000
16.250000 1.861563 0.500000 8.781684 3.141593 0.400000 554.000000
16.500000 1.919282 0.572034 9.561368 3.141593 0.400000 554.000000
16.750000 1.977883 0.500000 12.011504 3.141593 0.400000 554.000000
17.000000 2.037365 0.500000 13.385190 3.141593 0.400000 554.000000
17.250000 2.097728 0.520833 14.418013 3.141593 0.400000 554.000000
17.500000 2.158972 0.526316 15.413401 3.141593 0.400000 554.000000
17.750000 2.221098 0.517241 16.397740 3.141593 0.400000 554.000000
18.000000 2.284105 0.500000 17.409914 3.141593 0.400000 554.000000
18.250000 2.347993 0.548780 18.067048 3.141593 0.400000 554.000000
18.500000 2.412762 0.562500 18.924844 3.141593 0.400000 554.000000
18.750000 2.478412 0.576923 19.814520 3.141593 0.400000 554.000000
19.000000 2.544944 0.500000 20.591221 3.141593 0.400000 554.000000
