6.000000 0.253789 1.442308 -1.754227 1.570796 0.400000 443.000000
6.250000 0.275379 1.296296 -1.747041 1.570796 0.400000 443.000000
6.500000 0.297850 1.166667 -1.663393 1.570796 0.400000 443.000000
6.750000 0.321202 1.117021 -1.669050 1.570796 0.400000 443.000000
7.000000 0.345436 1.147059 -1.709934 1.570796 0.400000 443.000000
7.250000 0.370550 1.222826 -1.856630 1.570796 0.400000 443.000000
7.500000 0.396546 1.009615 -1.678147 1.570796 0.400000 443.000000
7.750000 0.423423 1.159794 -1.832300 1.570796 0.400000 443.000000
8.000000 0.451181 0.981308 -1.254111 1.570796 0.400000 443.000000
8.250000 0.479821 0.502577 -0.979375 1.570796 0.400000 443.000000
8.500000 0.509341 0.500000 1.074383 1.570796 0.400000 443.000000
8.750000 0.539743 0.500000 1.848594 1.570796 0.400000 443.000000
9.000000 0.571026 0.498339 2.078889 1.570796 0.400000 443.000000
9.250000 0.603190 0.500000 2.520976 1.570796 0.400000 443.000000
9.500000 0.636236 0.500000 2.606441 1.570796 0.400000 443.000000
9.750000 0.670163 0.517241 2.851243 1.570796 0.400000 443.000000
10.000000 0.704971 0.502577 3.211232 1.570796 0.400000 443.000000
10.250000 0.740660 0.513158 3.358828 1.570796 0.400000 443.000000
10.500000 0.777230 0.500000 3.317850 1.570796 0.400000 443.000000
10.750000 0.814682 0.500000 3.124425 1.570796 0.400000 443.000000
11.000000 0.853014 0.511364 2.739667 1.570796 0.400000 443.000000
11.250000 0.892228 0.508929 2.170179 1.570796 0.400000 443.000000
11.500000 0.932324 0.500000 1.264381 1.570796 0.400000 443.000000
11.750000 0.973300 0.500000 -1.261562 1.570796 0.400000 443.000000
12.000000 1.015158 0.500000 -1.246003 1.570796 0.400000 443.000000
12.250000 1.057896 0.538674 -1.353049 1.570796 0.400000 443.000000
12.500000 1.101516 0.650000 -1.498043 1.570796 0.400000 443.000000
12.750000 1.146018 0.621302 -1.309514 1.570796 0.400000 443.000000
13.000000 1.191400 0.632022 -1.509178 1.570796 0.400000 443.000000
13.250000 1.237664 0.580110 -1.417192 1.570796 0.400000 443.000000
13.500000 1.284809 0.652174 -1.417967 1.570796 0.400000 443.000000
13.750000 1.332835 0.601604 -1.471361 1.570796 0.400000 443.000000
14.000000 1.381742 0.579897 -1.225669 1.570796 0.400000 443.000000
14.250000 1.431531 0.597015 -1.528572 1.570796 0.400000 443.000000
14.500000 1.482201 0.590278 -1.243913 1.570796 0.400000 443.000000
14.750000 1.533752 0.672170 -1.446193 1.570796 0.400000 443.000000
15.000000 1.586184 0.779221 -1.572536 1.570796 0.400000 443.000000
15.250000 1.639497 1.000000 0.353114 4.712389 0.400000 443.000000
15.500000 1.693692 0.500000 3.945382 3.141593 0.400000 443.000000
15.750000 1.748768 0.496324 6.202316 3.141593 0.400000 443.000000
16.000000 1.804725 0.512821 8.138426 3.141593 0.400000 443.000000
16.250000 1.861563 0.495283 9.791122 3.141593 0.400000 443.000000
16.500000 1.919282 0.500000 11.331868 3.141593 0.400000 443.000000
16.750000 1.977883 0.529412 12.739822 3.141593 0.400000 443.000000
17.000000 2.037365 0.517241 13.943931 3.141593 0.400000 443.000000
17.250000 2.097728 0.500000 13.942704 3.141593 0.400000 443.000000
17.500000 2.158972 0.500000 15.292358 3.141593 0.400000 443.000000
17.750000 2.221098 0.517241 16.408138 3.141593 0.400000 443.000000
18.000000 2.284105 0.500000 17.262836 3.141593 0.400000 443.000000
18.250000 2.347993 0.555556 18.164117 3.141593 0.400000 443.000000
18.500000 2.412762 0.500000 19.247427 3.141593 0.400000 443.000000
18.750000 2.478412 0.535714 19.974429 3.141593 0.400000 443.000000
19.000000 2.544944 0.548780 20.646754 3.141593 0.400000 443.000000
