6.000000 0.253789 1.022727 -1.595413 1.570796 0.400000 299.000000
6.250000 0.275379 1.085526 -1.838648 1.570796 0.400000 299.000000
6.500000 0.297850 1.206897 -1.692614 1.570796 0.400000 299.000000
6.750000 0.321202 1.235294 -1.680668 1.570796 0.400000 299.000000
7.000000 0.345436 1.250000 -1.748448 1.570796 0.400000 299.000000
7.250000 0.370550 1.188119 -1.621579 1.570796 0.400000 299.000000
7.500000 0.396546 1.039604 -1.744242 1.570796 0.400000 299.000000
7.750000 0.423423 0.833333 -1.639664 1.570796 0.400000 299.000000
8.000000 0.451181 1.153846 -1.273068 1.570796 0.400000 299.000000
8.250000 0.479821 0.514706 -2.120660 1.570796 0.400000 299.000000
8.500000 0.509341 0.500000 0.716872 1.570796 0.400000 299.000000
8.750000 0.539743 0.507353 1.695301 1.570796 0.400000 299.000000
9.000000 0.571026 0.500000 2.232052 1.570796 0.400000 299.000000
9.250000 0.603190 0.508475 2.576033 1.570796 0.400000 299.000000
9.500000 0.636236 0.509050 2.731538 1.570796 0.400000 299.000000
9.750000 0.670163 0.500000 2.751371 1.570796 0.400000 299.000000
10.000000 0.704971 0.500000 2.631032 1.570796 0.400000 299.000000
10.250000 0.740660 0.510638 2.381939 1.570796 0.400000 299.000000
10.500000 0.777230 0.507117 2.069467 1.570796 0.400000 299.000000
10.750000 0.814682 0.500000 1.665886 1.570796 0.400000 299.000000
11.000000 0.853014 0.500000 0.657773 1.570796 0.400000 299.000000
11.250000 0.892228 0.598160 -1.211795 1.570796 0.400000 299.000000
11.500000 0.932324 0.496988 -1.257112 1.570796 0.400000 299.000000
11.750000 0.973300 0.633117 -1.492296 1.570796 0.400000 299.000000
12.000000 1.015158 0.722892 -1.336003 1.570796 0.400000 299.000000
12.250000 1.057896 0.515625 -1.646453 1.570796 0.400000 299.000000
12.500000 1.101516 0.642857 -1.457528 1.570796 0.400000 299.000000
12.750000 1.146018 0.745033 -1.583491 1.570796 0.400000 299.000000
13.000000 1.191400 0.617647 -1.451432 1.570796 0.400000 299.000000
13.250000 1.237664 0.777439 -1.541355 1.570796 0.400000 299.000000
13.500000 1.284809 0.590909 -1.475271 1.570796 0.400000 299.000000
13.750000 1.332835 0.685976 -1.603015 1.570796 0.400000 299.000000
14.000000 1.381742 0.582902 -1.377860 1.570796 0.400000 299.000000
14.250000 1.431531 0.567568 -1.546867 1.570796 0.400000 299.000000
14.500000 1.482201 0.528634 -1.069139 1.570796 0.400000 299.000000
14.750000 1.533752 0.723350 -1.694536 1.570796 0.400000 299.000000
15.000000 1.586184 0.669643 -1.605895 1.570796 0.400000 299.000000
15.250000 1.639497 1.000000 1.441790 4.712389 0.400000 299.000000
15.500000 1.693692 0.497238 4.637639 3.141593 0.400000 299.000000
15.750000 1.748768 0.520833 6.372398 3.141593 0.400000 299.000000
16.000000 1.804725 0.495868 7.727153 3.141593 0.400000 299.000000
16.250000 1.861563 0.500000 9.258200 3.141593 0.400000 299.000000
16.500000 1.919282 0.495283 10.743443 3.141593 0.400000 299.000000
16.750000 1.977883 0.530303 12.365884 3.141593 0.400000 299.000000
17.000000 2.037365 0.519802 13.560587 3.141593 0.400000 299.000000
17.250000 2.097728 0.500000 14.399137 3.141593 0.400000 299.000000
17.500000 2.158972 0.520833 15.460679 3.141593 0.400000 299.000000
17.750000 2.221098 0.535714 16.430515 3.141593 0.400000 299.000000
18.000000 2.284105 0.526316 17.380883 3.141593 0.400000 299.000000
18.250000 2.347993 0.576923 18.361919 3.141593 0.400000 299.000000
18.500000 2.412762 0.500000 19.312507 3.141593 0.400000 299.000000
18.750000 2.478412 0.548780 19.967523 3.141593 0.400000 299.000000
19.000000 2.544944 0.562500 20.668597 3.141593 0.400000 299.000000
