6.000000 0.253789 1.323529 -1.659580 1.570796 0.400000 619.000000
6.250000 0.275379 1.355422 -1.678851 1.570796 0.400000 619.000000
6.500000 0.297850 1.516854 -1.660495 1.570796 0.400000 619.000000
6.750000 0.321202 1.318681 -1.706129 1.570796 0.400000 619.000000
7.000000 0.345436 1.484375 -1.631604 1.570796 0.400000 619.000000
7.250000 0.370550 1.370968 -1.705746 1.570796 0.400000 619.000000
7.500000 0.396546 0.975000 -1.579700 1.570796 0.400000 619.000000
7.750000 0.423423 0.975000 -1.577609 1.570796 0.400000 619.000000
8.000000 0.451181 1.406250 -1.936636 1.570796 0.400000 619.000000
8.250000 0.479821 0.500000 -0.117580 1.570796 0.400000 619.000000
8.500000 0.509341 0.500000 1.273936 1.570796 0.400000 619.000000
8.750000 0.539743 0.508850 1.929124 1.570796 0.400000 619.000000
9.000000 0.571026 0.508929 2.235173 1.570796 0.400000 619.000000
9.250000 0.603190 0.508475 2.436101 1.570796 0.400000 619.000000
9.500000 0.636236 0.500000 2.520947 1.570796 0.400000 619.000000
9.750000 0.670163 0.512195 2.949771 1.570796 0.400000 619.000000
10.000000 0.704971 0.500000 3.425772 1.570796 0.400000 619.000000
10.250000 0.740660 0.511364 3.603105 1.570796 0.400000 619.000000
10.500000 0.777230 0.517241 3.619281 1.570796 0.400000 619.000000
10.750000 0.814682 0.511364 3.512364 1.570796 0.400000 619.000000
11.000000 0.853014 0.510471 3.276391 1.570796 0.400000 619.000000
11.250000 0.892228 0.500000 2.912306 1.570796 0.400000 619.000000
11.500000 0.932324 0.507519 2.326821 1.570796 0.400000 619.000000
11.750000 0.973300 0.500000 1.431093 1.570796 0.400000 619.000000
12.000000 1.015158 0.500000 -0.782486 1.570796 0.400000 619.000000
12.250000 1.057896 0.538674 -1.006010 1.570796 0.400000 619.000000
12.500000 1.101516 0.535714 -1.227960 1.570796 0.400000 619.000000
12.750000 1.146018 0.589888 -1.364691 1.570796 0.400000 619.000000
13.000000 1.191400 0.538674 -1.381822 1.570796 0.400000 619.000000
13.250000 1.237664 0.541237 -1.379379 1.570796 0.400000 619.000000
13.500000 1.284809 0.645161 -1.402211 1.570796 0.400000 619.000000
13.750000 1.332835 0.689655 -1.633104 1.570796 0.400000 619.000000
14.000000 1.381742 0.642857 -1.213837 1.570796 0.400000 619.000000
14.250000 1.431531 0.542986 -1.281976 1.570796 0.400000 619.000000
14.500000 1.482201 0.627907 -1.438021 1.570796 0.400000 619.000000
14.750000 1.533752 0.627907 -1.445607 1.570796 0.400000 619.000000
15.000000 1.586184 0.644796 -1.481823 1.570796 0.400000 619.000000
15.250000 1.639497 0.500000 2.439727 3.141593 0.400000 619.000000
15.500000 1.693692 0.500000 5.465770 3.141593 0.400000 619.000000
15.750000 1.748768 0.495868 7.225964 3.141593 0.400000 619.000000
16.000000 1.804725 0.500000 8.644121 3.141593 0.400000 619.000000
16.250000 1.861563 0.540541 9.629005 3.141593 0.400000 619.000000
16.500000 1.919282 0.512821 8.475128 3.141593 0.400000 619.000000
16.750000 1.977883 0.542169 12.870185 3.141593 0.400000 619.000000
17.000000 2.037365 0.513699 14.154589 3.141593 0.400000 619.000000
17.250000 2.097728 0.520833 14.966252 3.141593 0.400000 619.000000
17.500000 2.158972 0.517241 15.745180 3.141593 0.400000 619.000000
17.750000 2.221098 0.500000 16.462990 3.141593 0.400000 619.000000
18.000000 2.284105 0.566038 17.301976 3.141593 0.400000 619.000000
18.250000 2.347993 0.523256 18.206382 3.141593 0.400000 619.000000
18.500000 2.412762 0.548780 18.878853 3.141593 0.400000 619.000000
18.750000 2.478412 0.576923 19.750095 3.141593 0.400000 619.000000
19.000000 2.544944 0.592105 20.565596 3.141593 0.400000 619.000000
