6.000000 0.253789 1.355422 -1.695576 1.570796 0.400000 560.000000
6.250000 0.275379 1.424051 -1.784899 1.570796 0.400000 560.000000
6.500000 0.297850 1.379310 -1.727105 1.570796 0.400000 560.000000
6.750000 0.321202 1.318681 -1.747483 1.570796 0.400000 560.000000
7.000000 0.345436 1.428571 -1.860467 1.570796 0.400000 560.000000
7.250000 0.370550 1.436170 -1.769006 1.570796 0.400000 560.000000
7.500000 0.396546 1.184211 -1.656365 1.570796 0.400000 560.000000
7.750000 0.423423 1.336634 -1.707066 1.570796 0.400000 560.000000
8.000000 0.451181 1.264045 -1.859847 1.570796 0.400000 560.000000
8.250000 0.479821 1.025641 -1.647755 1.570796 0.400000 560.000000
8.500000 0.509341 0.963303 -1.680921 1.570796 0.400000 560.000000
8.750000 0.539743 0.553691 -0.965183 1.570796 0.400000 560.000000
9.000000 0.571026 0.500000 1.204595 1.570796 0.400000 560.000000
9.250000 0.603190 0.500000 2.021256 1.570796 0.400000 560.000000
9.500000 0.636236 0.500000 2.752854 1.570796 0.400000 560.000000
9.750000 0.670163 0.509050 3.228001 1.570796 0.400000 560.000000
10.000000 0.704971 0.514286 3.540793 1.570796 0.400000 560.000000
10.250000 0.740660 0.500000 3.735867 1.570796 0.400000 560.000000
10.500000 0.777230 0.500000 3.801586 1.570796 0.400000 560.000000
10.750000 0.814682 0.512422 3.752317 1.570796 0.400000 560.000000
11.000000 0.853014 0.512422 3.601394 1.570796 0.400000 560.000000
11.250000 0.892228 0.514286 3.317436 1.570796 0.400000 560.000000
11.500000 0.932324 0.500000 2.876081 1.570796 0.400000 560.000000
11.750000 0.973300 0.505618 2.220545 1.570796 0.400000 560.000000
12.000000 1.015158 0.500000 1.180273 1.570796 0.400000 560.000000
12.250000 1.057896 0.497449 -2.285819 1.570796 0.400000 560.000000
12.500000 1.101516 0.594512 -1.054615 1.570796 0.400000 560.000000
12.750000 1.146018 0.580110 -1.241470 1.570796 0.400000 560.000000
13.000000 1.191400 0.664557 -1.591840 1.570796 0.400000 560.000000
13.250000 1.237664 0.606936 -1.324213 1.570796 0.400000 560.000000
13.500000 1.284809 0.613208 -1.636466 1.570796 0.400000 560.000000
13.750000 1.332835 0.662983 -1.498736 1.570796 0.400000 560.000000
14.000000 1.381742 0.693642 -1.647809 1.570796 0.400000 560.000000
14.250000 1.431531 0.604839 -1.504575 1.570796 0.400000 560.000000
14.500000 1.482201 0.701754 -1.631800 1.570796 0.400000 560.000000
14.750000 1.533752 0.723350 -1.466569 1.570796 0.400000 560.000000
15.000000 1.586184 0.717703 -1.633596 1.570796 0.400000 560.000000
15.250000 1.639497 0.703125 -1.617195 1.570796 0.400000 560.000000
15.500000 1.693692 0.828612 1.379324 3.141593 0.400000 560.000000
15.750000 1.748768 0.791667 4.046777 3.141593 0.400000 560.000000
16.000000 1.804725 0.948276 4.677864 3.141593 0.400000 560.000000
16.250000 1.861563 0.581395 8.122590 3.141593 0.400000 560.000000
16.500000 1.919282 0.495283 10.699609 3.141593 0.400000 560.000000
16.750000 1.977883 0.500000 12.399634 3.141593 0.400000 560.000000
17.000000 2.037365 0.520833 13.672901 3.141593 0.400000 560.000000
17.250000 2.097728 0.520833 14.749513 3.141593 0.400000 560.000000
17.500000 2.158972 0.517241 15.709243 3.141593 0.400000 560.000000
17.750000 2.221098 0.500000 16.474364 3.141593 0.400000 560.000000
18.000000 2.284105 0.555556 17.343910 3.141593 0.400000 560.000000
18.250000 2.347993 0.500000 18.326558 3.141593 0.400000 560.000000
18.500000 2.412762 0.535714 19.030279 3.141593 0.400000 560.000000
18.750000 2.478412 0.562500 19.793622 3.141593 0.400000 560.000000
19.000000 2.544944 0.592105 20.640180 3.141593 0.400000 560.000000
