6.000000 0.253789 1.027397 -1.718497 1.570796 0.400000 616.000000
6.250000 0.275379 1.018519 -1.759706 1.570796 0.400000 616.000000
6.500000 0.297850 0.948276 -1.703903 1.570796 0.400000 616.000000
6.750000 0.321202 0.852273 -1.767321 1.570796 0.400000 616.000000
7.000000 0.345436 1.147059 -1.680310 1.570796 0.400000 616.000000
7.250000 0.370550 1.105263 -1.777324 1.570796 0.400000 616.000000
7.500000 0.396546 0.926966 -1.606539 1.570796 0.400000 616.000000
7.750000 0.423423 0.957447 -1.644189 1.570796 0.400000 616.000000
8.000000 0.451181 1.011236 -2.294940 1.570796 0.400000 616.000000
8.250000 0.479821 0.500000 -0.192064 1.570796 0.400000 616.000000
8.500000 0.509341 0.500000 1.256200 1.570796 0.400000 616.000000
8.750000 0.539743 0.500000 1.930164 1.570796 0.400000 616.000000
9.000000 0.571026 0.500000 2.313157 1.570796 0.400000 616.000000
9.250000 0.603190 0.508475 2.496818 1.570796 0.400000 616.000000
9.500000 0.636236 0.500000 2.525918 1.570796 0.400000 616.000000
9.750000 0.670163 0.508475 2.387728 1.570796 0.400000 616.000000
10.000000 0.704971 0.516055 2.785062 1.570796 0.400000 616.000000
10.250000 0.740660 0.513158 3.736883 1.570796 0.400000 616.000000
10.500000 0.777230 0.508475 4.161883 1.570796 0.400000 616.000000
10.750000 0.814682 0.500000 4.344226 1.570796 0.400000 616.000000
11.000000 0.853014 0.517241 4.381725 1.570796 0.400000 616.000000
11.250000 0.892228 0.500000 4.343544 1.570796 0.400000 616.000000
11.500000 0.932324 0.513158 4.169901 1.570796 0.400000 616.000000
11.750000 0.973300 0.500000 3.901182 1.570796 0.400000 616.000000
12.000000 1.015158 0.500000 3.512317 1.570796 0.400000 616.000000
12.250000 1.057896 0.505618 2.933190 1.570796 0.400000 616.000000
12.500000 1.101516 0.500000 2.104145 1.570796 0.400000 616.000000
12.750000 1.146018 0.500000 0.691709 1.570796 0.400000 616.000000
13.000000 1.191400 0.496988 -1.642125 1.570796 0.400000 616.000000
13.250000 1.237664 0.712291 -1.589315 1.570796 0.400000 616.000000
13.500000 1.284809 0.494012 -1.499887 1.570796 0.400000 616.000000
13.750000 1.332835 0.474138 -1.545121 1.570796 0.400000 616.000000
14.000000 1.381742 0.570175 -1.534756 1.570796 0.400000 616.000000
14.250000 1.431531 0.625000 -1.691389 1.570796 0.400000 616.000000
14.500000 1.482201 0.635593 -1.603074 1.570796 0.400000 616.000000
14.750000 1.533752 0.597015 -1.631897 1.570796 0.400000 616.000000
15.000000 1.586184 0.619266 -1.575964 1.570796 0.400000 616.000000
15.250000 1.639497 1.000000 -0.144888 4.712389 0.400000 616.000000
15.500000 1.693692 1.000000 2.500066 4.712389 0.400000 616.000000
15.750000 1.748768 1.000000 3.612185 4.712389 0.400000 616.000000
16.000000 1.804725 0.496689 5.578459 3.141593 0.400000 616.000000
16.250000 1.861563 0.508475 7.959979 3.141593 0.400000 616.000000
16.500000 1.919282 0.500000 10.280818 3.141593 0.400000 616.000000
16.750000 1.977883 0.519802 12.033100 3.141593 0.400000 616.000000
17.000000 2.037365 0.517241 13.057937 3.141593 0.400000 616.000000
17.250000 2.097728 0.500000 14.211074 3.141593 0.400000 616.000000
17.500000 2.158972 0.500000 15.334528 3.141593 0.400000 616.000000
17.750000 2.221098 0.500000 16.277065 3.141593 0.400000 616.000000
18.000000 2.284105 0.576923 17.363069 3.141593 0.400000 616.000000
18.250000 2.347993 0.535714 18.190375 3.141593 0.400000 616.000000
18.500000 2.412762 0.562500 19.027599 3.141593 0.400000 616.000000
18.750000 2.478412 0.592105 19.886026 3.141593 0.400000 616.000000
19.000000 2.544944 0.588235 20.805365 3.141593 0.400000 616.000000
