6.000000 0.253789 1.184211 -1.653288 1.570796 0.400000 336.000000
6.250000 0.275379 1.203704 -1.719788 1.570796 0.400000 336.000000
6.500000 0.297850 1.250000 -1.658115 1.570796 0.400000 336.000000
6.750000 0.321202 1.637931 -1.778514 1.570796 0.400000 336.000000
7.000000 0.345436 1.000000 -1.787941 1.570796 0.400000 336.000000
7.250000 0.370550 1.129032 -1.656902 1.570796 0.400000 336.000000
7.500000 0.396546 0.855263 -1.189449 1.570796 0.400000 336.000000
7.750000 0.423423 0.503049 -0.840014 1.570796 0.400000 336.000000
8.000000 0.451181 0.500000 0.819431 1.570796 0.400000 336.000000
8.250000 0.479821 0.500000 1.441546 1.570796 0.400000 336.000000
8.500000 0.509341 0.500000 1.745796 1.570796 0.400000 336.000000
8.750000 0.539743 0.504808 1.825614 1.570796 0.400000 336.000000
9.000000 0.571026 0.508065 1.699410 1.570796 0.400000 336.000000
9.250000 0.603190 0.498615 1.337157 1.570796 0.400000 336.000000
9.500000 0.636236 0.511945 2.166694 1.570796 0.400000 336.000000
9.750000 0.670163 0.500000 3.002399 1.570796 0.400000 336.000000
10.000000 0.704971 0.500000 3.558065 1.570796 0.400000 336.000000
10.250000 0.740660 0.500000 3.950604 1.570796 0.400000 336.000000
10.500000 0.777230 0.509259 4.204598 1.570796 0.400000 336.000000
10.750000 0.814682 0.515625 4.340840 1.570796 0.400000 336.000000
11.000000 0.853014 0.518868 4.382277 1.570796 0.400000 336.000000
11.250000 0.892228 0.512422 4.330473 1.570796 0.400000 336.000000
11.500000 0.932324 0.512422 4.185637 1.570796 0.400000 336.000000
11.750000 0.973300 0.500000 3.920095 1.570796 0.400000 336.000000
12.000000 1.015158 0.510471 3.523616 1.570796 0.400000 336.000000
12.250000 1.057896 0.506329 2.957897 1.570796 0.400000 336.000000
12.500000 1.101516 0.500000 2.154200 1.570796 0.400000 336.000000
12.750000 1.146018 0.500000 0.801570 1.570796 0.400000 336.000000
13.000000 1.191400 0.497630 -0.643674 1.570796 0.400000 336.000000
13.250000 1.237664 0.517241 -1.386281 1.570796 0.400000 336.000000
13.500000 1.284809 0.666667 -1.544567 1.570796 0.400000 336.000000
13.750000 1.332835 0.532787 -1.207055 1.570796 0.400000 336.000000
14.000000 1.381742 0.696721 -1.624789 1.570796 0.400000 336.000000
14.250000 1.431531 0.791457 -1.491263 1.570796 0.400000 336.000000
14.500000 1.482201 0.750000 -1.719836 1.570796 0.400000 336.000000
14.750000 1.533752 0.878049 -1.510872 1.570796 0.400000 336.000000
15.000000 1.586184 0.773543 -1.676604 1.570796 0.400000 336.000000
15.250000 1.639497 0.940171 1.757017 4.712389 0.400000 336.000000
15.500000 1.693692 0.497238 4.486274 3.141593 0.400000 336.000000
15.750000 1.748768 0.496324 6.442794 3.141593 0.400000 336.000000
16.000000 1.804725 0.512821 8.125083 3.141593 0.400000 336.000000
16.250000 1.861563 0.514706 9.516100 3.141593 0.400000 336.000000
16.500000 1.919282 0.495283 10.312923 3.141593 0.400000 336.000000
16.750000 1.977883 0.500000 12.654090 3.141593 0.400000 336.000000
17.000000 2.037365 0.500000 13.985765 3.141593 0.400000 336.000000
17.250000 2.097728 0.513699 14.908159 3.141593 0.400000 336.000000
17.500000 2.158972 0.526316 15.766255 3.141593 0.400000 336.000000
17.750000 2.221098 0.500000 16.558307 3.141593 0.400000 336.000000
18.000000 2.284105 0.566038 17.425727 3.141593 0.400000 336.000000
18.250000 2.347993 0.523256 18.337001 3.141593 0.400000 336.000000
18.500000 2.412762 0.562500 18.914957 3.141593 0.400000 336.000000
18.750000 2.478412 0.562500 19.656714 3.141593 0.400000 336.000000
19.000000 2.544944 0.576923 20.380618 3.141593 0.400000 336.000000
