6.000000 0.253789 0.803571 -1.694148 1.570796 0.400000 971.000000
6.250000 0.275379 0.916667 -1.689597 1.570796 0.400000 971.000000
6.500000 0.297850 0.970588 -1.645561 1.570796 0.400000 971.000000
6.750000 0.321202 1.308140 -1.847981 1.570796 0.400000 971.000000
7.000000 0.345436 0.887097 -1.676002 1.570796 0.400000 971.000000
7.250000 0.370550 1.212121 -1.766959 1.570796 0.400000 971.000000
7.500000 0.396546 0.981308 -1.288026 1.570796 0.400000 971.000000
7.750000 0.423423 0.503356 -0.922653 1.570796 0.400000 971.000000
8.000000 0.451181 0.500000 0.786245 1.570796 0.400000 971.000000
8.250000 0.479821 0.500000 1.420636 1.570796 0.400000 971.000000
8.500000 0.509341 0.507042 1.728135 1.570796 0.400000 971.000000
8.750000 0.539743 0.506431 1.811877 1.570796 0.400000 971.000000
9.000000 0.571026 0.508065 1.691340 1.570796 0.400000 971.000000
9.250000 0.603190 0.500000 1.344383 1.570796 0.400000 971.000000
9.500000 0.636236 0.502793 0.768263 1.570796 0.400000 971.000000
9.750000 0.670163 0.500000 2.774060 1.570796 0.400000 971.000000
10.000000 0.704971 0.506757 3.459719 1.570796 0.400000 971.000000
10.250000 0.740660 0.500000 3.950708 1.570796 0.400000 971.000000
10.500000 0.777230 0.511364 4.289799 1.570796 0.400000 971.000000
10.750000 0.814682 0.517241 4.515008 1.570796 0.400000 971.000000
11.000000 0.853014 0.500000 4.649690 1.570796 0.400000 971.000000
11.250000 0.892228 0.511364 4.682064 1.570796 0.400000 971.000000
11.500000 0.932324 0.500000 4.628960 1.570796 0.400000 971.000000
11.750000 0.973300 0.500000 4.461512 1.570796 0.400000 971.000000
12.000000 1.015158 0.512195 4.190608 1.570796 0.400000 971.000000
12.250000 1.057896 0.500000 3.816890 1.570796 0.400000 971.000000
12.500000 1.101516 0.505952 3.284995 1.570796 0.400000 971.000000
12.750000 1.146018 0.504587 2.532088 1.570796 0.400000 971.000000
13.000000 1.191400 0.500000 1.375112 1.570796 0.400000 971.000000
13.250000 1.237664 0.547753 -1.685965 1.570796 0.400000 971.000000
13.500000 1.284809 0.694444 -1.760190 1.570796 0.400000 971.000000
13.750000 1.332835 0.772059 -1.349376 1.570796 0.400000 971.000000
14.000000 1.381742 0.649038 -1.124953 1.570796 0.400000 971.000000
14.250000 1.431531 0.694444 -1.308978 1.570796 0.400000 971.000000
14.500000 1.482201 0.771429 -1.874559 1.570796 0.400000 971.000000
14.750000 1.533752 0.811856 -1.699873 1.570796 0.400000 971.000000
15.000000 1.586184 0.941558 -1.823492 4.712389 0.400000 971.000000
15.250000 1.639497 1.000000 1.199457 4.712389 0.400000 971.000000
15.500000 1.693692 1.000000 2.774993 4.712389 0.400000 971.000000
15.750000 1.748768 1.000000 3.804281 4.712389 0.400000 971.000000
16.000000 1.804725 0.566038 6.079552 3.141593 0.400000 971.000000
16.250000 1.861563 0.535714 8.517036 3.141593 0.400000 971.000000
16.500000 1.919282 0.500000 10.760523 3.141593 0.400000 971.000000
16.750000 1.977883 0.523256 12.211309 3.141593 0.400000 971.000000
17.000000 2.037365 0.500000 13.422676 3.141593 0.400000 971.000000
17.250000 2.097728 0.500000 14.548694 3.141593 0.400000 971.000000
17.500000 2.158972 0.500000 15.565868 3.141593 0.400000 971.000000
17.750000 2.221098 0.500000 16.740291 3.141593 0.400000 971.000000
18.000000 2.284105 0.548780 17.425592 3.141593 0.400000 971.000000
18.250000 2.347993 0.562500 18.329009 3.141593 0.400000 971.000000
18.500000 2.412762 0.576923 19.157178 3.141593 0.400000 971.000000
18.750000 2.478412 0.500000 20.048764 3.141593 0.400000 971.000000
19.000000 2.544944 0.500000 20.729740 3.141593 0.400000 971.000000
