6.000000 0.253789 1.220930 -1.721820 1.570796 0.400000 167.000000
6.250000 0.275379 1.250000 -1.792283 1.570796 0.400000 167.000000
6.500000 0.297850 1.379310 -1.826028 1.570796 0.400000 167.000000
6.750000 0.321202 0.882353 -1.763219 1.570796 0.400000 167.000000
7.000000 0.345436 1.011236 -1.873195 1.570796 0.400000 167.000000
7.250000 0.370550 1.102941 -1.533710 1.570796 0.400000 167.000000
7.500000 0.396546 0.509709 -1.865347 1.570796 0.400000 167.000000
7.750000 0.423423 0.500000 0.286032 1.570796 0.400000 167.000000
8.000000 0.451181 0.500000 1.122062 1.570796 0.400000 167.000000
8.250000 0.479821 0.500000 1.507776 1.570796 0.400000 167.000000
8.500000 0.509341 0.500000 1.644670 1.570796 0.400000 167.000000
8.750000 0.539743 0.500000 1.560630 1.570796 0.400000 167.000000
9.000000 0.571026 0.500000 1.221799 1.570796 0.400000 167.000000
9.250000 0.603190 0.500000 0.511523 1.570796 0.400000 167.000000
9.500000 0.636236 0.496324 -1.669125 1.570796 0.400000 167.000000
9.750000 0.670163 0.500000 1.486975 1.570796 0.400000 167.000000
10.000000 0.704971 0.500000 2.794388 1.570796 0.400000 167.000000
10.250000 0.740660 0.500000 3.653721 1.570796 0.400000 167.000000
10.500000 0.777230 0.500000 4.273501 1.570796 0.400000 167.000000
10.750000 0.814682 0.518868 4.739269 1.570796 0.400000 167.000000
11.000000 0.853014 0.517241 5.080908 1.570796 0.400000 167.000000
11.250000 0.892228 0.523256 5.338165 1.570796 0.400000 167.000000
11.500000 0.932324 0.519231 5.485032 1.570796 0.400000 167.000000
11.750000 0.973300 0.523256 5.553021 1.570796 0.400000 167.000000
12.000000 1.015158 0.519231 5.555583 1.570796 0.400000 167.000000
12.250000 1.057896 0.515267 5.473190 1.570796 0.400000 167.000000
12.500000 1.101516 0.523256 5.326102 1.570796 0.400000 167.000000
12.750000 1.146018 0.520833 5.066271 1.570796 0.400000 167.000000
13.000000 1.191400 0.510204 4.740052 1.570796 0.400000 167.000000
13.250000 1.237664 0.500000 4.289640 1.570796 0.400000 167.000000
13.500000 1.284809 0.500000 3.669677 1.570796 0.400000 167.000000
13.750000 1.332835 0.505952 2.821580 1.570796 0.400000 167.000000
14.000000 1.381742 0.500000 1.572009 1.570796 0.400000 167.000000
14.250000 1.431531 0.497449 -2.263671 1.570796 0.400000 167.000000
14.500000 1.482201 0.564516 -1.678625 1.570796 0.400000 167.000000
14.750000 1.533752 0.730769 -1.707329 1.570796 0.400000 167.000000
15.000000 1.586184 0.837054 -1.825293 1.570796 0.400000 167.000000
15.250000 1.639497 1.000000 0.757765 4.712389 0.400000 167.000000
15.500000 1.693692 1.000000 2.740007 4.712389 0.400000 167.000000
15.750000 1.748768 0.722892 4.988062 3.141593 0.400000 167.000000
16.000000 1.804725 0.611111 7.093146 3.141593 0.400000 167.000000
16.250000 1.861563 0.555556 8.542523 3.141593 0.400000 167.000000
16.500000 1.919282 0.500000 11.221213 3.141593 0.400000 167.000000
16.750000 1.977883 0.548780 12.515479 3.141593 0.400000 167.000000
17.000000 2.037365 0.520833 13.435382 3.141593 0.400000 167.000000
17.250000 2.097728 0.535714 14.438726 3.141593 0.400000 167.000000
17.500000 2.158972 0.545455 15.339272 3.141593 0.400000 167.000000
17.750000 2.221098 0.535714 16.317820 3.141593 0.400000 167.000000
18.000000 2.284105 0.500000 17.395624 3.141593 0.400000 167.000000
18.250000 2.347993 0.535714 18.160735 3.141593 0.400000 167.000000
18.500000 2.412762 0.562500 18.987409 3.141593 0.400000 167.000000
18.750000 2.478412 0.592105 19.822810 3.141593 0.400000 167.000000
19.000000 2.544944 0.500000 20.693763 3.141593 0.400000 167.000000
