6.000000 0.253789 1.829268 -1.727395 1.570796 0.400000 29.000000
6.250000 0.275379 2.019231 -1.805659 1.570796 0.400000 29.000000
6.500000 0.297850 2.321429 -1.807428 1.570796 0.400000 29.000000
6.750000 0.321202 1.781250 -1.812423 1.570796 0.400000 29.000000
7.000000 0.345436 1.551724 -1.793280 1.570796 0.400000 29.000000
7.250000 0.370550 1.612903 -1.757477 1.570796 0.400000 29.000000
7.500000 0.396546 1.725000 -1.832144 1.570796 0.400000 29.000000
7.750000 0.423423 1.853933 -2.052446 1.570796 0.400000 29.000000
8.000000 0.451181 0.506135 -0.840771 1.570796 0.400000 29.000000
8.250000 0.479821 0.500000 0.930912 1.570796 0.400000 29.000000
8.500000 0.509341 0.500000 1.609566 1.570796 0.400000 29.000000
8.750000 0.539743 0.508850 1.964485 1.570796 0.400000 29.000000
9.000000 0.571026 0.510753 2.111111 1.570796 0.400000 29.000000
9.250000 0.603190 0.507117 2.053461 1.570796 0.400000 29.000000
9.500000 0.636236 0.511364 2.285152 1.570796 0.400000 29.000000
9.750000 0.670163 0.503953 2.781724 1.570796 0.400000 29.000000
10.000000 0.704971 0.514706 3.571135 1.570796 0.400000 29.000000
10.250000 0.740660 0.511364 3.843522 1.570796 0.400000 29.000000
10.500000 0.777230 0.517241 3.972538 1.570796 0.400000 29.000000
10.750000 0.814682 0.500000 4.021014 1.570796 0.400000 29.000000
11.000000 0.853014 0.511364 3.916389 1.570796 0.400000 29.000000
11.250000 0.892228 0.508475 3.732416 1.570796 0.400000 29.000000
11.500000 0.932324 0.500000 3.419666 1.570796 0.400000 29.000000
11.750000 0.973300 0.508475 2.929163 1.570796 0.400000 29.000000
12.000000 1.015158 0.500000 2.235446 1.570796 0.400000 29.000000
12.250000 1.057896 0.500000 1.103662 1.570796 0.400000 29.000000
12.500000 1.101516 0.503049 -2.094671 1.570796 0.400000 29.000000
12.750000 1.146018 0.727273 -1.570504 1.570796 0.400000 29.000000
13.000000 1.191400 0.872093 -1.498650 1.570796 0.400000 29.000000
13.250000 1.237664 1.045455 -1.845880 1.570796 0.400000 29.000000
13.500000 1.284809 0.860656 -1.460112 1.570796 0.400000 29.000000
13.750000 1.332835 0.833333 -1.289604 1.570796 0.400000 29.000000
14.000000 1.381742 0.733333 -1.066611 1.570796 0.400000 29.000000
14.250000 1.431531 0.962567 -1.947944 1.570796 0.400000 29.000000
14.500000 1.482201 0.875635 -1.479203 1.570796 0.400000 29.000000
14.750000 1.533752 0.964286 -1.637244 1.570796 0.400000 29.000000
15.000000 1.586184 0.833333 -1.932740 4.712389 0.400000 29.000000
15.250000 1.639497 0.500000 2.660294 3.141593 0.400000 29.000000
15.500000 1.693692 0.496689 5.198273 3.141593 0.400000 29.000000
15.750000 1.748768 0.572917 6.804768 3.141593 0.400000 29.000000
16.000000 1.804725 0.562500 8.704034 3.141593 0.400000 29.000000
16.250000 1.861563 0.500000 10.941675 3.141593 0.400000 29.000000
16.500000 1.919282 0.500000 12.297883 3.141593 0.400000 29.000000
16.750000 1.977883 0.500000 13.366132 3.141593 0.400000 29.000000
17.000000 2.037365 0.500000 14.405300 3.141593 0.400000 29.000000
17.250000 2.097728 0.500000 15.249297 3.141593 0.400000 29.000000
17.500000 2.158972 0.555556 16.093721 3.141593 0.400000 29.000000
17.750000 2.221098 0.535714 16.934255 3.141593 0.400000 29.000000
18.000000 2.284105 0.576923 17.684668 3.141593 0.400000 29.000000
18.250000 2.347993 0.500000 18.550385 3.141593 0.400000 29.000000
18.500000 2.412762 0.500000 19.278932 3.141593 0.400000 29.000000
18.750000 2.478412 0.500000 19.796427 3.141593 0.400000 29.000000
19.000000 2.544944 0.535714 20.465856 3.141593 0.400000 29.000000
