6.000000 0.253789 0.914634 -1.652960 1.570796 0.400000 871.000000
6.250000 0.275379 0.903614 -1.695762 1.570796 0.400000 871.000000
6.500000 0.297850 0.948276 -1.672675 1.570796 0.400000 871.000000
6.750000 0.321202 0.970588 -1.689289 1.570796 0.400000 871.000000
7.000000 0.345436 0.741758 -1.832333 1.570796 0.400000 871.000000
7.250000 0.370550 0.833333 -1.351261 1.570796 0.400000 871.000000
7.500000 0.396546 0.519802 -1.830744 1.570796 0.400000 871.000000
7.750000 0.423423 0.500000 0.315409 1.570796 0.400000 871.000000
8.000000 0.451181 0.500000 1.131263 1.570796 0.400000 871.000000
8.250000 0.479821 0.500000 1.507498 1.570796 0.400000 871.000000
8.500000 0.509341 0.500000 1.637657 1.570796 0.400000 871.000000
8.750000 0.539743 0.500000 1.539505 1.570796 0.400000 871.000000
9.000000 0.571026 0.500000 1.186708 1.570796 0.400000 871.000000
9.250000 0.603190 0.501672 2.148561 1.570796 0.400000 871.000000
9.500000 0.636236 0.500000 2.814330 1.570796 0.400000 871.000000
9.750000 0.670163 0.500000 3.235840 1.570796 0.400000 871.000000
10.000000 0.704971 0.512195 3.486912 1.570796 0.400000 871.000000
10.250000 0.740660 0.502577 3.617501 1.570796 0.400000 871.000000
10.500000 0.777230 0.511364 3.634833 1.570796 0.400000 871.000000
10.750000 0.814682 0.510471 3.525263 1.570796 0.400000 871.000000
11.000000 0.853014 0.500000 3.292168 1.570796 0.400000 871.000000
11.250000 0.892228 0.508475 2.901625 1.570796 0.400000 871.000000
11.500000 0.932324 0.505319 2.336654 1.570796 0.400000 871.000000
11.750000 0.973300 0.500000 1.448352 1.570796 0.400000 871.000000
12.000000 1.015158 0.500000 -0.707364 1.570796 0.400000 871.000000
12.250000 1.057896 0.593220 -1.167990 1.570796 0.400000 871.000000
12.500000 1.101516 0.570175 -1.445287 1.570796 0.400000 871.000000
12.750000 1.146018 0.588235 -1.609948 1.570796 0.400000 871.000000
13.000000 1.191400 0.674157 -1.450372 1.570796 0.400000 871.000000
13.250000 1.237664 0.466321 -1.337824 1.570796 0.400000 871.000000
13.500000 1.284809 0.476190 -1.523039 1.570796 0.400000 871.000000
13.750000 1.332835 0.681818 -1.561546 1.570796 0.400000 871.000000
14.000000 1.381742 0.586592 -1.585518 1.570796 0.400000 871.000000
14.250000 1.431531 0.670391 -1.505896 1.570796 0.400000 871.000000
14.500000 1.482201 0.535714 -1.566923 1.570796 0.400000 871.000000
14.750000 1.533752 0.505319 -1.514628 3.141593 0.400000 871.000000
15.000000 1.586184 0.500000 3.867570 3.141593 0.400000 871.000000
15.250000 1.639497 0.542169 5.638654 3.141593 0.400000 871.000000
15.500000 1.693692 0.673077 6.313317 3.141593 0.400000 871.000000
15.750000 1.748768 0.611111 7.689299 3.141593 0.400000 871.000000
16.000000 1.804725 0.517241 9.670954 3.141593 0.400000 871.000000
16.250000 1.861563 0.500000 10.867862 3.141593 0.400000 871.000000
16.500000 1.919282 0.500000 12.326382 3.141593 0.400000 871.000000
16.750000 1.977883 0.529412 13.468359 3.141593 0.400000 871.000000
17.000000 2.037365 0.500000 13.454660 3.141593 0.400000 871.000000
17.250000 2.097728 0.520833 14.388679 3.141593 0.400000 871.000000
17.500000 2.158972 0.545455 15.396816 3.141593 0.400000 871.000000
17.750000 2.221098 0.526316 16.445741 3.141593 0.400000 871.000000
18.000000 2.284105 0.576923 17.477818 3.141593 0.400000 871.000000
18.250000 2.347993 0.500000 18.451769 3.141593 0.400000 871.000000
18.500000 2.412762 0.535714 19.151669 3.141593 0.400000 871.000000
18.750000 2.478412 0.562500 19.887337 3.141593 0.400000 871.000000
19.000000 2.544944 0.592105 20.661957 3.141593 0.400000 871.000000
