6.000000 0.253789 0.982143 -1.642714 1.570796 0.400000 611.000000
6.250000 0.275379 0.865385 -1.760715 1.570796 0.400000 611.000000
6.500000 0.297850 0.914634 -1.751677 1.570796 0.400000 611.000000
6.750000 0.321202 1.058824 -1.718720 1.570796 0.400000 611.000000
7.000000 0.345436 0.862069 -1.746878 1.570796 0.400000 611.000000
7.250000 0.370550 1.059783 -1.779558 1.570796 0.400000 611.000000
7.500000 0.396546 0.984848 -1.690634 1.570796 0.400000 611.000000
7.750000 0.423423 0.862069 -1.838613 1.570796 0.400000 611.000000
8.000000 0.451181 0.892857 -2.097695 1.570796 0.400000 611.000000
8.250000 0.479821 0.778302 -1.699774 1.570796 0.400000 611.000000
8.500000 0.509341 0.500000 0.011138 1.570796 0.400000 611.000000
8.750000 0.539743 0.500000 1.237917 1.570796 0.400000 611.000000
9.000000 0.571026 0.500000 1.829642 1.570796 0.400000 611.000000
9.250000 0.603190 0.500000 2.485304 1.570796 0.400000 611.000000
9.500000 0.636236 0.500000 2.918131 1.570796 0.400000 611.000000
9.750000 0.670163 0.500000 3.174441 1.570796 0.400000 611.000000
10.000000 0.704971 0.500000 3.293298 1.570796 0.400000 611.000000
10.250000 0.740660 0.514286 3.271869 1.570796 0.400000 611.000000
10.500000 0.777230 0.500000 3.144813 1.570796 0.400000 611.000000
10.750000 0.814682 0.500000 2.853742 1.570796 0.400000 611.000000
11.000000 0.853014 0.508475 2.374911 1.570796 0.400000 611.000000
11.250000 0.892228 0.505865 1.643465 1.570796 0.400000 611.000000
11.500000 0.932324 0.500000 0.283709 1.570796 0.400000 611.000000
11.750000 0.973300 0.502392 -0.234006 1.570796 0.400000 611.000000
12.000000 1.015158 0.475352 -1.534233 1.570796 0.400000 611.000000
12.250000 1.057896 0.538922 -1.365355 1.570796 0.400000 611.000000
12.500000 1.101516 0.482143 -1.764837 1.570796 0.400000 611.000000
12.750000 1.146018 0.480769 -1.418697 1.570796 0.400000 611.000000
13.000000 1.191400 0.478723 -1.717591 1.570796 0.400000 611.000000
13.250000 1.237664 0.500000 -1.523969 1.570796 0.400000 611.000000
13.500000 1.284809 0.545455 -1.701287 1.570796 0.400000 611.000000
13.750000 1.332835 0.489130 -1.551068 1.570796 0.400000 611.000000
14.000000 1.381742 0.496988 -1.678396 1.570796 0.400000 611.000000
14.250000 1.431531 0.549738 -1.549152 1.570796 0.400000 611.000000
14.500000 1.482201 0.677711 -1.669255 1.570796 0.400000 611.000000
14.750000 1.533752 0.700549 -1.609969 1.570796 0.400000 611.000000
15.000000 1.586184 0.656682 -1.620730 1.570796 0.400000 611.000000
15.250000 1.639497 0.500000 2.506360 3.141593 0.400000 611.000000
15.500000 1.693692 0.580110 4.762026 3.141593 0.400000 611.000000
15.750000 1.748768 0.654362 6.185758 3.141593 0.400000 611.000000
16.000000 1.804725 0.991379 4.508446 3.141593 0.400000 611.000000
16.250000 1.861563 0.526316 9.917331 3.141593 0.400000 611.000000
16.500000 1.919282 0.523256 11.778567 3.141593 0.400000 611.000000
16.750000 1.977883 0.500000 13.075300 3.141593 0.400000 611.000000
17.000000 2.037365 0.500000 14.025156 3.141593 0.400000 611.000000
17.250000 2.097728 0.559701 14.977073 3.141593 0.400000 611.000000
17.500000 2.158972 0.545455 15.788779 3.141593 0.400000 611.000000
17.750000 2.221098 0.517241 16.640338 3.141593 0.400000 611.000000
18.000000 2.284105 0.576923 17.387734 3.141593 0.400000 611.000000
18.250000 2.347993 0.535714 18.203193 3.141593 0.400000 611.000000
18.500000 2.412762 0.548780 18.825268 3.141593 0.400000 611.000000
18.750000 2.478412 0.562500 19.444759 3.141593 0.400000 611.000000
19.000000 2.544944 0.562500 20.111360 3.141593 0.400000 611.000000
