6.000000 0.253789 0.937500 -1.616574 1.570796 0.400000 411.000000
6.250000 0.275379 1.084337 -1.712531 1.570796 0.400000 411.000000
6.500000 0.297850 1.120690 -1.690618 1.570796 0.400000 411.000000
6.750000 0.321202 1.037234 -1.679008 1.570796 0.400000 411.000000
7.000000 0.345436 1.166667 -1.772126 1.570796 0.400000 411.000000
7.250000 0.370550 1.048387 -1.806141 1.570796 0.400000 411.000000
7.500000 0.396546 0.994898 -1.642762 1.570796 0.400000 411.000000
7.750000 0.423423 0.825000 -1.751772 1.570796 0.400000 411.000000
8.000000 0.451181 1.308140 -1.875937 1.570796 0.400000 411.000000
8.250000 0.479821 0.860656 -1.418305 1.570796 0.400000 411.000000
8.500000 0.509341 0.503356 -1.159429 1.570796 0.400000 411.000000
8.750000 0.539743 0.500000 1.165911 1.570796 0.400000 411.000000
9.000000 0.571026 0.500000 2.029809 1.570796 0.400000 411.000000
9.250000 0.603190 0.498339 1.908827 1.570796 0.400000 411.000000
9.500000 0.636236 0.502092 2.796004 1.570796 0.400000 411.000000
9.750000 0.670163 0.509709 3.054030 1.570796 0.400000 411.000000
10.000000 0.704971 0.514286 3.463310 1.570796 0.400000 411.000000
10.250000 0.740660 0.512422 3.753471 1.570796 0.400000 411.000000
10.500000 0.777230 0.515625 3.886055 1.570796 0.400000 411.000000
10.750000 0.814682 0.500000 3.925342 1.570796 0.400000 411.000000
11.000000 0.853014 0.500000 3.811854 1.570796 0.400000 411.000000
11.250000 0.892228 0.511364 3.576764 1.570796 0.400000 411.000000
11.500000 0.932324 0.507812 3.220850 1.570796 0.400000 411.000000
11.750000 0.973300 0.506757 2.688861 1.570796 0.400000 411.000000
12.000000 1.015158 0.500000 1.887889 1.570796 0.400000 411.000000
12.250000 1.057896 0.500000 0.438210 1.570796 0.400000 411.000000
12.500000 1.101516 0.538278 -0.327602 1.570796 0.400000 411.000000
12.750000 1.146018 0.531915 -1.482716 1.570796 0.400000 411.000000
13.000000 1.191400 0.592105 -1.372884 1.570796 0.400000 411.000000
13.250000 1.237664 0.564516 -1.223270 1.570796 0.400000 411.000000
13.500000 1.284809 0.526316 -1.523205 1.570796 0.400000 411.000000
13.750000 1.332835 0.580110 -1.398820 1.570796 0.400000 411.000000
14.000000 1.381742 0.563584 -1.528112 1.570796 0.400000 411.000000
14.250000 1.431531 0.561497 -1.411767 1.570796 0.400000 411.000000
14.500000 1.482201 0.600000 -1.259900 1.570796 0.400000 411.000000
14.750000 1.533752 0.576923 -1.487852 1.570796 0.400000 411.000000
15.000000 1.586184 0.586957 -1.500103 1.570796 0.400000 411.000000
15.250000 1.639497 1.000000 -1.061914 4.712389 0.400000 411.000000
15.500000 1.693692 1.000000 2.269765 4.712389 0.400000 411.000000
15.750000 1.748768 0.517241 4.698737 3.141593 0.400000 411.000000
16.000000 1.804725 0.495868 6.965622 3.141593 0.400000 411.000000
16.250000 1.861563 0.500000 8.855973 3.141593 0.400000 411.000000
16.500000 1.919282 0.495283 10.448555 3.141593 0.400000 411.000000
16.750000 1.977883 0.525000 11.321102 3.141593 0.400000 411.000000
17.000000 2.037365 0.523256 13.536382 3.141593 0.400000 411.000000
17.250000 2.097728 0.520833 14.707406 3.141593 0.400000 411.000000
17.500000 2.158972 0.535714 15.675977 3.141593 0.400000 411.000000
17.750000 2.221098 0.545455 16.532667 3.141593 0.400000 411.000000
18.000000 2.284105 0.526316 17.420011 3.141593 0.400000 411.000000
18.250000 2.347993 0.500000 18.423074 3.141593 0.400000 411.000000
18.500000 2.412762 0.500000 19.228912 3.141593 0.400000 411.000000
18.750000 2.478412 0.548780 19.863251 3.141593 0.400000 411.000000
19.000000 2.544944 0.562500 20.542864 3.141593 0.400000 411.000000
