6.000000 0.253789 0.722892 -1.529744 1.570796 0.400000 192.000000
6.250000 0.275379 0.775862 -1.671155 1.570796 0.400000 192.000000
6.500000 0.297850 0.916667 -1.649018 1.570796 0.400000 192.000000
6.750000 0.321202 1.022727 -1.664393 1.570796 0.400000 192.000000
7.000000 0.345436 0.815217 -1.605968 1.570796 0.400000 192.000000
7.250000 0.370550 0.649038 -1.503344 1.570796 0.400000 192.000000
7.500000 0.396546 0.865385 -1.267508 1.570796 0.400000 192.000000
7.750000 0.423423 0.517241 -1.750760 1.570796 0.400000 192.000000
8.000000 0.451181 0.500000 0.463859 1.570796 0.400000 192.000000
8.250000 0.479821 0.500000 1.314547 1.570796 0.400000 192.000000
8.500000 0.509341 0.500000 1.740402 1.570796 0.400000 192.000000
8.750000 0.539743 0.505051 1.924231 1.570796 0.400000 192.000000
9.000000 0.571026 0.500000 1.909129 1.570796 0.400000 192.000000
9.250000 0.603190 0.501592 1.714052 1.570796 0.400000 192.000000
9.500000 0.636236 0.501859 2.517640 1.570796 0.400000 192.000000
9.750000 0.670163 0.500000 3.164297 1.570796 0.400000 192.000000
10.000000 0.704971 0.500000 3.533306 1.570796 0.400000 192.000000
10.250000 0.740660 0.514286 3.725626 1.570796 0.400000 192.000000
10.500000 0.777230 0.517241 3.781189 1.570796 0.400000 192.000000
10.750000 0.814682 0.514286 3.742825 1.570796 0.400000 192.000000
11.000000 0.853014 0.508475 3.605447 1.570796 0.400000 192.000000
11.250000 0.892228 0.510471 3.326626 1.570796 0.400000 192.000000
11.500000 0.932324 0.509050 2.894794 1.570796 0.400000 192.000000
11.750000 0.973300 0.505319 2.252534 1.570796 0.400000 192.000000
12.000000 1.015158 0.500000 1.239246 1.570796 0.400000 192.000000
12.250000 1.057896 0.500000 -1.721655 1.570796 0.400000 192.000000
12.500000 1.101516 0.617647 -1.309338 1.570796 0.400000 192.000000
12.750000 1.146018 0.500000 -1.305790 1.570796 0.400000 192.000000
13.000000 1.191400 0.615385 -1.409763 1.570796 0.400000 192.000000
13.250000 1.237664 0.438596 -1.433261 1.570796 0.400000 192.000000
13.500000 1.284809 0.527638 -1.276676 1.570796 0.400000 192.000000
13.750000 1.332835 0.482456 -1.511521 1.570796 0.400000 192.000000
14.000000 1.381742 0.653409 -0.885305 1.570796 0.400000 192.000000
14.250000 1.431531 0.585938 -1.039260 1.570796 0.400000 192.000000
14.500000 1.482201 0.558140 -1.494888 1.570796 0.400000 192.000000
14.750000 1.533752 0.586957 -1.700472 1.570796 0.400000 192.000000
15.000000 1.586184 0.895833 0.025937 3.141593 0.400000 192.000000
15.250000 1.639497 0.497449 3.998473 3.141593 0.400000 192.000000
15.500000 1.693692 0.500000 6.244490 3.141593 0.400000 192.000000
15.750000 1.748768 0.517241 7.951614 3.141593 0.400000 192.000000
16.000000 1.804725 0.500000 8.955321 3.141593 0.400000 192.000000
16.250000 1.861563 0.495283 9.789373 3.141593 0.400000 192.000000
16.500000 1.919282 0.500000 10.945448 3.141593 0.400000 192.000000
16.750000 1.977883 0.511364 12.212920 3.141593 0.400000 192.000000
17.000000 2.037365 0.529412 14.218605 3.141593 0.400000 192.000000
17.250000 2.097728 0.528169 14.725499 3.141593 0.400000 192.000000
17.500000 2.158972 0.500000 15.674313 3.141593 0.400000 192.000000
17.750000 2.221098 0.500000 16.607289 3.141593 0.400000 192.000000
18.000000 2.284105 0.535714 17.407231 3.141593 0.400000 192.000000
18.250000 2.347993 0.566038 18.278900 3.141593 0.400000 192.000000
18.500000 2.412762 0.500000 19.230958 3.141593 0.400000 192.000000
18.750000 2.478412 0.535714 19.943958 3.141593 0.400000 192.000000
19.000000 2.544944 0.562500 20.458350 3.141593 0.400000 192.000000
