6.000000 0.253789 0.769231 -1.710039 1.570796 0.400000 444.000000
6.250000 0.275379 1.057692 -1.790076 1.570796 0.400000 444.000000
6.500000 0.297850 1.000000 -1.698255 1.570796 0.400000 444.000000
6.750000 0.321202 1.147059 -1.853031 1.570796 0.400000 444.000000
7.000000 0.345436 0.887097 -1.645031 1.570796 0.400000 444.000000
7.250000 0.370550 1.071429 -1.821939 1.570796 0.400000 444.000000
7.500000 0.396546 0.750000 -1.602831 1.570796 0.400000 444.000000
7.750000 0.423423 0.967742 -1.798815 1.570796 0.400000 444.000000
8.000000 0.451181 0.911215 -1.032602 1.570796 0.400000 444.000000
8.250000 0.479821 0.505618 -1.200645 1.570796 0.400000 444.000000
8.500000 0.509341 0.500000 1.028873 1.570796 0.400000 444.000000
8.750000 0.539743 0.500000 1.828092 1.570796 0.400000 444.000000
9.000000 0.571026 0.506757 2.282093 1.570796 0.400000 444.000000
9.250000 0.603190 0.506329 2.532304 1.570796 0.400000 444.000000
9.500000 0.636236 0.500000 2.618653 1.570796 0.400000 444.000000
9.750000 0.670163 0.509050 2.540110 1.570796 0.400000 444.000000
10.000000 0.704971 0.500000 2.432953 1.570796 0.400000 444.000000
10.250000 0.740660 0.504484 2.929263 1.570796 0.400000 444.000000
10.500000 0.777230 0.504202 3.518930 1.570796 0.400000 444.000000
10.750000 0.814682 0.512195 4.451221 1.570796 0.400000 444.000000
11.000000 0.853014 0.510471 4.666519 1.570796 0.400000 444.000000
11.250000 0.892228 0.500000 4.710333 1.570796 0.400000 444.000000
11.500000 0.932324 0.500000 4.660277 1.570796 0.400000 444.000000
11.750000 0.973300 0.500000 4.504348 1.570796 0.400000 444.000000
12.000000 1.015158 0.507246 4.244658 1.570796 0.400000 444.000000
12.250000 1.057896 0.500000 3.883242 1.570796 0.400000 444.000000
12.500000 1.101516 0.500000 3.356530 1.570796 0.400000 444.000000
12.750000 1.146018 0.505865 2.629972 1.570796 0.400000 444.000000
13.000000 1.191400 0.500000 1.536196 1.570796 0.400000 444.000000
13.250000 1.237664 0.541667 -1.465625 1.570796 0.400000 444.000000
13.500000 1.284809 0.503049 -1.536508 1.570796 0.400000 444.000000
13.750000 1.332835 0.553977 -1.539673 1.570796 0.400000 444.000000
14.000000 1.381742 0.431034 -1.612912 1.570796 0.400000 444.000000
14.250000 1.431531 0.596234 -0.973517 1.570796 0.400000 444.000000
14.500000 1.482201 0.427632 -1.286567 1.570796 0.400000 444.000000
14.750000 1.533752 0.549738 -1.441117 1.570796 0.400000 444.000000
15.000000 1.586184 0.566667 -1.573588 1.570796 0.400000 444.000000
15.250000 1.639497 1.000000 0.678276 4.712389 0.400000 444.000000
15.500000 1.693692 0.994898 2.618558 4.712389 0.400000 444.000000
15.750000 1.748768 0.583333 3.869316 3.141593 0.400000 444.000000
16.000000 1.804725 0.496324 6.501149 3.141593 0.400000 444.000000
16.250000 1.861563 0.500000 8.579766 3.141593 0.400000 444.000000
16.500000 1.919282 0.509709 10.342720 3.141593 0.400000 444.000000
16.750000 1.977883 0.500000 11.709351 3.141593 0.400000 444.000000
17.000000 2.037365 0.519802 12.505946 3.141593 0.400000 444.000000
17.250000 2.097728 0.500000 14.596788 3.141593 0.400000 444.000000
17.500000 2.158972 0.520833 15.603341 3.141593 0.400000 444.000000
17.750000 2.221098 0.535714 16.506323 3.141593 0.400000 444.000000
18.000000 2.284105 0.526316 17.416622 3.141593 0.400000 444.000000
18.250000 2.347993 0.500000 18.488362 3.141593 0.400000 444.000000
18.500000 2.412762 0.500000 19.312718 3.141593 0.400000 444.000000
18.750000 2.478412 0.548780 19.967159 3.141593 0.400000 444.000000
19.000000 2.544944 0.562500 20.657911 3.141593 0.400000 444.000000
