6.000000 0.253789 0.964286 -1.755613 1.570796 0.400000 471.000000
6.250000 0.275379 0.854430 -1.796483 1.570796 0.400000 471.000000
6.500000 0.297850 0.775862 -1.731689 1.570796 0.400000 471.000000
6.750000 0.321202 0.882353 -1.823828 1.570796 0.400000 471.000000
7.000000 0.345436 0.640244 -1.749909 1.570796 0.400000 471.000000
7.250000 0.370550 0.892857 -1.807681 1.570796 0.400000 471.000000
7.500000 0.396546 0.594059 -1.620364 1.570796 0.400000 471.000000
7.750000 0.423423 0.742574 -1.588524 1.570796 0.400000 471.000000
8.000000 0.451181 0.617647 -2.287163 1.570796 0.400000 471.000000
8.250000 0.479821 0.500000 0.140397 1.570796 0.400000 471.000000
8.500000 0.509341 0.500000 1.352891 1.570796 0.400000 471.000000
8.750000 0.539743 0.500000 1.961809 1.570796 0.400000 471.000000
9.000000 0.571026 0.500000 2.298200 1.570796 0.400000 471.000000
9.250000 0.603190 0.500000 2.434212 1.570796 0.400000 471.000000
9.500000 0.636236 0.508475 2.449498 1.570796 0.400000 471.000000
9.750000 0.670163 0.502232 2.561557 1.570796 0.400000 471.000000
10.000000 0.704971 0.502577 3.392948 1.570796 0.400000 471.000000
10.250000 0.740660 0.514286 3.748800 1.570796 0.400000 471.000000
10.500000 0.777230 0.517241 3.861138 1.570796 0.400000 471.000000
10.750000 0.814682 0.500000 3.872659 1.570796 0.400000 471.000000
11.000000 0.853014 0.500000 3.731746 1.570796 0.400000 471.000000
11.250000 0.892228 0.502577 3.480567 1.570796 0.400000 471.000000
11.500000 0.932324 0.511364 3.078251 1.570796 0.400000 471.000000
11.750000 0.973300 0.507519 2.503550 1.570796 0.400000 471.000000
12.000000 1.015158 0.500000 1.626932 1.570796 0.400000 471.000000
12.250000 1.057896 0.500000 -0.203250 1.570796 0.400000 471.000000
12.500000 1.101516 0.481283 -1.017092 1.570796 0.400000 471.000000
12.750000 1.146018 0.458333 -1.383715 1.570796 0.400000 471.000000
13.000000 1.191400 0.488166 -1.562492 1.570796 0.400000 471.000000
13.250000 1.237664 0.497238 -1.445407 1.570796 0.400000 471.000000
13.500000 1.284809 0.563584 -1.638027 1.570796 0.400000 471.000000
13.750000 1.332835 0.611413 -1.497788 1.570796 0.400000 471.000000
14.000000 1.381742 0.483871 -1.641962 1.570796 0.400000 471.000000
14.250000 1.431531 0.492424 -1.453421 1.570796 0.400000 471.000000
14.500000 1.482201 0.507246 -1.367697 1.570796 0.400000 471.000000
14.750000 1.533752 0.494924 -1.599514 1.570796 0.400000 471.000000
15.000000 1.586184 0.715909 -1.693143 1.570796 0.400000 471.000000
15.250000 1.639497 1.000000 -0.189304 4.712389 0.400000 471.000000
15.500000 1.693692 0.500000 3.415068 3.141593 0.400000 471.000000
15.750000 1.748768 0.496324 5.708799 3.141593 0.400000 471.000000
16.000000 1.804725 0.563910 7.310650 3.141593 0.400000 471.000000
16.250000 1.861563 0.581395 8.621472 3.141593 0.400000 471.000000
16.500000 1.919282 0.500000 11.189893 3.141593 0.400000 471.000000
16.750000 1.977883 0.500000 12.581503 3.141593 0.400000 471.000000
17.000000 2.037365 0.500000 13.664413 3.141593 0.400000 471.000000
17.250000 2.097728 0.500000 14.763446 3.141593 0.400000 471.000000
17.500000 2.158972 0.500000 15.660234 3.141593 0.400000 471.000000
17.750000 2.221098 0.555556 16.578411 3.141593 0.400000 471.000000
18.000000 2.284105 0.535714 17.424570 3.141593 0.400000 471.000000
18.250000 2.347993 0.562500 18.205162 3.141593 0.400000 471.000000
18.500000 2.412762 0.576923 19.092021 3.141593 0.400000 471.000000
18.750000 2.478412 0.500000 19.908194 3.141593 0.400000 471.000000
19.000000 2.544944 0.500000 20.572464 3.141593 0.400000 471.000000
