6.000000 0.253789 1.500000 -1.664473 1.570796 0.400000 699.000000
6.250000 0.275379 1.388889 -1.749113 1.570796 0.400000 699.000000
6.500000 0.297850 1.209677 -1.677399 1.570796 0.400000 699.000000
6.750000 0.321202 1.401099 -1.736701 1.570796 0.400000 699.000000
7.000000 0.345436 1.436170 -1.706707 1.570796 0.400000 699.000000
7.250000 0.370550 1.237113 -1.688387 1.570796 0.400000 699.000000
7.500000 0.396546 1.022727 -1.581550 1.570796 0.400000 699.000000
7.750000 0.423423 1.176471 -1.634319 1.570796 0.400000 699.000000
8.000000 0.451181 1.287879 -1.704964 1.570796 0.400000 699.000000
8.250000 0.479821 0.716912 -1.021455 1.570796 0.400000 699.000000
8.500000 0.509341 0.500000 0.030433 1.570796 0.400000 699.000000
8.750000 0.539743 0.500000 1.457517 1.570796 0.400000 699.000000
9.000000 0.571026 0.500000 2.154263 1.570796 0.400000 699.000000
9.250000 0.603190 0.498155 2.442323 1.570796 0.400000 699.000000
9.500000 0.636236 0.500000 2.852202 1.570796 0.400000 699.000000
9.750000 0.670163 0.514706 2.972592 1.570796 0.400000 699.000000
10.000000 0.704971 0.515873 3.223340 1.570796 0.400000 699.000000
10.250000 0.740660 0.517241 3.473719 1.570796 0.400000 699.000000
10.500000 0.777230 0.500000 3.596397 1.570796 0.400000 699.000000
10.750000 0.814682 0.517241 3.569898 1.570796 0.400000 699.000000
11.000000 0.853014 0.500000 3.397377 1.570796 0.400000 699.000000
11.250000 0.892228 0.507246 3.059153 1.570796 0.400000 699.000000
11.500000 0.932324 0.507968 2.530020 1.570796 0.400000 699.000000
11.750000 0.973300 0.500000 1.730592 1.570796 0.400000 699.000000
12.000000 1.015158 0.500000 0.225044 1.570796 0.400000 699.000000
12.250000 1.057896 0.576923 -0.833867 1.570796 0.400000 699.000000
12.500000 1.101516 0.497449 -1.284246 1.570796 0.400000 699.000000
12.750000 1.146018 0.538922 -1.409745 1.570796 0.400000 699.000000
13.000000 1.191400 0.583333 -1.333372 1.570796 0.400000 699.000000
13.250000 1.237664 0.652174 -1.530339 1.570796 0.400000 699.000000
13.500000 1.284809 0.625000 -1.447741 1.570796 0.400000 699.000000
13.750000 1.332835 0.674157 -1.495654 1.570796 0.400000 699.000000
14.000000 1.381742 0.621762 -1.442916 1.570796 0.400000 699.000000
14.250000 1.431531 0.612245 -1.544310 1.570796 0.400000 699.000000
14.500000 1.482201 0.544041 -1.448297 1.570796 0.400000 699.000000
14.750000 1.533752 0.687773 -1.279354 1.570796 0.400000 699.000000
15.000000 1.586184 0.605381 -1.594403 1.570796 0.400000 699.000000
15.250000 1.639497 1.000000 -0.176547 4.712389 0.400000 699.000000
15.500000 1.693692 0.998201 2.460147 4.712389 0.400000 699.000000
15.750000 1.748768 0.692308 3.901107 3.141593 0.400000 699.000000
16.000000 1.804725 0.520833 6.299134 3.141593 0.400000 699.000000
16.250000 1.861563 0.500000 8.118434 3.141593 0.400000 699.000000
16.500000 1.919282 0.495283 9.757068 3.141593 0.400000 699.000000
16.750000 1.977883 0.517241 11.273317 3.141593 0.400000 699.000000
17.000000 2.037365 0.517241 13.067136 3.141593 0.400000 699.000000
17.250000 2.097728 0.500000 14.201493 3.141593 0.400000 699.000000
17.500000 2.158972 0.517241 15.358526 3.141593 0.400000 699.000000
17.750000 2.221098 0.517241 16.372337 3.141593 0.400000 699.000000
18.000000 2.284105 0.500000 17.412677 3.141593 0.400000 699.000000
18.250000 2.347993 0.548780 18.157844 3.141593 0.400000 699.000000
18.500000 2.412762 0.576923 19.071702 3.141593 0.400000 699.000000
18.750000 2.478412 0.500000 20.013452 3.141593 0.400000 699.000000
19.000000 2.544944 0.500000 20.808918 3.141593 0.400000 699.000000
