6.000000 0.253789 1.445783 -1.716236 1.570796 0.400000 741.000000
6.250000 0.275379 1.445783 -1.725475 1.570796 0.400000 741.000000
6.500000 0.297850 1.379310 -1.714950 1.570796 0.400000 741.000000
6.750000 0.321202 1.451613 -1.667572 1.570796 0.400000 741.000000
7.000000 0.345436 1.428571 -1.676258 1.570796 0.400000 741.000000
7.250000 0.370550 1.469072 -1.761126 1.570796 0.400000 741.000000
7.500000 0.396546 1.165049 -1.619744 1.570796 0.400000 741.000000
7.750000 0.423423 1.350000 -1.745760 1.570796 0.400000 741.000000
8.000000 0.451181 1.032110 -1.450438 1.570796 0.400000 741.000000
8.250000 0.479821 0.500000 -0.381135 1.570796 0.400000 741.000000
8.500000 0.509341 0.500000 1.197914 1.570796 0.400000 741.000000
8.750000 0.539743 0.500000 1.905676 1.570796 0.400000 741.000000
9.000000 0.571026 0.500000 2.312922 1.570796 0.400000 741.000000
9.250000 0.603190 0.510638 2.509800 1.570796 0.400000 741.000000
9.500000 0.636236 0.508475 2.528312 1.570796 0.400000 741.000000
9.750000 0.670163 0.509050 2.603402 1.570796 0.400000 741.000000
10.000000 0.704971 0.513699 2.848161 1.570796 0.400000 741.000000
10.250000 0.740660 0.511364 3.857847 1.570796 0.400000 741.000000
10.500000 0.777230 0.518868 4.186789 1.570796 0.400000 741.000000
10.750000 0.814682 0.500000 4.351324 1.570796 0.400000 741.000000
11.000000 0.853014 0.513699 4.388311 1.570796 0.400000 741.000000
11.250000 0.892228 0.500000 4.337080 1.570796 0.400000 741.000000
11.500000 0.932324 0.512422 4.158749 1.570796 0.400000 741.000000
11.750000 0.973300 0.517241 3.893543 1.570796 0.400000 741.000000
12.000000 1.015158 0.507812 3.497105 1.570796 0.400000 741.000000
12.250000 1.057896 0.506757 2.934240 1.570796 0.400000 741.000000
12.500000 1.101516 0.506431 2.105856 1.570796 0.400000 741.000000
12.750000 1.146018 0.500000 0.694614 1.570796 0.400000 741.000000
13.000000 1.191400 0.535714 -0.497375 1.570796 0.400000 741.000000
13.250000 1.237664 0.512422 -1.825487 1.570796 0.400000 741.000000
13.500000 1.284809 0.587349 -1.466053 1.570796 0.400000 741.000000
13.750000 1.332835 0.573770 -1.339424 1.570796 0.400000 741.000000
14.000000 1.381742 0.593220 -1.584968 1.570796 0.400000 741.000000
14.250000 1.431531 0.653846 -1.432325 1.570796 0.400000 741.000000
14.500000 1.482201 0.631579 -1.477221 1.570796 0.400000 741.000000
14.750000 1.533752 0.787500 -1.487201 1.570796 0.400000 741.000000
15.000000 1.586184 0.691244 -1.495689 1.570796 0.400000 741.000000
15.250000 1.639497 1.000000 -0.184868 4.712389 0.400000 741.000000
15.500000 1.693692 1.000000 2.481483 4.712389 0.400000 741.000000
15.750000 1.748768 0.964286 3.306597 3.141593 0.400000 741.000000
16.000000 1.804725 0.660377 5.543624 3.141593 0.400000 741.000000
16.250000 1.861563 0.555556 7.206300 3.141593 0.400000 741.000000
16.500000 1.919282 0.562500 9.127073 3.141593 0.400000 741.000000
16.750000 1.977883 0.500000 11.913623 3.141593 0.400000 741.000000
17.000000 2.037365 0.500000 13.264515 3.141593 0.400000 741.000000
17.250000 2.097728 0.513699 14.404391 3.141593 0.400000 741.000000
17.500000 2.158972 0.526316 15.412568 3.141593 0.400000 741.000000
17.750000 2.221098 0.500000 16.377905 3.141593 0.400000 741.000000
18.000000 2.284105 0.500000 17.509362 3.141593 0.400000 741.000000
18.250000 2.347993 0.548780 18.132241 3.141593 0.400000 741.000000
18.500000 2.412762 0.562500 19.020350 3.141593 0.400000 741.000000
18.750000 2.478412 0.576923 19.928872 3.141593 0.400000 741.000000
19.000000 2.544944 0.500000 20.723354 3.141593 0.400000 741.000000
