6.000000 0.253789 0.949367 -1.735142 1.570796 0.400000 668.000000
6.250000 0.275379 1.111111 -1.763919 1.570796 0.400000 668.000000
6.500000 0.297850 0.959302 -1.677235 1.570796 0.400000 668.000000
6.750000 0.321202 0.916667 -1.745494 1.570796 0.400000 668.000000
7.000000 0.345436 1.058824 -1.647739 1.570796 0.400000 668.000000
7.250000 0.370550 1.222826 -1.785195 1.570796 0.400000 668.000000
7.500000 0.396546 0.825688 -1.548008 1.570796 0.400000 668.000000
7.750000 0.423423 0.965347 -1.446183 1.570796 0.400000 668.000000
8.000000 0.451181 0.664557 -2.363463 1.570796 0.400000 668.000000
8.250000 0.479821 0.500000 0.088982 1.570796 0.400000 668.000000
8.500000 0.509341 0.500000 1.328788 1.570796 0.400000 668.000000
8.750000 0.539743 0.500000 1.944260 1.570796 0.400000 668.000000
9.000000 0.571026 0.509434 2.275351 1.570796 0.400000 668.000000
9.250000 0.603190 0.500000 2.440725 1.570796 0.400000 668.000000
9.500000 0.636236 0.500000 2.438334 1.570796 0.400000 668.000000
9.750000 0.670163 0.511364 2.586741 1.570796 0.400000 668.000000
10.000000 0.704971 0.500000 3.002934 1.570796 0.400000 668.000000
10.250000 0.740660 0.500000 3.237851 1.570796 0.400000 668.000000
10.500000 0.777230 0.500000 3.176392 1.570796 0.400000 668.000000
10.750000 0.814682 0.510638 2.910925 1.570796 0.400000 668.000000
11.000000 0.853014 0.507117 2.469880 1.570796 0.400000 668.000000
11.250000 0.892228 0.500000 1.783519 1.570796 0.400000 668.000000
11.500000 0.932324 0.500000 0.565401 1.570796 0.400000 668.000000
11.750000 0.973300 0.576923 -1.512798 1.570796 0.400000 668.000000
12.000000 1.015158 0.638298 -1.658726 1.570796 0.400000 668.000000
12.250000 1.057896 0.664557 -1.495691 1.570796 0.400000 668.000000
12.500000 1.101516 0.772059 -1.624337 1.570796 0.400000 668.000000
12.750000 1.146018 0.590909 -1.479207 1.570796 0.400000 668.000000
13.000000 1.191400 0.637255 -1.619750 1.570796 0.400000 668.000000
13.250000 1.237664 0.636364 -1.515738 1.570796 0.400000 668.000000
13.500000 1.284809 0.636364 -1.616720 1.570796 0.400000 668.000000
13.750000 1.332835 0.674157 -1.467998 1.570796 0.400000 668.000000
14.000000 1.381742 0.500000 -1.639756 1.570796 0.400000 668.000000
14.250000 1.431531 0.662791 -1.078973 1.570796 0.400000 668.000000
14.500000 1.482201 0.519802 -1.460475 1.570796 0.400000 668.000000
14.750000 1.533752 0.603015 -1.448778 1.570796 0.400000 668.000000
15.000000 1.586184 0.725806 -1.595300 1.570796 0.400000 668.000000
15.250000 1.639497 1.000000 1.389971 4.712389 0.400000 668.000000
15.500000 1.693692 0.996678 2.661360 4.712389 0.400000 668.000000
15.750000 1.748768 0.580110 4.314658 3.141593 0.400000 668.000000
16.000000 1.804725 0.496324 6.700215 3.141593 0.400000 668.000000
16.250000 1.861563 0.512821 8.685837 3.141593 0.400000 668.000000
16.500000 1.919282 0.495283 10.304578 3.141593 0.400000 668.000000
16.750000 1.977883 0.517241 12.130758 3.141593 0.400000 668.000000
17.000000 2.037365 0.500000 13.545985 3.141593 0.400000 668.000000
17.250000 2.097728 0.520833 14.648392 3.141593 0.400000 668.000000
17.500000 2.158972 0.526316 15.644792 3.141593 0.400000 668.000000
17.750000 2.221098 0.500000 16.549290 3.141593 0.400000 668.000000
18.000000 2.284105 0.500000 17.650158 3.141593 0.400000 668.000000
18.250000 2.347993 0.535714 18.309721 3.141593 0.400000 668.000000
18.500000 2.412762 0.576923 19.056114 3.141593 0.400000 668.000000
18.750000 2.478412 0.576923 19.834703 3.141593 0.400000 668.000000
19.000000 2.544944 0.576923 20.577178 3.141593 0.400000 668.000000
