6.000000 0.253789 0.906593 -1.580870 1.570796 0.400000 765.000000
6.250000 0.275379 0.868421 -1.584146 1.570796 0.400000 765.000000
6.500000 0.297850 0.877660 -1.615971 1.570796 0.400000 765.000000
6.750000 0.321202 0.797872 -1.655117 1.570796 0.400000 765.000000
7.000000 0.345436 0.978261 -1.702258 1.570796 0.400000 765.000000
7.250000 0.370550 0.808824 -1.630374 1.570796 0.400000 765.000000
7.500000 0.396546 0.857143 -1.611430 1.570796 0.400000 765.000000
7.750000 0.423423 0.816832 -1.684794 1.570796 0.400000 765.000000
8.000000 0.451181 0.928571 -1.658057 1.570796 0.400000 765.000000
8.250000 0.479821 0.500000 0.834735 1.570796 0.400000 765.000000
8.500000 0.509341 0.769231 -1.522893 1.570796 0.400000 765.000000
8.750000 0.539743 0.500000 1.999490 1.570796 0.400000 765.000000
9.000000 0.571026 0.500000 2.185169 1.570796 0.400000 765.000000
9.250000 0.603190 0.507353 2.189057 1.570796 0.400000 765.000000
9.500000 0.636236 0.495690 1.606668 1.570796 0.400000 765.000000
9.750000 0.670163 0.500000 2.468159 1.570796 0.400000 765.000000
10.000000 0.704971 0.514706 3.305645 1.570796 0.400000 765.000000
10.250000 0.740660 0.500000 3.909128 1.570796 0.400000 765.000000
10.500000 0.777230 0.500000 4.345763 1.570796 0.400000 765.000000
10.750000 0.814682 0.511364 4.650607 1.570796 0.400000 765.000000
11.000000 0.853014 0.515267 4.842879 1.570796 0.400000 765.000000
11.250000 0.892228 0.523256 4.940513 1.570796 0.400000 765.000000
11.500000 0.932324 0.500000 4.993425 1.570796 0.400000 765.000000
11.750000 0.973300 0.523256 4.889405 1.570796 0.400000 765.000000
12.000000 1.015158 0.507519 4.746365 1.570796 0.400000 765.000000
12.250000 1.057896 0.500000 4.518141 1.570796 0.400000 765.000000
12.500000 1.101516 0.513699 4.125199 1.570796 0.400000 765.000000
12.750000 1.146018 0.511364 3.612454 1.570796 0.400000 765.000000
13.000000 1.191400 0.507246 2.925533 1.570796 0.400000 765.000000
13.250000 1.237664 0.500000 1.916295 1.570796 0.400000 765.000000
13.500000 1.284809 0.500000 -0.112713 1.570796 0.400000 765.000000
13.750000 1.332835 0.519802 -0.856031 1.570796 0.400000 765.000000
14.000000 1.381742 0.459184 -1.141461 1.570796 0.400000 765.000000
14.250000 1.431531 0.468750 -1.044940 1.570796 0.400000 765.000000
14.500000 1.482201 0.459184 -1.414792 1.570796 0.400000 765.000000
14.750000 1.533752 0.461538 -1.360131 1.570796 0.400000 765.000000
15.000000 1.586184 0.462555 -1.360756 1.570796 0.400000 765.000000
15.250000 1.639497 1.000000 0.117374 4.712389 0.400000 765.000000
15.500000 1.693692 1.000000 2.492454 4.712389 0.400000 765.000000
15.750000 1.748768 0.587349 4.698181 3.141593 0.400000 765.000000
16.000000 1.804725 0.500000 7.155337 3.141593 0.400000 765.000000
16.250000 1.861563 0.508475 9.175365 3.141593 0.400000 765.000000
16.500000 1.919282 0.539568 9.454308 3.141593 0.400000 765.000000
16.750000 1.977883 0.529412 12.450515 3.141593 0.400000 765.000000
17.000000 2.037365 0.528169 13.631298 3.141593 0.400000 765.000000
17.250000 2.097728 0.500000 14.803221 3.141593 0.400000 765.000000
17.500000 2.158972 0.500000 15.779112 3.141593 0.400000 765.000000
17.750000 2.221098 0.555556 16.635305 3.141593 0.400000 765.000000
18.000000 2.284105 0.523256 17.610955 3.141593 0.400000 765.000000
18.250000 2.347993 0.548780 18.299189 3.141593 0.400000 765.000000
18.500000 2.412762 0.592105 19.149196 3.141593 0.400000 765.000000
18.750000 2.478412 0.576923 20.008367 3.141593 0.400000 765.000000
19.000000 2.544944 0.500000 20.730326 3.141593 0.400000 765.000000
