6.000000 0.253789 1.716867 -1.708152 1.570796 0.400000 863.000000
6.250000 0.275379 1.445783 -1.776568 1.570796 0.400000 863.000000
6.500000 0.297850 1.785714 -1.823033 1.570796 0.400000 863.000000
6.750000 0.321202 1.551724 -1.779319 1.570796 0.400000 863.000000
7.000000 0.345436 1.724138 -1.828982 1.570796 0.400000 863.000000
7.250000 0.370550 1.159794 -1.586776 1.570796 0.400000 863.000000
7.500000 0.396546 1.235294 -2.175161 1.570796 0.400000 863.000000
7.750000 0.423423 0.500000 -0.278974 1.570796 0.400000 863.000000
8.000000 0.451181 0.500000 0.942644 1.570796 0.400000 863.000000
8.250000 0.479821 0.500000 1.461386 1.570796 0.400000 863.000000
8.500000 0.509341 0.500000 1.688878 1.570796 0.400000 863.000000
8.750000 0.539743 0.506135 1.698224 1.570796 0.400000 863.000000
9.000000 0.571026 0.503356 1.960144 1.570796 0.400000 863.000000
9.250000 0.603190 0.501672 2.429239 1.570796 0.400000 863.000000
9.500000 0.636236 0.500000 2.789118 1.570796 0.400000 863.000000
9.750000 0.670163 0.511364 2.849052 1.570796 0.400000 863.000000
10.000000 0.704971 0.510638 2.761052 1.570796 0.400000 863.000000
10.250000 0.740660 0.500000 2.525862 1.570796 0.400000 863.000000
10.500000 0.777230 0.505051 2.088443 1.570796 0.400000 863.000000
10.750000 0.814682 0.500000 1.376625 1.570796 0.400000 863.000000
11.000000 0.853014 0.500000 -0.041191 1.570796 0.400000 863.000000
11.250000 0.892228 0.694444 -0.935570 1.570796 0.400000 863.000000
11.500000 0.932324 0.600000 -1.689311 1.570796 0.400000 863.000000
11.750000 0.973300 0.588235 -1.426358 1.570796 0.400000 863.000000
12.000000 1.015158 0.859873 -1.529869 1.570796 0.400000 863.000000
12.250000 1.057896 0.769231 -1.696510 1.570796 0.400000 863.000000
12.500000 1.101516 0.828221 -1.710171 1.570796 0.400000 863.000000
12.750000 1.146018 1.000000 -1.748070 1.570796 0.400000 863.000000
13.000000 1.191400 0.813253 -1.486540 1.570796 0.400000 863.000000
13.250000 1.237664 0.698529 -1.044210 1.570796 0.400000 863.000000
13.500000 1.284809 0.625000 -1.294700 1.570796 0.400000 863.000000
13.750000 1.332835 0.806452 -1.571436 1.570796 0.400000 863.000000
14.000000 1.381742 0.819672 -1.438377 1.570796 0.400000 863.000000
14.250000 1.431531 0.837766 -1.692962 1.570796 0.400000 863.000000
14.500000 1.482201 0.850515 -1.739830 1.570796 0.400000 863.000000
14.750000 1.533752 0.500000 0.521537 3.141593 0.400000 863.000000
15.000000 1.586184 0.500000 4.518051 3.141593 0.400000 863.000000
15.250000 1.639497 0.546358 5.906949 3.141593 0.400000 863.000000
15.500000 1.693692 0.535714 7.746953 3.141593 0.400000 863.000000
15.750000 1.748768 0.495283 9.436428 3.141593 0.400000 863.000000
16.000000 1.804725 0.529412 10.910543 3.141593 0.400000 863.000000
16.250000 1.861563 0.535714 12.154749 3.141593 0.400000 863.000000
16.500000 1.919282 0.535714 13.107217 3.141593 0.400000 863.000000
16.750000 1.977883 0.520833 14.005047 3.141593 0.400000 863.000000
17.000000 2.037365 0.500000 14.800825 3.141593 0.400000 863.000000
17.250000 2.097728 0.555556 15.332654 3.141593 0.400000 863.000000
17.500000 2.158972 0.526316 15.950542 3.141593 0.400000 863.000000
17.750000 2.221098 0.500000 16.817242 3.141593 0.400000 863.000000
18.000000 2.284105 0.523256 17.480249 3.141593 0.400000 863.000000
18.250000 2.347993 0.548780 18.076742 3.141593 0.400000 863.000000
18.500000 2.412762 0.562500 18.864701 3.141593 0.400000 863.000000
18.750000 2.478412 0.592105 19.678027 3.141593 0.400000 863.000000
19.000000 2.544944 0.588235 20.551721 3.141593 0.400000 863.000000
