6.000000 0.253789 1.111111 -1.677661 1.570796 0.400000 534.000000
6.250000 0.275379 0.948276 -1.539476 1.570796 0.400000 534.000000
6.500000 0.297850 1.059783 -1.608967 1.570796 0.400000 534.000000
6.750000 0.321202 0.989011 -1.738630 1.570796 0.400000 534.000000
7.000000 0.345436 1.117021 -1.655400 1.570796 0.400000 534.000000
7.250000 0.370550 1.236264 -1.720791 1.570796 0.400000 534.000000
7.500000 0.396546 0.978261 -1.635082 1.570796 0.400000 534.000000
7.750000 0.423423 1.029412 -1.650664 1.570796 0.400000 534.000000
8.000000 0.451181 1.133721 -1.841950 1.570796 0.400000 534.000000
8.250000 0.479821 0.913043 -1.588821 1.570796 0.400000 534.000000
8.500000 0.509341 0.555556 -1.571285 1.570796 0.400000 534.000000
8.750000 0.539743 0.500000 0.998434 1.570796 0.400000 534.000000
9.000000 0.571026 0.498489 1.913449 1.570796 0.400000 534.000000
9.250000 0.603190 0.500000 2.031399 1.570796 0.400000 534.000000
9.500000 0.636236 0.500000 2.778883 1.570796 0.400000 534.000000
9.750000 0.670163 0.500000 3.187815 1.570796 0.400000 534.000000
10.000000 0.704971 0.500000 3.540697 1.570796 0.400000 534.000000
10.250000 0.740660 0.512422 3.730415 1.570796 0.400000 534.000000
10.500000 0.777230 0.512422 3.800313 1.570796 0.400000 534.000000
10.750000 0.814682 0.515625 3.755853 1.570796 0.400000 534.000000
11.000000 0.853014 0.515625 3.603287 1.570796 0.400000 534.000000
11.250000 0.892228 0.517241 3.317259 1.570796 0.400000 534.000000
11.500000 0.932324 0.509709 2.871923 1.570796 0.400000 534.000000
11.750000 0.973300 0.507519 2.213769 1.570796 0.400000 534.000000
12.000000 1.015158 0.500000 1.155917 1.570796 0.400000 534.000000
12.250000 1.057896 0.497238 -2.322005 1.570796 0.400000 534.000000
12.500000 1.101516 0.512422 -1.039149 1.570796 0.400000 534.000000
12.750000 1.146018 0.496988 -1.208114 1.570796 0.400000 534.000000
13.000000 1.191400 0.502577 -1.070853 1.570796 0.400000 534.000000
13.250000 1.237664 0.500000 -1.431749 1.570796 0.400000 534.000000
13.500000 1.284809 0.420918 -1.328248 1.570796 0.400000 534.000000
13.750000 1.332835 0.545455 -1.457297 1.570796 0.400000 534.000000
14.000000 1.381742 0.502577 -1.357625 1.570796 0.400000 534.000000
14.250000 1.431531 0.513158 -1.519029 1.570796 0.400000 534.000000
14.500000 1.482201 0.538462 -1.433198 1.570796 0.400000 534.000000
14.750000 1.533752 0.495595 -1.350032 1.570796 0.400000 534.000000
15.000000 1.586184 0.555556 -1.631546 1.570796 0.400000 534.000000
15.250000 1.639497 1.000000 -0.032986 4.712389 0.400000 534.000000
15.500000 1.693692 1.000000 2.545173 4.712389 0.400000 534.000000
15.750000 1.748768 1.000000 3.702092 4.712389 0.400000 534.000000
16.000000 1.804725 0.818966 4.695671 3.141593 0.400000 534.000000
16.250000 1.861563 0.500000 7.231124 3.141593 0.400000 534.000000
16.500000 1.919282 0.495283 10.002641 3.141593 0.400000 534.000000
16.750000 1.977883 0.500000 12.173239 3.141593 0.400000 534.000000
17.000000 2.037365 0.517241 13.306630 3.141593 0.400000 534.000000
17.250000 2.097728 0.543478 14.241186 3.141593 0.400000 534.000000
17.500000 2.158972 0.500000 15.391522 3.141593 0.400000 534.000000
17.750000 2.221098 0.500000 16.366499 3.141593 0.400000 534.000000
18.000000 2.284105 0.545455 17.264150 3.141593 0.400000 534.000000
18.250000 2.347993 0.500000 18.345305 3.141593 0.400000 534.000000
18.500000 2.412762 0.548780 19.028791 3.141593 0.400000 534.000000
18.750000 2.478412 0.562500 19.934007 3.141593 0.400000 534.000000
19.000000 2.544944 0.592105 20.768976 3.141593 0.400000 534.000000
