6.000000 0.253789 1.022727 -1.607403 1.570796 0.400000 109.000000
6.250000 0.275379 1.071429 -1.656004 1.570796 0.400000 109.000000
6.500000 0.297850 1.071429 -1.681564 1.570796 0.400000 109.000000
6.750000 0.321202 1.235294 -1.747306 1.570796 0.400000 109.000000
7.000000 0.345436 1.304348 -1.661173 1.570796 0.400000 109.000000
7.250000 0.370550 1.009615 -1.633868 1.570796 0.400000 109.000000
7.500000 0.396546 0.937500 -1.662370 1.570796 0.400000 109.000000
7.750000 0.423423 1.071429 -1.703321 1.570796 0.400000 109.000000
8.000000 0.451181 1.370968 -1.835594 1.570796 0.400000 109.000000
8.250000 0.479821 0.795455 -1.508008 1.570796 0.400000 109.000000
8.500000 0.509341 1.237864 -1.804018 1.570796 0.400000 109.000000
8.750000 0.539743 1.080508 -1.565277 1.570796 0.400000 109.000000
9.000000 0.571026 0.500000 2.250068 1.570796 0.400000 109.000000
9.250000 0.603190 0.500000 2.541823 1.570796 0.400000 109.000000
9.500000 0.636236 0.498489 1.616898 1.570796 0.400000 109.000000
9.750000 0.670163 0.500000 2.672997 1.570796 0.400000 109.000000
10.000000 0.704971 0.500000 3.410732 1.570796 0.400000 109.000000
10.250000 0.740660 0.500000 3.945210 1.570796 0.400000 109.000000
10.500000 0.777230 0.510204 4.320054 1.570796 0.400000 109.000000
10.750000 0.814682 0.500000 4.583040 1.570796 0.400000 109.000000
11.000000 0.853014 0.500000 4.740357 1.570796 0.400000 109.000000
11.250000 0.892228 0.511364 4.786472 1.570796 0.400000 109.000000
11.500000 0.932324 0.511364 4.752037 1.570796 0.400000 109.000000
11.750000 0.973300 0.519231 4.626403 1.570796 0.400000 109.000000
12.000000 1.015158 0.500000 4.432693 1.570796 0.400000 109.000000
12.250000 1.057896 0.513699 4.073766 1.570796 0.400000 109.000000
12.500000 1.101516 0.514286 3.596051 1.570796 0.400000 109.000000
12.750000 1.146018 0.509709 2.956361 1.570796 0.400000 109.000000
13.000000 1.191400 0.503356 2.023340 1.570796 0.400000 109.000000
13.250000 1.237664 0.500000 0.316417 1.570796 0.400000 109.000000
13.500000 1.284809 0.528169 -0.601159 1.570796 0.400000 109.000000
13.750000 1.332835 0.462085 -1.120688 1.570796 0.400000 109.000000
14.000000 1.381742 0.535714 -1.544022 1.570796 0.400000 109.000000
14.250000 1.431531 0.504808 -1.394598 1.570796 0.400000 109.000000
14.500000 1.482201 0.459184 -1.281630 1.570796 0.400000 109.000000
14.750000 1.533752 0.532787 -1.587752 1.570796 0.400000 109.000000
15.000000 1.586184 0.437743 -1.310964 1.570796 0.400000 109.000000
15.250000 1.639497 0.976454 -0.652215 4.712389 0.400000 109.000000
15.500000 1.693692 1.000000 1.976290 4.712389 0.400000 109.000000
15.750000 1.748768 0.496988 4.979615 3.141593 0.400000 109.000000
16.000000 1.804725 0.500000 7.305802 3.141593 0.400000 109.000000
16.250000 1.861563 0.500000 9.195366 3.141593 0.400000 109.000000
16.500000 1.919282 0.495868 10.195044 3.141593 0.400000 109.000000
16.750000 1.977883 0.523256 12.382431 3.141593 0.400000 109.000000
17.000000 2.037365 0.528169 13.666490 3.141593 0.400000 109.000000
17.250000 2.097728 0.559701 14.854624 3.141593 0.400000 109.000000
17.500000 2.158972 0.576923 15.856789 3.141593 0.400000 109.000000
17.750000 2.221098 0.545455 16.663854 3.141593 0.400000 109.000000
18.000000 2.284105 0.500000 17.698882 3.141593 0.400000 109.000000
18.250000 2.347993 0.548780 18.334825 3.141593 0.400000 109.000000
18.500000 2.412762 0.576923 19.171297 3.141593 0.400000 109.000000
18.750000 2.478412 0.592105 19.949294 3.141593 0.400000 109.000000
19.000000 2.544944 0.500000 20.767561 3.141593 0.400000 109.000000
