6.000000 0.253789 1.482558 -1.680993 1.570796 0.400000 907.000000
6.250000 0.275379 1.416667 -1.668666 1.570796 0.400000 907.000000
6.500000 0.297850 1.826923 -1.744749 1.570796 0.400000 907.000000
6.750000 0.321202 1.500000 -1.878408 1.570796 0.400000 907.000000
7.000000 0.345436 0.978261 -1.543863 1.570796 0.400000 907.000000
7.250000 0.370550 0.500000 0.325395 1.570796 0.400000 907.000000
7.500000 0.396546 1.287879 -1.657818 1.570796 0.400000 907.000000
7.750000 0.423423 0.500000 0.971204 1.570796 0.400000 907.000000
8.000000 0.451181 0.500000 0.810081 1.570796 0.400000 907.000000
8.250000 0.479821 0.500000 0.253191 1.570796 0.400000 907.000000
8.500000 0.509341 1.053719 -1.465044 1.570796 0.400000 907.000000
8.750000 0.539743 1.052632 -1.352361 1.570796 0.400000 907.000000
9.000000 0.571026 0.506135 -1.528119 1.570796 0.400000 907.000000
9.250000 0.603190 0.500000 1.392994 1.570796 0.400000 907.000000
9.500000 0.636236 0.500000 2.435931 1.570796 0.400000 907.000000
9.750000 0.670163 0.500000 3.105311 1.570796 0.400000 907.000000
10.000000 0.704971 0.500000 3.569318 1.570796 0.400000 907.000000
10.250000 0.740660 0.500000 3.884999 1.570796 0.400000 907.000000
10.500000 0.777230 0.515625 4.047642 1.570796 0.400000 907.000000
10.750000 0.814682 0.510204 4.136839 1.570796 0.400000 907.000000
11.000000 0.853014 0.510204 4.104126 1.570796 0.400000 907.000000
11.250000 0.892228 0.515625 3.951871 1.570796 0.400000 907.000000
11.500000 0.932324 0.509259 3.713715 1.570796 0.400000 907.000000
11.750000 0.973300 0.513158 3.310642 1.570796 0.400000 907.000000
12.000000 1.015158 0.509050 2.754463 1.570796 0.400000 907.000000
12.250000 1.057896 0.500000 1.924566 1.570796 0.400000 907.000000
12.500000 1.101516 0.500000 0.429978 1.570796 0.400000 907.000000
12.750000 1.146018 0.582524 -0.343075 1.570796 0.400000 907.000000
13.000000 1.191400 0.497449 -1.220759 1.570796 0.400000 907.000000
13.250000 1.237664 0.645695 -1.415895 1.570796 0.400000 907.000000
13.500000 1.284809 0.604839 -1.214489 1.570796 0.400000 907.000000
13.750000 1.332835 0.606936 -1.619240 1.570796 0.400000 907.000000
14.000000 1.381742 0.535714 -1.384586 1.570796 0.400000 907.000000
14.250000 1.431531 0.523256 -1.044183 1.570796 0.400000 907.000000
14.500000 1.482201 0.678191 -1.518268 1.570796 0.400000 907.000000
14.750000 1.533752 0.491453 0.517607 3.141593 0.400000 907.000000
15.000000 1.586184 0.500000 4.367636 3.141593 0.400000 907.000000
15.250000 1.639497 0.542169 5.996229 3.141593 0.400000 907.000000
15.500000 1.693692 0.523256 7.592228 3.141593 0.400000 907.000000
15.750000 1.748768 0.500000 9.260858 3.141593 0.400000 907.000000
16.000000 1.804725 0.500000 10.720085 3.141593 0.400000 907.000000
16.250000 1.861563 0.500000 11.923490 3.141593 0.400000 907.000000
16.500000 1.919282 0.500000 12.886098 3.141593 0.400000 907.000000
16.750000 1.977883 0.500000 13.870733 3.141593 0.400000 907.000000
17.000000 2.037365 0.545455 14.556005 3.141593 0.400000 907.000000
17.250000 2.097728 0.500000 15.296233 3.141593 0.400000 907.000000
17.500000 2.158972 0.566038 15.955948 3.141593 0.400000 907.000000
17.750000 2.221098 0.548780 16.654458 3.141593 0.400000 907.000000
18.000000 2.284105 0.576923 17.206689 3.141593 0.400000 907.000000
18.250000 2.347993 0.576923 17.831891 3.141593 0.400000 907.000000
18.500000 2.412762 0.576923 18.432560 3.141593 0.400000 907.000000
18.750000 2.478412 0.592105 18.972999 3.141593 0.400000 907.000000
19.000000 2.544944 0.592105 19.503589 3.141593 0.400000 907.000000
