6.000000 0.253789 1.770833 -2.027428 1.570796 0.400000 814.000000
6.250000 0.275379 1.500000 -1.850253 1.570796 0.400000 814.000000
6.500000 0.297850 1.770833 -1.958753 1.570796 0.400000 814.000000
6.750000 0.321202 1.500000 -1.980120 1.570796 0.400000 814.000000
7.000000 0.345436 1.379310 -1.856653 1.570796 0.400000 814.000000
7.250000 0.370550 1.356383 -1.736770 1.570796 0.400000 814.000000
7.500000 0.396546 0.500000 0.102177 1.570796 0.400000 814.000000
7.750000 0.423423 0.498555 0.794905 1.570796 0.400000 814.000000
8.000000 0.451181 0.500000 1.153688 1.570796 0.400000 814.000000
8.250000 0.479821 0.500000 1.396548 1.570796 0.400000 814.000000
8.500000 0.509341 0.500000 1.563095 1.570796 0.400000 814.000000
8.750000 0.539743 0.500000 1.451884 1.570796 0.400000 814.000000
9.000000 0.571026 0.500000 1.059154 1.570796 0.400000 814.000000
9.250000 0.603190 0.500000 0.197461 1.570796 0.400000 814.000000
9.500000 0.636236 0.495283 -1.953641 1.570796 0.400000 814.000000
9.750000 0.670163 0.766423 -1.477629 1.570796 0.400000 814.000000
10.000000 0.704971 1.000000 -0.159990 3.141593 0.400000 814.000000
10.250000 0.740660 0.872093 -1.894364 1.570796 0.400000 814.000000
10.500000 0.777230 0.885827 -1.977129 1.570796 0.400000 814.000000
10.750000 0.814682 0.980769 -1.858830 1.570796 0.400000 814.000000
11.000000 0.853014 0.714286 -1.779888 1.570796 0.400000 814.000000
11.250000 0.892228 0.826772 -1.811741 1.570796 0.400000 814.000000
11.500000 0.932324 0.711679 -1.741790 1.570796 0.400000 814.000000
11.750000 0.973300 0.950704 -1.822455 1.570796 0.400000 814.000000
12.000000 1.015158 1.003521 -1.953187 1.570796 0.400000 814.000000
12.250000 1.057896 1.041667 -1.898970 1.570796 0.400000 814.000000
12.500000 1.101516 1.050000 -1.780158 1.570796 0.400000 814.000000
12.750000 1.146018 0.956376 -1.864945 1.570796 0.400000 814.000000
13.000000 1.191400 0.818182 -1.726441 1.570796 0.400000 814.000000
13.250000 1.237664 0.888158 -1.977356 1.570796 0.400000 814.000000
13.500000 1.284809 0.984375 -1.871863 1.570796 0.400000 814.000000
13.750000 1.332835 1.194268 -2.015328 1.570796 0.400000 814.000000
14.000000 1.381742 0.762032 -1.599254 1.570796 0.400000 814.000000
14.250000 1.431531 0.500000 2.377424 3.141593 0.400000 814.000000
14.500000 1.482201 0.500000 4.914255 3.141593 0.400000 814.000000
14.750000 1.533752 0.500000 6.422572 3.141593 0.400000 814.000000
15.000000 1.586184 0.596026 6.649988 3.141593 0.400000 814.000000
15.250000 1.639497 0.544355 8.488580 3.141593 0.400000 814.000000
15.500000 1.693692 0.495283 9.950724 3.141593 0.400000 814.000000
15.750000 1.748768 0.517241 11.015440 3.141593 0.400000 814.000000
16.000000 1.804725 0.517241 11.896444 3.141593 0.400000 814.000000
16.250000 1.861563 0.500000 12.622283 3.141593 0.400000 814.000000
16.500000 1.919282 0.551471 13.154510 3.141593 0.400000 814.000000
16.750000 1.977883 0.528169 13.616151 3.141593 0.400000 814.000000
17.000000 2.037365 0.500000 14.289717 3.141593 0.400000 814.000000
17.250000 2.097728 0.500000 15.011178 3.141593 0.400000 814.000000
17.500000 2.158972 0.545455 15.690343 3.141593 0.400000 814.000000
17.750000 2.221098 0.500000 16.727113 3.141593 0.400000 814.000000
18.000000 2.284105 0.523256 17.476466 3.141593 0.400000 814.000000
18.250000 2.347993 0.548780 18.196677 3.141593 0.400000 814.000000
18.500000 2.412762 0.562500 18.903005 3.141593 0.400000 814.000000
18.750000 2.478412 0.576923 19.673149 3.141593 0.400000 814.000000
19.000000 2.544944 0.576923 20.398880 3.141593 0.400000 814.000000
