6.000000 0.253789 1.536145 -1.718533 1.570796 0.400000 712.000000
6.250000 0.275379 1.363636 -1.751217 1.570796 0.400000 712.000000
6.500000 0.297850 1.411765 -1.674603 1.570796 0.400000 712.000000
6.750000 0.321202 1.339286 -1.744026 1.570796 0.400000 712.000000
7.000000 0.345436 1.416667 -1.789510 1.570796 0.400000 712.000000
7.250000 0.370550 1.356383 -1.749254 1.570796 0.400000 712.000000
7.500000 0.396546 1.148649 -1.588114 1.570796 0.400000 712.000000
7.750000 0.423423 1.102941 -1.661948 1.570796 0.400000 712.000000
8.000000 0.451181 1.290323 -1.785211 1.570796 0.400000 712.000000
8.250000 0.479821 0.839552 -1.102099 1.570796 0.400000 712.000000
8.500000 0.509341 0.500000 -0.498576 1.570796 0.400000 712.000000
8.750000 0.539743 0.500000 1.312147 1.570796 0.400000 712.000000
9.000000 0.571026 0.500000 2.080102 1.570796 0.400000 712.000000
9.250000 0.603190 0.500000 2.282300 1.570796 0.400000 712.000000
9.500000 0.636236 0.509050 2.846387 1.570796 0.400000 712.000000
9.750000 0.670163 0.500000 3.027145 1.570796 0.400000 712.000000
10.000000 0.704971 0.502793 3.245412 1.570796 0.400000 712.000000
10.250000 0.740660 0.514286 3.440374 1.570796 0.400000 712.000000
10.500000 0.777230 0.500000 3.539085 1.570796 0.400000 712.000000
10.750000 0.814682 0.511364 3.503926 1.570796 0.400000 712.000000
11.000000 0.853014 0.513158 3.322523 1.570796 0.400000 712.000000
11.250000 0.892228 0.509050 2.969014 1.570796 0.400000 712.000000
11.500000 0.932324 0.500000 2.418435 1.570796 0.400000 712.000000
11.750000 0.973300 0.500000 1.551376 1.570796 0.400000 712.000000
12.000000 1.015158 0.500000 -0.287406 1.570796 0.400000 712.000000
12.250000 1.057896 0.541667 -0.956907 1.570796 0.400000 712.000000
12.500000 1.101516 0.500000 -1.291894 1.570796 0.400000 712.000000
12.750000 1.146018 0.542169 -1.415111 1.570796 0.400000 712.000000
13.000000 1.191400 0.632022 -1.327292 1.570796 0.400000 712.000000
13.250000 1.237664 0.580110 -1.465452 1.570796 0.400000 712.000000
13.500000 1.284809 0.544693 -1.485356 1.570796 0.400000 712.000000
13.750000 1.332835 0.538462 -1.431974 1.570796 0.400000 712.000000
14.000000 1.381742 0.461538 -1.479676 1.570796 0.400000 712.000000
14.250000 1.431531 0.616438 -0.989554 1.570796 0.400000 712.000000
14.500000 1.482201 0.478723 -1.532365 1.570796 0.400000 712.000000
14.750000 1.533752 0.538462 -1.523308 1.570796 0.400000 712.000000
15.000000 1.586184 0.678571 -1.570400 1.570796 0.400000 712.000000
15.250000 1.639497 0.852941 -1.780043 4.712389 0.400000 712.000000
15.500000 1.693692 0.622407 3.215979 3.141593 0.400000 712.000000
15.750000 1.748768 0.645695 5.353568 3.141593 0.400000 712.000000
16.000000 1.804725 0.557851 7.319860 3.141593 0.400000 712.000000
16.250000 1.861563 0.530973 9.267809 3.141593 0.400000 712.000000
16.500000 1.919282 0.495283 10.970835 3.141593 0.400000 712.000000
16.750000 1.977883 0.500000 12.644984 3.141593 0.400000 712.000000
17.000000 2.037365 0.523256 13.664238 3.141593 0.400000 712.000000
17.250000 2.097728 0.529412 13.597602 3.141593 0.400000 712.000000
17.500000 2.158972 0.500000 14.628574 3.141593 0.400000 712.000000
17.750000 2.221098 0.526316 15.839776 3.141593 0.400000 712.000000
18.000000 2.284105 0.526316 16.971930 3.141593 0.400000 712.000000
18.250000 2.347993 0.500000 18.112054 3.141593 0.400000 712.000000
18.500000 2.412762 0.523256 19.088090 3.141593 0.400000 712.000000
18.750000 2.478412 0.548780 19.834082 3.141593 0.400000 712.000000
19.000000 2.544944 0.576923 20.759515 3.141593 0.400000 712.000000
