6.000000 0.253789 1.424051 -1.709856 1.570796 0.400000 581.000000
6.250000 0.275379 1.646341 -1.771522 1.570796 0.400000 581.000000
6.500000 0.297850 1.339286 -1.735951 1.570796 0.400000 581.000000
6.750000 0.321202 1.363636 -1.700648 1.570796 0.400000 581.000000
7.000000 0.345436 1.445783 -1.714852 1.570796 0.400000 581.000000
7.250000 0.370550 1.196809 -1.775120 1.570796 0.400000 581.000000
7.500000 0.396546 1.125000 -1.670583 1.570796 0.400000 581.000000
7.750000 0.423423 1.125000 -1.757281 1.570796 0.400000 581.000000
8.000000 0.451181 1.121495 -1.646680 1.570796 0.400000 581.000000
8.250000 0.479821 0.500000 -0.353958 1.570796 0.400000 581.000000
8.500000 0.509341 0.500000 1.215608 1.570796 0.400000 581.000000
8.750000 0.539743 0.500000 1.912252 1.570796 0.400000 581.000000
9.000000 0.571026 0.500000 2.292663 1.570796 0.400000 581.000000
9.250000 0.603190 0.507968 2.411207 1.570796 0.400000 581.000000
9.500000 0.636236 0.500000 2.584098 1.570796 0.400000 581.000000
9.750000 0.670163 0.502232 2.884754 1.570796 0.400000 581.000000
10.000000 0.704971 0.514286 3.523223 1.570796 0.400000 581.000000
10.250000 0.740660 0.512422 3.791679 1.570796 0.400000 581.000000
10.500000 0.777230 0.512422 3.902484 1.570796 0.400000 581.000000
10.750000 0.814682 0.515625 3.892908 1.570796 0.400000 581.000000
11.000000 0.853014 0.515625 3.779420 1.570796 0.400000 581.000000
11.250000 0.892228 0.508475 3.547008 1.570796 0.400000 581.000000
11.500000 0.932324 0.513158 3.177262 1.570796 0.400000 581.000000
11.750000 0.973300 0.508475 2.624566 1.570796 0.400000 581.000000
12.000000 1.015158 0.505865 1.796058 1.570796 0.400000 581.000000
12.250000 1.057896 0.500000 0.243662 1.570796 0.400000 581.000000
12.500000 1.101516 0.639810 -0.571491 1.570796 0.400000 581.000000
12.750000 1.146018 0.459184 -1.188377 1.570796 0.400000 581.000000
13.000000 1.191400 0.542763 -1.424296 1.570796 0.400000 581.000000
13.250000 1.237664 0.529891 -1.295269 1.570796 0.400000 581.000000
13.500000 1.284809 0.593220 -1.669731 1.570796 0.400000 581.000000
13.750000 1.332835 0.580110 -1.409524 1.570796 0.400000 581.000000
14.000000 1.381742 0.585938 -1.359601 1.570796 0.400000 581.000000
14.250000 1.431531 0.576923 -1.448568 1.570796 0.400000 581.000000
14.500000 1.482201 0.675000 -1.489365 1.570796 0.400000 581.000000
14.750000 1.533752 0.678571 -1.548921 1.570796 0.400000 581.000000
15.000000 1.586184 0.735294 -1.367601 1.570796 0.400000 581.000000
15.250000 1.639497 0.998584 1.744574 3.141593 0.400000 581.000000
15.500000 1.693692 0.496988 4.676252 3.141593 0.400000 581.000000
15.750000 1.748768 0.596026 6.164272 3.141593 0.400000 581.000000
16.000000 1.804725 0.581395 8.068216 3.141593 0.400000 581.000000
16.250000 1.861563 0.514706 10.240867 3.141593 0.400000 581.000000
16.500000 1.919282 0.511364 11.745008 3.141593 0.400000 581.000000
16.750000 1.977883 0.528169 12.899343 3.141593 0.400000 581.000000
17.000000 2.037365 0.528169 13.967493 3.141593 0.400000 581.000000
17.250000 2.097728 0.500000 14.893646 3.141593 0.400000 581.000000
17.500000 2.158972 0.500000 15.788956 3.141593 0.400000 581.000000
17.750000 2.221098 0.545455 16.478265 3.141593 0.400000 581.000000
18.000000 2.284105 0.500000 17.430077 3.141593 0.400000 581.000000
18.250000 2.347993 0.548780 18.053663 3.141593 0.400000 581.000000
18.500000 2.412762 0.592105 18.881760 3.141593 0.400000 581.000000
18.750000 2.478412 0.576923 19.770219 3.141593 0.400000 581.000000
19.000000 2.544944 0.588235 20.581109 3.141593 0.400000 581.000000
