6.000000 0.253789 1.084337 -1.614437 1.570796 0.400000 172.000000
6.250000 0.275379 1.046512 -1.685185 1.570796 0.400000 172.000000
6.500000 0.297850 1.133721 -1.713231 1.570796 0.400000 172.000000
6.750000 0.321202 1.166667 -1.691875 1.570796 0.400000 172.000000
7.000000 0.345436 1.083333 -1.742520 1.570796 0.400000 172.000000
7.250000 0.370550 0.990566 -1.516430 1.570796 0.400000 172.000000
7.500000 0.396546 0.500000 0.530970 1.570796 0.400000 172.000000
7.750000 0.423423 1.129032 -1.785057 1.570796 0.400000 172.000000
8.000000 0.451181 0.500000 1.205995 1.570796 0.400000 172.000000
8.250000 0.479821 0.500000 1.109501 1.570796 0.400000 172.000000
8.500000 0.509341 0.500000 0.708457 1.570796 0.400000 172.000000
8.750000 0.539743 0.500000 0.430458 1.570796 0.400000 172.000000
9.000000 0.571026 0.500000 1.730082 1.570796 0.400000 172.000000
9.250000 0.603190 0.509434 2.440445 1.570796 0.400000 172.000000
9.500000 0.636236 0.500000 2.899602 1.570796 0.400000 172.000000
9.750000 0.670163 0.500000 3.180239 1.570796 0.400000 172.000000
10.000000 0.704971 0.514286 3.308198 1.570796 0.400000 172.000000
10.250000 0.740660 0.500000 3.317233 1.570796 0.400000 172.000000
10.500000 0.777230 0.500000 3.199036 1.570796 0.400000 172.000000
10.750000 0.814682 0.500000 2.934505 1.570796 0.400000 172.000000
11.000000 0.853014 0.500000 2.500327 1.570796 0.400000 172.000000
11.250000 0.892228 0.506431 1.819728 1.570796 0.400000 172.000000
11.500000 0.932324 0.500000 0.646917 1.570796 0.400000 172.000000
11.750000 0.973300 0.519231 -3.058282 1.570796 0.400000 172.000000
12.000000 1.015158 0.600000 -1.314164 1.570796 0.400000 172.000000
12.250000 1.057896 0.538922 -1.285774 1.570796 0.400000 172.000000
12.500000 1.101516 0.524194 -1.147292 1.570796 0.400000 172.000000
12.750000 1.146018 0.590909 -1.361143 1.570796 0.400000 172.000000
13.000000 1.191400 0.617089 -1.695678 1.570796 0.400000 172.000000
13.250000 1.237664 0.583832 -1.423515 1.570796 0.400000 172.000000
13.500000 1.284809 0.636364 -1.699776 1.570796 0.400000 172.000000
13.750000 1.332835 0.463918 -1.117642 1.570796 0.400000 172.000000
14.000000 1.381742 0.502793 -1.437252 1.570796 0.400000 172.000000
14.250000 1.431531 0.628492 -1.574055 1.570796 0.400000 172.000000
14.500000 1.482201 0.554187 -1.399719 1.570796 0.400000 172.000000
14.750000 1.533752 0.500000 2.633492 3.141593 0.400000 172.000000
15.000000 1.586184 0.500000 5.306866 3.141593 0.400000 172.000000
15.250000 1.639497 0.496324 6.880066 3.141593 0.400000 172.000000
15.500000 1.693692 0.512821 8.194660 3.141593 0.400000 172.000000
15.750000 1.748768 0.514706 9.423115 3.141593 0.400000 172.000000
16.000000 1.804725 0.530303 10.534046 3.141593 0.400000 172.000000
16.250000 1.861563 0.512821 10.645824 3.141593 0.400000 172.000000
16.500000 1.919282 0.511364 12.814934 3.141593 0.400000 172.000000
16.750000 1.977883 0.500000 13.323422 3.141593 0.400000 172.000000
17.000000 2.037365 0.500000 13.865343 3.141593 0.400000 172.000000
17.250000 2.097728 0.500000 14.732283 3.141593 0.400000 172.000000
17.500000 2.158972 0.500000 15.461638 3.141593 0.400000 172.000000
17.750000 2.221098 0.555556 16.393718 3.141593 0.400000 172.000000
18.000000 2.284105 0.500000 17.410612 3.141593 0.400000 172.000000
18.250000 2.347993 0.535714 18.125504 3.141593 0.400000 172.000000
18.500000 2.412762 0.562500 18.887772 3.141593 0.400000 172.000000
18.750000 2.478412 0.576923 19.712301 3.141593 0.400000 172.000000
19.000000 2.544944 0.576923 20.496653 3.141593 0.400000 172.000000
