6.000000 0.253789 1.147059 -1.650096 1.570796 0.400000 818.000000
6.250000 0.275379 1.206897 -1.681622 1.570796 0.400000 818.000000
6.500000 0.297850 1.363636 -1.738564 1.570796 0.400000 818.000000
6.750000 0.321202 1.323529 -1.748469 1.570796 0.400000 818.000000
7.000000 0.345436 1.276596 -1.711597 1.570796 0.400000 818.000000
7.250000 0.370550 1.224490 -1.733628 1.570796 0.400000 818.000000
7.500000 0.396546 1.176471 -1.668967 1.570796 0.400000 818.000000
7.750000 0.423423 1.356383 -1.801632 1.570796 0.400000 818.000000
8.000000 0.451181 0.500000 0.041360 1.570796 0.400000 818.000000
8.250000 0.479821 0.500000 1.172756 1.570796 0.400000 818.000000
8.500000 0.509341 0.500000 1.708872 1.570796 0.400000 818.000000
8.750000 0.539743 0.505865 1.979313 1.570796 0.400000 818.000000
9.000000 0.571026 0.508065 2.042878 1.570796 0.400000 818.000000
9.250000 0.603190 0.500000 1.930622 1.570796 0.400000 818.000000
9.500000 0.636236 0.500000 1.704376 1.570796 0.400000 818.000000
9.750000 0.670163 0.500000 2.757407 1.570796 0.400000 818.000000
10.000000 0.704971 0.500000 3.451691 1.570796 0.400000 818.000000
10.250000 0.740660 0.500000 3.951095 1.570796 0.400000 818.000000
10.500000 0.777230 0.515625 4.298037 1.570796 0.400000 818.000000
10.750000 0.814682 0.513699 4.527837 1.570796 0.400000 818.000000
11.000000 0.853014 0.519231 4.664459 1.570796 0.400000 818.000000
11.250000 0.892228 0.523256 4.702836 1.570796 0.400000 818.000000
11.500000 0.932324 0.519231 4.641640 1.570796 0.400000 818.000000
11.750000 0.973300 0.500000 4.524049 1.570796 0.400000 818.000000
12.000000 1.015158 0.520833 4.239906 1.570796 0.400000 818.000000
12.250000 1.057896 0.515625 3.873030 1.570796 0.400000 818.000000
12.500000 1.101516 0.507812 3.348132 1.570796 0.400000 818.000000
12.750000 1.146018 0.506329 2.626368 1.570796 0.400000 818.000000
13.000000 1.191400 0.500000 1.525226 1.570796 0.400000 818.000000
13.250000 1.237664 0.498047 -1.878310 1.570796 0.400000 818.000000
13.500000 1.284809 0.580110 -1.230843 1.570796 0.400000 818.000000
13.750000 1.332835 0.455801 -1.241546 1.570796 0.400000 818.000000
14.000000 1.381742 0.625000 -1.683488 1.570796 0.400000 818.000000
14.250000 1.431531 0.468750 -1.445114 1.570796 0.400000 818.000000
14.500000 1.482201 0.500000 -1.376321 1.570796 0.400000 818.000000
14.750000 1.533752 0.464602 -1.407604 1.570796 0.400000 818.000000
15.000000 1.586184 0.591286 -1.475306 1.570796 0.400000 818.000000
15.250000 1.639497 1.000000 0.542274 4.712389 0.400000 818.000000
15.500000 1.693692 1.000000 2.584272 4.712389 0.400000 818.000000
15.750000 1.748768 0.757979 4.097667 3.141593 0.400000 818.000000
16.000000 1.804725 0.500000 6.646230 3.141593 0.400000 818.000000
16.250000 1.861563 0.500000 8.500725 3.141593 0.400000 818.000000
16.500000 1.919282 0.495283 10.384206 3.141593 0.400000 818.000000
16.750000 1.977883 0.517241 12.092063 3.141593 0.400000 818.000000
17.000000 2.037365 0.500000 13.348015 3.141593 0.400000 818.000000
17.250000 2.097728 0.500000 14.524725 3.141593 0.400000 818.000000
17.500000 2.158972 0.500000 15.570358 3.141593 0.400000 818.000000
17.750000 2.221098 0.500000 16.730060 3.141593 0.400000 818.000000
18.000000 2.284105 0.548780 17.390950 3.141593 0.400000 818.000000
18.250000 2.347993 0.576923 18.277703 3.141593 0.400000 818.000000
18.500000 2.412762 0.608108 19.282172 3.141593 0.400000 818.000000
18.750000 2.478412 0.500000 20.019974 3.141593 0.400000 818.000000
19.000000 2.544944 0.500000 20.591200 3.141593 0.400000 818.000000
