6.000000 0.253789 1.011236 -1.603019 1.570796 0.400000 956.000000
6.250000 0.275379 1.264045 -1.620971 1.570796 0.400000 956.000000
6.500000 0.297850 1.220930 -1.637798 1.570796 0.400000 956.000000
6.750000 0.321202 1.348315 -1.737962 1.570796 0.400000 956.000000
7.000000 0.345436 1.026316 -1.643983 1.570796 0.400000 956.000000
7.250000 0.370550 1.212121 -1.680451 1.570796 0.400000 956.000000
7.500000 0.396546 1.004464 -1.551061 1.570796 0.400000 956.000000
7.750000 0.423423 1.102941 -1.419483 1.570796 0.400000 956.000000
8.000000 0.451181 0.588235 -1.964566 1.570796 0.400000 956.000000
8.250000 0.479821 0.500000 0.458993 1.570796 0.400000 956.000000
8.500000 0.509341 0.500000 1.448637 1.570796 0.400000 956.000000
8.750000 0.539743 1.216216 -1.528936 1.570796 0.400000 956.000000
9.000000 0.571026 0.511364 2.246126 1.570796 0.400000 956.000000
9.250000 0.603190 0.510000 2.323995 1.570796 0.400000 956.000000
9.500000 0.636236 0.512048 2.309291 1.570796 0.400000 956.000000
9.750000 0.670163 0.500000 2.026849 1.570796 0.400000 956.000000
10.000000 0.704971 0.515873 3.495357 1.570796 0.400000 956.000000
10.250000 0.740660 0.517241 3.886167 1.570796 0.400000 956.000000
10.500000 0.777230 0.512422 4.076167 1.570796 0.400000 956.000000
10.750000 0.814682 0.500000 4.173129 1.570796 0.400000 956.000000
11.000000 0.853014 0.515625 4.119593 1.570796 0.400000 956.000000
11.250000 0.892228 0.515625 3.993590 1.570796 0.400000 956.000000
11.500000 0.932324 0.511364 3.743594 1.570796 0.400000 956.000000
11.750000 0.973300 0.513158 3.370085 1.570796 0.400000 956.000000
12.000000 1.015158 0.510638 2.814460 1.570796 0.400000 956.000000
12.250000 1.057896 0.500000 2.014295 1.570796 0.400000 956.000000
12.500000 1.101516 0.500000 0.610196 1.570796 0.400000 956.000000
12.750000 1.146018 0.540865 -0.479286 1.570796 0.400000 956.000000
13.000000 1.191400 0.561224 -1.652509 1.570796 0.400000 956.000000
13.250000 1.237664 0.538922 -1.433459 1.570796 0.400000 956.000000
13.500000 1.284809 0.511364 -1.417148 1.570796 0.400000 956.000000
13.750000 1.332835 0.601415 -1.247234 1.570796 0.400000 956.000000
14.000000 1.381742 0.612245 -1.237818 1.570796 0.400000 956.000000
14.250000 1.431531 0.619266 -1.309229 1.570796 0.400000 956.000000
14.500000 1.482201 0.716080 -1.538359 1.570796 0.400000 956.000000
14.750000 1.533752 0.684783 -1.538429 1.570796 0.400000 956.000000
15.000000 1.586184 0.804721 -1.590545 1.570796 0.400000 956.000000
15.250000 1.639497 1.000000 0.367421 4.712389 0.400000 956.000000
15.500000 1.693692 0.785714 3.448475 3.141593 0.400000 956.000000
15.750000 1.748768 0.660377 5.714799 3.141593 0.400000 956.000000
16.000000 1.804725 0.500000 8.529018 3.141593 0.400000 956.000000
16.250000 1.861563 0.523256 10.366483 3.141593 0.400000 956.000000
16.500000 1.919282 0.500000 11.778933 3.141593 0.400000 956.000000
16.750000 1.977883 0.520833 13.049472 3.141593 0.400000 956.000000
17.000000 2.037365 0.500000 14.072227 3.141593 0.400000 956.000000
17.250000 2.097728 0.500000 15.084746 3.141593 0.400000 956.000000
17.500000 2.158972 0.555556 16.001815 3.141593 0.400000 956.000000
17.750000 2.221098 0.535714 16.840149 3.141593 0.400000 956.000000
18.000000 2.284105 0.576923 17.612797 3.141593 0.400000 956.000000
18.250000 2.347993 0.489130 18.501023 3.141593 0.400000 956.000000
18.500000 2.412762 0.500000 19.252167 3.141593 0.400000 956.000000
18.750000 2.478412 0.500000 19.950145 3.141593 0.400000 956.000000
19.000000 2.544944 0.500000 20.426118 3.141593 0.400000 956.000000
