6.000000 0.253789 0.794118 -1.569458 1.570796 0.400000 235.000000
6.250000 0.275379 0.784884 -1.637187 1.570796 0.400000 235.000000
6.500000 0.297850 0.794118 -1.643462 1.570796 0.400000 235.000000
6.750000 0.321202 1.000000 -1.755460 1.570796 0.400000 235.000000
7.000000 0.345436 0.775862 -1.614230 1.570796 0.400000 235.000000
7.250000 0.370550 0.808824 -1.817303 1.570796 0.400000 235.000000
7.500000 0.396546 0.736607 -1.123796 1.570796 0.400000 235.000000
7.750000 0.423423 0.504202 -1.235013 1.570796 0.400000 235.000000
8.000000 0.451181 0.500000 0.705102 1.570796 0.400000 235.000000
8.250000 0.479821 0.500000 1.402408 1.570796 0.400000 235.000000
8.500000 0.509341 0.500000 1.752768 1.570796 0.400000 235.000000
8.750000 0.539743 0.505051 1.870487 1.570796 0.400000 235.000000
9.000000 0.571026 0.507117 1.788318 1.570796 0.400000 235.000000
9.250000 0.603190 0.500000 1.502036 1.570796 0.400000 235.000000
9.500000 0.636236 0.502793 1.416787 1.570796 0.400000 235.000000
9.750000 0.670163 0.500000 2.693283 1.570796 0.400000 235.000000
10.000000 0.704971 0.500000 3.431286 1.570796 0.400000 235.000000
10.250000 0.740660 0.509709 3.946596 1.570796 0.400000 235.000000
10.500000 0.777230 0.500000 4.327167 1.570796 0.400000 235.000000
10.750000 0.814682 0.500000 4.582946 1.570796 0.400000 235.000000
11.000000 0.853014 0.518868 4.712642 1.570796 0.400000 235.000000
11.250000 0.892228 0.510204 4.783790 1.570796 0.400000 235.000000
11.500000 0.932324 0.500000 4.750883 1.570796 0.400000 235.000000
11.750000 0.973300 0.512422 4.601279 1.570796 0.400000 235.000000
12.000000 1.015158 0.509259 4.390923 1.570796 0.400000 235.000000
12.250000 1.057896 0.508475 4.048915 1.570796 0.400000 235.000000
12.500000 1.101516 0.500000 3.571958 1.570796 0.400000 235.000000
12.750000 1.146018 0.507968 2.906120 1.570796 0.400000 235.000000
13.000000 1.191400 0.500000 1.948675 1.570796 0.400000 235.000000
13.250000 1.237664 0.500000 0.122651 1.570796 0.400000 235.000000
13.500000 1.284809 0.615385 -1.173766 1.570796 0.400000 235.000000
13.750000 1.332835 0.546875 -1.357125 1.570796 0.400000 235.000000
14.000000 1.381742 0.535714 -1.124653 1.570796 0.400000 235.000000
14.250000 1.431531 0.538674 -1.614452 1.570796 0.400000 235.000000
14.500000 1.482201 0.568720 -1.477765 1.570796 0.400000 235.000000
14.750000 1.533752 0.730769 -1.744561 1.570796 0.400000 235.000000
15.000000 1.586184 0.693277 -1.712322 1.570796 0.400000 235.000000
15.250000 1.639497 1.000000 0.451111 4.712389 0.400000 235.000000
15.500000 1.693692 0.714286 3.412150 3.141593 0.400000 235.000000
15.750000 1.748768 0.870166 4.475602 3.141593 0.400000 235.000000
16.000000 1.804725 0.527344 7.886857 3.141593 0.400000 235.000000
16.250000 1.861563 0.514706 10.155614 3.141593 0.400000 235.000000
16.500000 1.919282 0.517241 11.650919 3.141593 0.400000 235.000000
16.750000 1.977883 0.551471 12.871236 3.141593 0.400000 235.000000
17.000000 2.037365 0.551471 13.945556 3.141593 0.400000 235.000000
17.250000 2.097728 0.545455 14.858532 3.141593 0.400000 235.000000
17.500000 2.158972 0.526316 15.815448 3.141593 0.400000 235.000000
17.750000 2.221098 0.500000 16.754041 3.141593 0.400000 235.000000
18.000000 2.284105 0.548780 17.408591 3.141593 0.400000 235.000000
18.250000 2.347993 0.562500 18.237747 3.141593 0.400000 235.000000
18.500000 2.412762 0.592105 19.027135 3.141593 0.400000 235.000000
18.750000 2.478412 0.576923 19.837386 3.141593 0.400000 235.000000
19.000000 2.544944 0.500000 20.593358 3.141593 0.400000 235.000000
