6.000000 0.253789 0.948276 -1.612929 1.570796 0.400000 528.000000
6.250000 0.275379 0.903614 -1.659176 1.570796 0.400000 528.000000
6.500000 0.297850 0.957447 -1.599470 1.570796 0.400000 528.000000
6.750000 0.321202 0.916667 -1.643630 1.570796 0.400000 528.000000
7.000000 0.345436 1.276596 -1.638582 1.570796 0.400000 528.000000
7.250000 0.370550 0.825000 -1.575547 1.570796 0.400000 528.000000
7.500000 0.396546 1.093750 -1.643663 1.570796 0.400000 528.000000
7.750000 0.423423 0.975000 -1.766035 1.570796 0.400000 528.000000
8.000000 0.451181 0.865385 -1.655435 1.570796 0.400000 528.000000
8.250000 0.479821 0.945946 -1.679916 1.570796 0.400000 528.000000
8.500000 0.509341 0.568182 -1.405156 1.570796 0.400000 528.000000
8.750000 0.539743 0.500000 1.470920 1.570796 0.400000 528.000000
9.000000 0.571026 0.497118 0.900394 1.570796 0.400000 528.000000
9.250000 0.603190 0.498339 1.836336 1.570796 0.400000 528.000000
9.500000 0.636236 0.500000 2.623236 1.570796 0.400000 528.000000
9.750000 0.670163 0.510000 3.134710 1.570796 0.400000 528.000000
10.000000 0.704971 0.511364 3.581883 1.570796 0.400000 528.000000
10.250000 0.740660 0.515625 3.830220 1.570796 0.400000 528.000000
10.500000 0.777230 0.500000 3.965804 1.570796 0.400000 528.000000
10.750000 0.814682 0.517241 3.974096 1.570796 0.400000 528.000000
11.000000 0.853014 0.500000 3.898044 1.570796 0.400000 528.000000
11.250000 0.892228 0.515625 3.675734 1.570796 0.400000 528.000000
11.500000 0.932324 0.514286 3.344598 1.570796 0.400000 528.000000
11.750000 0.973300 0.512195 2.848083 1.570796 0.400000 528.000000
12.000000 1.015158 0.507117 2.112665 1.570796 0.400000 528.000000
12.250000 1.057896 0.500000 0.919610 1.570796 0.400000 528.000000
12.500000 1.101516 0.478723 -3.275911 1.570796 0.400000 528.000000
12.750000 1.146018 0.562500 -1.374857 1.570796 0.400000 528.000000
13.000000 1.191400 0.494505 -1.327750 1.570796 0.400000 528.000000
13.250000 1.237664 0.538462 -1.143351 1.570796 0.400000 528.000000
13.500000 1.284809 0.526316 -1.369890 1.570796 0.400000 528.000000
13.750000 1.332835 0.456853 -1.335658 1.570796 0.400000 528.000000
14.000000 1.381742 0.532787 -1.477859 1.570796 0.400000 528.000000
14.250000 1.431531 0.596026 -1.724491 1.570796 0.400000 528.000000
14.500000 1.482201 0.497630 -1.270867 1.570796 0.400000 528.000000
14.750000 1.533752 0.500000 -1.550579 1.570796 0.400000 528.000000
15.000000 1.586184 0.595238 -1.655262 1.570796 0.400000 528.000000
15.250000 1.639497 1.000000 -0.105654 4.712389 0.400000 528.000000
15.500000 1.693692 0.497449 4.281736 3.141593 0.400000 528.000000
15.750000 1.748768 0.496324 6.511762 3.141593 0.400000 528.000000
16.000000 1.804725 0.500000 8.230648 3.141593 0.400000 528.000000
16.250000 1.861563 0.495283 9.714034 3.141593 0.400000 528.000000
16.500000 1.919282 0.495283 10.772864 3.141593 0.400000 528.000000
16.750000 1.977883 0.500000 12.555021 3.141593 0.400000 528.000000
17.000000 2.037365 0.500000 13.987763 3.141593 0.400000 528.000000
17.250000 2.097728 0.528169 14.938489 3.141593 0.400000 528.000000
17.500000 2.158972 0.526316 15.824495 3.141593 0.400000 528.000000
17.750000 2.221098 0.500000 16.638752 3.141593 0.400000 528.000000
18.000000 2.284105 0.576923 17.455388 3.141593 0.400000 528.000000
18.250000 2.347993 0.523256 18.287653 3.141593 0.400000 528.000000
18.500000 2.412762 0.562500 18.837686 3.141593 0.400000 528.000000
18.750000 2.478412 0.576923 19.583508 3.141593 0.400000 528.000000
19.000000 2.544944 0.576923 20.264976 3.141593 0.400000 528.000000
