6.000000 0.253789 1.184211 -1.694498 1.570796 0.400000 567.000000
6.250000 0.275379 1.264045 -1.634193 1.570796 0.400000 567.000000
6.500000 0.297850 1.308140 -1.694134 1.570796 0.400000 567.000000
6.750000 0.321202 1.411765 -1.785325 1.570796 0.400000 567.000000
7.000000 0.345436 1.129032 -1.668130 1.570796 0.400000 567.000000
7.250000 0.370550 1.159794 -1.702314 1.570796 0.400000 567.000000
7.500000 0.396546 1.113861 -1.526551 1.570796 0.400000 567.000000
7.750000 0.423423 1.278409 -1.702933 1.570796 0.400000 567.000000
8.000000 0.451181 1.370968 -1.978855 1.570796 0.400000 567.000000
8.250000 0.479821 0.855263 -1.465786 1.570796 0.400000 567.000000
8.500000 0.509341 0.530973 -1.994455 1.570796 0.400000 567.000000
8.750000 0.539743 0.500000 0.914220 1.570796 0.400000 567.000000
9.000000 0.571026 0.500000 1.931725 1.570796 0.400000 567.000000
9.250000 0.603190 0.508929 2.412170 1.570796 0.400000 567.000000
9.500000 0.636236 0.500000 2.907238 1.570796 0.400000 567.000000
9.750000 0.670163 0.513158 3.124851 1.570796 0.400000 567.000000
10.000000 0.704971 0.514286 3.262561 1.570796 0.400000 567.000000
10.250000 0.740660 0.500000 3.395538 1.570796 0.400000 567.000000
10.500000 0.777230 0.508475 3.499675 1.570796 0.400000 567.000000
10.750000 0.814682 0.500000 3.554806 1.570796 0.400000 567.000000
11.000000 0.853014 0.500000 3.528057 1.570796 0.400000 567.000000
11.250000 0.892228 0.512195 3.321878 1.570796 0.400000 567.000000
11.500000 0.932324 0.510638 2.921388 1.570796 0.400000 567.000000
11.750000 0.973300 0.505051 2.286126 1.570796 0.400000 567.000000
12.000000 1.015158 0.500000 1.279768 1.570796 0.400000 567.000000
12.250000 1.057896 0.497449 -1.441688 1.570796 0.400000 567.000000
12.500000 1.101516 0.529412 -1.201643 1.570796 0.400000 567.000000
12.750000 1.146018 0.538674 -1.295748 1.570796 0.400000 567.000000
13.000000 1.191400 0.497238 -1.394457 1.570796 0.400000 567.000000
13.250000 1.237664 0.570652 -1.370200 1.570796 0.400000 567.000000
13.500000 1.284809 0.518617 -1.481663 1.570796 0.400000 567.000000
13.750000 1.332835 0.532787 -1.604064 1.570796 0.400000 567.000000
14.000000 1.381742 0.670391 -1.493327 1.570796 0.400000 567.000000
14.250000 1.431531 0.556931 -1.351777 1.570796 0.400000 567.000000
14.500000 1.482201 0.497788 -1.144122 1.570796 0.400000 567.000000
14.750000 1.533752 0.464602 -1.383711 1.570796 0.400000 567.000000
15.000000 1.586184 0.482833 -1.494713 1.570796 0.400000 567.000000
15.250000 1.639497 0.806452 -0.912483 1.570796 0.400000 567.000000
15.500000 1.693692 0.849858 0.993100 3.141593 0.400000 567.000000
15.750000 1.748768 0.807692 3.890749 3.141593 0.400000 567.000000
16.000000 1.804725 0.858434 5.070794 3.141593 0.400000 567.000000
16.250000 1.861563 0.524476 6.487464 3.141593 0.400000 567.000000
16.500000 1.919282 0.495283 9.670028 3.141593 0.400000 567.000000
16.750000 1.977883 0.500000 12.257087 3.141593 0.400000 567.000000
17.000000 2.037365 0.523256 13.344999 3.141593 0.400000 567.000000
17.250000 2.097728 0.500000 14.210308 3.141593 0.400000 567.000000
17.500000 2.158972 0.500000 15.249890 3.141593 0.400000 567.000000
17.750000 2.221098 0.500000 16.187091 3.141593 0.400000 567.000000
18.000000 2.284105 0.500000 17.367822 3.141593 0.400000 567.000000
18.250000 2.347993 0.535714 18.139074 3.141593 0.400000 567.000000
18.500000 2.412762 0.562500 19.009809 3.141593 0.400000 567.000000
18.750000 2.478412 0.592105 20.004800 3.141593 0.400000 567.000000
19.000000 2.544944 0.500000 20.816817 3.141593 0.400000 567.000000
