6.000000 0.253789 1.388889 -1.666771 1.570796 0.400000 428.000000
6.250000 0.275379 1.607143 -1.736838 1.570796 0.400000 428.000000
6.500000 0.297850 1.280488 -1.679853 1.570796 0.400000 428.000000
6.750000 0.321202 1.483516 -1.701653 1.570796 0.400000 428.000000
7.000000 0.345436 1.171875 -1.630994 1.570796 0.400000 428.000000
7.250000 0.370550 1.416667 -1.705904 1.570796 0.400000 428.000000
7.500000 0.396546 0.873786 -1.556219 1.570796 0.400000 428.000000
7.750000 0.423423 0.975000 -1.483897 1.570796 0.400000 428.000000
8.000000 0.451181 0.775862 -2.115319 1.570796 0.400000 428.000000
8.250000 0.479821 0.500000 0.315056 1.570796 0.400000 428.000000
8.500000 0.509341 0.500000 1.406624 1.570796 0.400000 428.000000
8.750000 0.539743 0.507353 1.971146 1.570796 0.400000 428.000000
9.000000 0.571026 0.500000 2.271669 1.570796 0.400000 428.000000
9.250000 0.603190 0.500000 2.373787 1.570796 0.400000 428.000000
9.500000 0.636236 0.502092 2.437860 1.570796 0.400000 428.000000
9.750000 0.670163 0.502092 2.584149 1.570796 0.400000 428.000000
10.000000 0.704971 0.513158 3.431994 1.570796 0.400000 428.000000
10.250000 0.740660 0.511364 3.708075 1.570796 0.400000 428.000000
10.500000 0.777230 0.508475 3.782163 1.570796 0.400000 428.000000
10.750000 0.814682 0.511364 3.723834 1.570796 0.400000 428.000000
11.000000 0.853014 0.508475 3.558197 1.570796 0.400000 428.000000
11.250000 0.892228 0.500000 3.262859 1.570796 0.400000 428.000000
11.500000 0.932324 0.510638 2.783324 1.570796 0.400000 428.000000
11.750000 0.973300 0.500000 2.101117 1.570796 0.400000 428.000000
12.000000 1.015158 0.500000 0.965035 1.570796 0.400000 428.000000
12.250000 1.057896 0.493421 -2.285525 1.570796 0.400000 428.000000
12.500000 1.101516 0.538922 -1.584871 1.570796 0.400000 428.000000
12.750000 1.146018 0.544693 -1.457533 1.570796 0.400000 428.000000
13.000000 1.191400 0.576923 -1.387954 1.570796 0.400000 428.000000
13.250000 1.237664 0.722892 -1.487160 1.570796 0.400000 428.000000
13.500000 1.284809 0.564516 -1.376811 1.570796 0.400000 428.000000
13.750000 1.332835 0.606936 -1.545723 1.570796 0.400000 428.000000
14.000000 1.381742 0.609137 -1.279938 1.570796 0.400000 428.000000
14.250000 1.431531 0.625000 -1.617006 1.570796 0.400000 428.000000
14.500000 1.482201 0.615385 -1.376151 1.570796 0.400000 428.000000
14.750000 1.533752 0.701970 -1.532736 1.570796 0.400000 428.000000
15.000000 1.586184 1.014493 -1.424108 1.570796 0.400000 428.000000
15.250000 1.639497 1.000000 1.234004 4.712389 0.400000 428.000000
15.500000 1.693692 0.497238 4.446076 3.141593 0.400000 428.000000
15.750000 1.748768 0.496324 6.646780 3.141593 0.400000 428.000000
16.000000 1.804725 0.500000 8.381718 3.141593 0.400000 428.000000
16.250000 1.861563 0.517241 9.509643 3.141593 0.400000 428.000000
16.500000 1.919282 0.509709 10.838734 3.141593 0.400000 428.000000
16.750000 1.977883 0.500000 12.960170 3.141593 0.400000 428.000000
17.000000 2.037365 0.528169 13.982751 3.141593 0.400000 428.000000
17.250000 2.097728 0.535714 14.892164 3.141593 0.400000 428.000000
17.500000 2.158972 0.535714 15.726640 3.141593 0.400000 428.000000
17.750000 2.221098 0.526316 16.594292 3.141593 0.400000 428.000000
18.000000 2.284105 0.500000 17.623825 3.141593 0.400000 428.000000
18.250000 2.347993 0.548780 18.166424 3.141593 0.400000 428.000000
18.500000 2.412762 0.576923 18.971503 3.141593 0.400000 428.000000
18.750000 2.478412 0.592105 19.754071 3.141593 0.400000 428.000000
19.000000 2.544944 0.576923 20.557094 3.141593 0.400000 428.000000
