6.000000 0.253789 0.789474 -1.522403 1.570796 0.400000 1.000000
6.250000 0.275379 0.859375 -1.531907 1.570796 0.400000 1.000000
6.500000 0.297850 0.978261 -1.580577 1.570796 0.400000 1.000000
6.750000 0.321202 0.815217 -1.637107 1.570796 0.400000 1.000000
7.000000 0.345436 1.102941 -1.486760 1.570796 0.400000 1.000000
7.250000 0.370550 0.750000 -1.583258 1.570796 0.400000 1.000000
7.500000 0.396546 0.847826 -1.475385 1.570796 0.400000 1.000000
7.750000 0.423423 0.894495 -1.254960 1.570796 0.400000 1.000000
8.000000 0.451181 0.514706 -1.722010 1.570796 0.400000 1.000000
8.250000 0.479821 0.500000 0.664438 1.570796 0.400000 1.000000
8.500000 0.509341 0.500000 1.531076 1.570796 0.400000 1.000000
8.750000 0.539743 0.500000 1.998390 1.570796 0.400000 1.000000
9.000000 0.571026 0.510000 2.230806 1.570796 0.400000 1.000000
9.250000 0.603190 0.507968 2.268219 1.570796 0.400000 1.000000
9.500000 0.636236 0.500000 2.299450 1.570796 0.400000 1.000000
9.750000 0.670163 0.512821 2.676150 1.570796 0.400000 1.000000
10.000000 0.704971 0.509709 3.451117 1.570796 0.400000 1.000000
10.250000 0.740660 0.511364 3.868070 1.570796 0.400000 1.000000
10.500000 0.777230 0.496988 4.067506 1.570796 0.400000 1.000000
10.750000 0.814682 0.518868 4.123867 1.570796 0.400000 1.000000
11.000000 0.853014 0.518868 4.089738 1.570796 0.400000 1.000000
11.250000 0.892228 0.509259 3.957532 1.570796 0.400000 1.000000
11.500000 0.932324 0.500000 3.724920 1.570796 0.400000 1.000000
11.750000 0.973300 0.500000 3.316536 1.570796 0.400000 1.000000
12.000000 1.015158 0.508475 2.747919 1.570796 0.400000 1.000000
12.250000 1.057896 0.506135 1.911682 1.570796 0.400000 1.000000
12.500000 1.101516 0.500000 0.406834 1.570796 0.400000 1.000000
12.750000 1.146018 0.509709 -0.540459 1.570796 0.400000 1.000000
13.000000 1.191400 0.497630 -1.206834 1.570796 0.400000 1.000000
13.250000 1.237664 0.523256 -1.175969 1.570796 0.400000 1.000000
13.500000 1.284809 0.500000 -1.373352 1.570796 0.400000 1.000000
13.750000 1.332835 0.604265 -1.243541 1.570796 0.400000 1.000000
14.000000 1.381742 0.627615 -0.994023 1.570796 0.400000 1.000000
14.250000 1.431531 0.513158 -1.330858 1.570796 0.400000 1.000000
14.500000 1.482201 0.533333 -1.306230 1.570796 0.400000 1.000000
14.750000 1.533752 0.453629 -1.412213 1.570796 0.400000 1.000000
15.000000 1.586184 0.494505 -1.398593 1.570796 0.400000 1.000000
15.250000 1.639497 1.000000 1.148282 4.712389 0.400000 1.000000
15.500000 1.693692 0.496988 4.569075 3.141593 0.400000 1.000000
15.750000 1.748768 0.500000 6.947118 3.141593 0.400000 1.000000
16.000000 1.804725 0.500000 8.866598 3.141593 0.400000 1.000000
16.250000 1.861563 0.500000 10.498034 3.141593 0.400000 1.000000
16.500000 1.919282 0.517241 11.924532 3.141593 0.400000 1.000000
16.750000 1.977883 0.500000 13.148172 3.141593 0.400000 1.000000
17.000000 2.037365 0.528169 14.010166 3.141593 0.400000 1.000000
17.250000 2.097728 0.500000 14.436400 3.141593 0.400000 1.000000
17.500000 2.158972 0.500000 15.108482 3.141593 0.400000 1.000000
17.750000 2.221098 0.500000 16.061062 3.141593 0.400000 1.000000
18.000000 2.284105 0.555556 17.162440 3.141593 0.400000 1.000000
18.250000 2.347993 0.500000 18.241847 3.141593 0.400000 1.000000
18.500000 2.412762 0.535714 19.029501 3.141593 0.400000 1.000000
18.750000 2.478412 0.548780 19.834212 3.141593 0.400000 1.000000
19.000000 2.544944 0.592105 20.695222 3.141593 0.400000 1.000000
