6.000000 0.253789 1.551724 -1.730794 1.570796 0.400000 896.000000
6.250000 0.275379 1.724138 -1.785781 1.570796 0.400000 896.000000
6.500000 0.297850 1.724138 -1.807131 1.570796 0.400000 896.000000
6.750000 0.321202 1.716867 -1.847927 1.570796 0.400000 896.000000
7.000000 0.345436 1.569767 -1.784157 1.570796 0.400000 896.000000
7.250000 0.370550 1.530612 -1.815492 1.570796 0.400000 896.000000
7.500000 0.396546 1.451613 -1.778019 1.570796 0.400000 896.000000
7.750000 0.423423 1.196809 -1.688543 1.570796 0.400000 896.000000
8.000000 0.451181 0.500000 0.607042 1.570796 0.400000 896.000000
8.250000 0.479821 0.500000 1.364265 1.570796 0.400000 896.000000
8.500000 0.509341 0.500000 1.741961 1.570796 0.400000 896.000000
8.750000 0.539743 0.500000 1.888167 1.570796 0.400000 896.000000
9.000000 0.571026 0.507692 1.831194 1.570796 0.400000 896.000000
9.250000 0.603190 0.501453 1.595306 1.570796 0.400000 896.000000
9.500000 0.636236 0.500000 2.540238 1.570796 0.400000 896.000000
9.750000 0.670163 0.500000 3.160078 1.570796 0.400000 896.000000
10.000000 0.704971 0.513699 3.576991 1.570796 0.400000 896.000000
10.250000 0.740660 0.514286 3.857165 1.570796 0.400000 896.000000
10.500000 0.777230 0.503049 4.013752 1.570796 0.400000 896.000000
10.750000 0.814682 0.518868 4.035316 1.570796 0.400000 896.000000
11.000000 0.853014 0.515625 3.974059 1.570796 0.400000 896.000000
11.250000 0.892228 0.500000 3.820988 1.570796 0.400000 896.000000
11.500000 0.932324 0.508475 3.517201 1.570796 0.400000 896.000000
11.750000 0.973300 0.512195 3.071614 1.570796 0.400000 896.000000
12.000000 1.015158 0.507968 2.435020 1.570796 0.400000 896.000000
12.250000 1.057896 0.500000 1.446043 1.570796 0.400000 896.000000
12.500000 1.101516 0.500000 -1.304148 1.570796 0.400000 896.000000
12.750000 1.146018 0.589888 -1.131748 1.570796 0.400000 896.000000
13.000000 1.191400 0.497238 -1.228746 1.570796 0.400000 896.000000
13.250000 1.237664 0.690789 -1.642405 1.570796 0.400000 896.000000
13.500000 1.284809 0.614754 -1.432141 1.570796 0.400000 896.000000
13.750000 1.332835 0.730519 -1.644660 1.570796 0.400000 896.000000
14.000000 1.381742 0.750000 -1.490545 1.570796 0.400000 896.000000
14.250000 1.431531 0.600000 -1.367320 1.570796 0.400000 896.000000
14.500000 1.482201 0.730769 -1.681755 1.570796 0.400000 896.000000
14.750000 1.533752 0.742925 -1.707194 1.570796 0.400000 896.000000
15.000000 1.586184 1.000000 -0.877515 4.712389 0.400000 896.000000
15.250000 1.639497 0.750000 2.614986 3.141593 0.400000 896.000000
15.500000 1.693692 0.587349 5.199516 3.141593 0.400000 896.000000
15.750000 1.748768 0.496324 7.046346 3.141593 0.400000 896.000000
16.000000 1.804725 0.507519 7.157624 3.141593 0.400000 896.000000
16.250000 1.861563 0.519802 10.088929 3.141593 0.400000 896.000000
16.500000 1.919282 0.500000 11.989726 3.141593 0.400000 896.000000
16.750000 1.977883 0.513699 13.268784 3.141593 0.400000 896.000000
17.000000 2.037365 0.520833 14.203758 3.141593 0.400000 896.000000
17.250000 2.097728 0.517241 15.094841 3.141593 0.400000 896.000000
17.500000 2.158972 0.500000 15.762766 3.141593 0.400000 896.000000
17.750000 2.221098 0.555556 16.552174 3.141593 0.400000 896.000000
18.000000 2.284105 0.500000 17.504699 3.141593 0.400000 896.000000
18.250000 2.347993 0.535714 18.116501 3.141593 0.400000 896.000000
18.500000 2.412762 0.562500 18.789451 3.141593 0.400000 896.000000
18.750000 2.478412 0.576923 19.539782 3.141593 0.400000 896.000000
19.000000 2.544944 0.592105 20.224410 3.141593 0.400000 896.000000
