6.000000 0.253789 1.785714 -1.731508 1.570796 0.400000 58.000000
6.250000 0.275379 1.831395 -1.708271 1.570796 0.400000 58.000000
6.500000 0.297850 1.968750 -1.834660 1.570796 0.400000 58.000000
6.750000 0.321202 1.897590 -1.917294 1.570796 0.400000 58.000000
7.000000 0.345436 1.831395 -1.821186 1.570796 0.400000 58.000000
7.250000 0.370550 1.657895 -1.757520 1.570796 0.400000 58.000000
7.500000 0.396546 1.691176 -1.739610 1.570796 0.400000 58.000000
7.750000 0.423423 1.630435 -1.821859 1.570796 0.400000 58.000000
8.000000 0.451181 1.633663 -1.753753 1.570796 0.400000 58.000000
8.250000 0.479821 0.500000 -0.544042 1.570796 0.400000 58.000000
8.500000 0.509341 0.500000 1.141526 1.570796 0.400000 58.000000
8.750000 0.539743 0.500000 1.868467 1.570796 0.400000 58.000000
9.000000 0.571026 0.500000 2.277592 1.570796 0.400000 58.000000
9.250000 0.603190 0.500000 2.437255 1.570796 0.400000 58.000000
9.500000 0.636236 0.500000 2.451701 1.570796 0.400000 58.000000
9.750000 0.670163 0.504202 2.751753 1.570796 0.400000 58.000000
10.000000 0.704971 0.509709 3.451360 1.570796 0.400000 58.000000
10.250000 0.740660 0.514286 3.900621 1.570796 0.400000 58.000000
10.500000 0.777230 0.515625 4.122158 1.570796 0.400000 58.000000
10.750000 0.814682 0.513699 4.236654 1.570796 0.400000 58.000000
11.000000 0.853014 0.513699 4.235512 1.570796 0.400000 58.000000
11.250000 0.892228 0.500000 4.148692 1.570796 0.400000 58.000000
11.500000 0.932324 0.500000 3.929928 1.570796 0.400000 58.000000
11.750000 0.973300 0.500000 3.590377 1.570796 0.400000 58.000000
12.000000 1.015158 0.500000 3.091998 1.570796 0.400000 58.000000
12.250000 1.057896 0.500000 2.391511 1.570796 0.400000 58.000000
12.500000 1.101516 0.500000 1.288175 1.570796 0.400000 58.000000
12.750000 1.146018 0.497449 -2.175907 1.570796 0.400000 58.000000
13.000000 1.191400 0.632530 -1.153812 1.570796 0.400000 58.000000
13.250000 1.237664 0.632530 -1.313036 1.570796 0.400000 58.000000
13.500000 1.284809 0.706806 -1.243441 1.570796 0.400000 58.000000
13.750000 1.332835 0.681818 -1.450583 1.570796 0.400000 58.000000
14.000000 1.381742 0.647208 -1.157314 1.570796 0.400000 58.000000
14.250000 1.431531 0.777202 -1.529754 1.570796 0.400000 58.000000
14.500000 1.482201 0.872093 -1.710743 1.570796 0.400000 58.000000
14.750000 1.533752 0.693833 -1.438708 1.570796 0.400000 58.000000
15.000000 1.586184 0.941704 -1.647628 1.570796 0.400000 58.000000
15.250000 1.639497 1.000000 -0.155592 4.712389 0.400000 58.000000
15.500000 1.693692 0.993590 2.783791 4.712389 0.400000 58.000000
15.750000 1.748768 0.768072 5.122935 3.141593 0.400000 58.000000
16.000000 1.804725 0.686620 7.112165 3.141593 0.400000 58.000000
16.250000 1.861563 0.563910 8.358708 3.141593 0.400000 58.000000
16.500000 1.919282 0.495868 9.756031 3.141593 0.400000 58.000000
16.750000 1.977883 0.500000 12.833562 3.141593 0.400000 58.000000
17.000000 2.037365 0.517241 13.922603 3.141593 0.400000 58.000000
17.250000 2.097728 0.543478 14.375302 3.141593 0.400000 58.000000
17.500000 2.158972 0.500000 15.223267 3.141593 0.400000 58.000000
17.750000 2.221098 0.500000 16.082369 3.141593 0.400000 58.000000
18.000000 2.284105 0.555556 17.061844 3.141593 0.400000 58.000000
18.250000 2.347993 0.500000 18.156486 3.141593 0.400000 58.000000
18.500000 2.412762 0.535714 18.956307 3.141593 0.400000 58.000000
18.750000 2.478412 0.562500 19.830328 3.141593 0.400000 58.000000
19.000000 2.544944 0.576923 20.773396 3.141593 0.400000 58.000000
