6.000000 0.253789 0.642857 -1.780155 1.570796 0.400000 911.000000
6.250000 0.275379 0.674157 -1.737462 1.570796 0.400000 911.000000
6.500000 0.297850 1.071429 -1.562860 1.570796 0.400000 911.000000
6.750000 0.321202 0.709459 -2.234566 1.570796 0.400000 911.000000
7.000000 0.345436 0.507519 -1.008306 1.570796 0.400000 911.000000
7.250000 0.370550 0.500000 0.382005 1.570796 0.400000 911.000000
7.500000 0.396546 2.168675 -2.250736 4.712389 0.400000 911.000000
7.750000 0.423423 0.500000 0.945374 1.570796 0.400000 911.000000
8.000000 0.451181 0.500000 0.745800 1.570796 0.400000 911.000000
8.250000 0.479821 0.500000 0.106580 1.570796 0.400000 911.000000
8.500000 0.509341 0.495868 -1.657321 1.570796 0.400000 911.000000
8.750000 0.539743 0.567227 -0.937240 1.570796 0.400000 911.000000
9.000000 0.571026 0.581897 -1.675613 1.570796 0.400000 911.000000
9.250000 0.603190 0.576923 -0.872652 1.570796 0.400000 911.000000
9.500000 0.636236 0.500000 2.052785 1.570796 0.400000 911.000000
9.750000 0.670163 0.501761 2.865625 1.570796 0.400000 911.000000
10.000000 0.704971 0.501969 3.453160 1.570796 0.400000 911.000000
10.250000 0.740660 0.501859 3.862295 1.570796 0.400000 911.000000
10.500000 0.777230 0.500000 4.204986 1.570796 0.400000 911.000000
10.750000 0.814682 0.502392 4.327661 1.570796 0.400000 911.000000
11.000000 0.853014 0.509709 4.354538 1.570796 0.400000 911.000000
11.250000 0.892228 0.500000 4.313829 1.570796 0.400000 911.000000
11.500000 0.932324 0.504808 4.224072 1.570796 0.400000 911.000000
11.750000 0.973300 0.506757 3.968235 1.570796 0.400000 911.000000
12.000000 1.015158 0.503953 3.630118 1.570796 0.400000 911.000000
12.250000 1.057896 0.500000 2.735051 1.570796 0.400000 911.000000
12.500000 1.101516 0.500000 2.475451 1.570796 0.400000 911.000000
12.750000 1.146018 0.500000 1.400670 1.570796 0.400000 911.000000
13.000000 1.191400 0.712025 -1.675660 1.570796 0.400000 911.000000
13.250000 1.237664 0.648148 -1.646808 1.570796 0.400000 911.000000
13.500000 1.284809 0.736196 -1.722904 1.570796 0.400000 911.000000
13.750000 1.332835 0.718563 -1.792297 1.570796 0.400000 911.000000
14.000000 1.381742 0.632530 -1.667399 1.570796 0.400000 911.000000
14.250000 1.431531 0.625000 -1.630335 1.570796 0.400000 911.000000
14.500000 1.482201 0.678191 -1.764360 1.570796 0.400000 911.000000
14.750000 1.533752 0.500000 2.131891 3.141593 0.400000 911.000000
15.000000 1.586184 0.496988 4.968228 3.141593 0.400000 911.000000
15.250000 1.639497 0.496324 6.512266 3.141593 0.400000 911.000000
15.500000 1.693692 0.638298 7.012559 3.141593 0.400000 911.000000
15.750000 1.748768 0.557851 8.923927 3.141593 0.400000 911.000000
16.000000 1.804725 0.530303 10.797871 3.141593 0.400000 911.000000
16.250000 1.861563 0.500000 11.951304 3.141593 0.400000 911.000000
16.500000 1.919282 0.500000 12.911600 3.141593 0.400000 911.000000
16.750000 1.977883 0.500000 13.651622 3.141593 0.400000 911.000000
17.000000 2.037365 0.543478 14.379972 3.141593 0.400000 911.000000
17.250000 2.097728 0.535714 15.045065 3.141593 0.400000 911.000000
17.500000 2.158972 0.500000 15.719215 3.141593 0.400000 911.000000
17.750000 2.221098 0.545455 16.350892 3.141593 0.400000 911.000000
18.000000 2.284105 0.500000 17.319446 3.141593 0.400000 911.000000
18.250000 2.347993 0.500000 18.077947 3.141593 0.400000 911.000000
18.500000 2.412762 0.500000 18.782812 3.141593 0.400000 911.000000
18.750000 2.478412 0.535714 19.464947 3.141593 0.400000 911.000000
19.000000 2.544944 0.548780 20.081460 3.141593 0.400000 911.000000
