6.000000 0.253789 1.006098 -1.757291 1.570796 0.400000 475.000000
6.250000 0.275379 1.031250 -1.778223 1.570796 0.400000 475.000000
6.500000 0.297850 1.046512 -1.684633 1.570796 0.400000 475.000000
6.750000 0.321202 1.059783 -1.734108 1.570796 0.400000 475.000000
7.000000 0.345436 1.034483 -1.787337 1.570796 0.400000 475.000000
7.250000 0.370550 1.015625 -1.666241 1.570796 0.400000 475.000000
7.500000 0.396546 1.093750 -1.762299 1.570796 0.400000 475.000000
7.750000 0.423423 0.714286 -1.739860 1.570796 0.400000 475.000000
8.000000 0.451181 1.102941 -1.384563 1.570796 0.400000 475.000000
8.250000 0.479821 0.530303 -2.224477 1.570796 0.400000 475.000000
8.500000 0.509341 0.500000 0.605528 1.570796 0.400000 475.000000
8.750000 0.539743 0.500000 1.661782 1.570796 0.400000 475.000000
9.000000 0.571026 0.500000 2.249132 1.570796 0.400000 475.000000
9.250000 0.603190 0.500000 2.598170 1.570796 0.400000 475.000000
9.500000 0.636236 0.500000 2.765342 1.570796 0.400000 475.000000
9.750000 0.670163 0.500000 2.792603 1.570796 0.400000 475.000000
10.000000 0.704971 0.502392 2.852627 1.570796 0.400000 475.000000
10.250000 0.740660 0.513158 3.529387 1.570796 0.400000 475.000000
10.500000 0.777230 0.502793 4.032932 1.570796 0.400000 475.000000
10.750000 0.814682 0.500000 4.278152 1.570796 0.400000 475.000000
11.000000 0.853014 0.514286 4.342539 1.570796 0.400000 475.000000
11.250000 0.892228 0.500000 4.298795 1.570796 0.400000 475.000000
11.500000 0.932324 0.513158 4.114911 1.570796 0.400000 475.000000
11.750000 0.973300 0.500000 3.852846 1.570796 0.400000 475.000000
12.000000 1.015158 0.511364 3.427261 1.570796 0.400000 475.000000
12.250000 1.057896 0.507519 2.833688 1.570796 0.400000 475.000000
12.500000 1.101516 0.500000 1.970057 1.570796 0.400000 475.000000
12.750000 1.146018 0.500000 0.416705 1.570796 0.400000 475.000000
13.000000 1.191400 0.483871 -1.270907 1.570796 0.400000 475.000000
13.250000 1.237664 0.476879 -1.639164 1.570796 0.400000 475.000000
13.500000 1.284809 0.661765 -1.676622 1.570796 0.400000 475.000000
13.750000 1.332835 0.529891 -1.579640 1.570796 0.400000 475.000000
14.000000 1.381742 0.596591 -1.613786 1.570796 0.400000 475.000000
14.250000 1.431531 0.589888 -1.669432 1.570796 0.400000 475.000000
14.500000 1.482201 0.530303 -1.390213 1.570796 0.400000 475.000000
14.750000 1.533752 0.573980 -1.628773 1.570796 0.400000 475.000000
15.000000 1.586184 0.694444 -1.813065 1.570796 0.400000 475.000000
15.250000 1.639497 1.000000 0.469354 4.712389 0.400000 475.000000
15.500000 1.693692 1.000000 2.654469 4.712389 0.400000 475.000000
15.750000 1.748768 0.997537 3.484583 4.712389 0.400000 475.000000
16.000000 1.804725 0.695364 5.889570 3.141593 0.400000 475.000000
16.250000 1.861563 0.500000 8.392169 3.141593 0.400000 475.000000
16.500000 1.919282 0.495283 10.531819 3.141593 0.400000 475.000000
16.750000 1.977883 0.523256 11.946531 3.141593 0.400000 475.000000
17.000000 2.037365 0.500000 12.854451 3.141593 0.400000 475.000000
17.250000 2.097728 0.500000 13.819051 3.141593 0.400000 475.000000
17.500000 2.158972 0.500000 14.949692 3.141593 0.400000 475.000000
17.750000 2.221098 0.500000 16.044370 3.141593 0.400000 475.000000
18.000000 2.284105 0.500000 17.281723 3.141593 0.400000 475.000000
18.250000 2.347993 0.548780 18.025972 3.141593 0.400000 475.000000
18.500000 2.412762 0.576923 19.016857 3.141593 0.400000 475.000000
18.750000 2.478412 0.500000 20.052890 3.141593 0.400000 475.000000
19.000000 2.544944 0.500000 20.919142 3.141593 0.400000 475.000000
