6.000000 0.253789 1.084337 -1.684311 1.570796 0.400000 600.000000
6.250000 0.275379 1.265060 -1.730695 1.570796 0.400000 600.000000
6.500000 0.297850 1.133721 -1.712360 1.570796 0.400000 600.000000
6.750000 0.321202 1.250000 -1.647571 1.570796 0.400000 600.000000
7.000000 0.345436 1.411765 -1.692493 1.570796 0.400000 600.000000
7.250000 0.370550 1.179775 -1.741349 1.570796 0.400000 600.000000
7.500000 0.396546 1.165049 -1.663746 1.570796 0.400000 600.000000
7.750000 0.423423 1.209677 -1.727774 1.570796 0.400000 600.000000
8.000000 0.451181 1.328125 -1.842511 1.570796 0.400000 600.000000
8.250000 0.479821 0.914634 -1.399741 1.570796 0.400000 600.000000
8.500000 0.509341 0.500000 -0.921697 1.570796 0.400000 600.000000
8.750000 0.539743 0.500000 1.228175 1.570796 0.400000 600.000000
9.000000 0.571026 0.506431 2.061572 1.570796 0.400000 600.000000
9.250000 0.603190 0.498418 1.822548 1.570796 0.400000 600.000000
9.500000 0.636236 0.500000 2.725319 1.570796 0.400000 600.000000
9.750000 0.670163 0.500000 3.030061 1.570796 0.400000 600.000000
10.000000 0.704971 0.508475 3.507133 1.570796 0.400000 600.000000
10.250000 0.740660 0.512422 3.802257 1.570796 0.400000 600.000000
10.500000 0.777230 0.518868 3.936494 1.570796 0.400000 600.000000
10.750000 0.814682 0.500000 3.978204 1.570796 0.400000 600.000000
11.000000 0.853014 0.515625 3.874122 1.570796 0.400000 600.000000
11.250000 0.892228 0.512422 3.676208 1.570796 0.400000 600.000000
11.500000 0.932324 0.511364 3.337390 1.570796 0.400000 600.000000
11.750000 0.973300 0.500000 2.841919 1.570796 0.400000 600.000000
12.000000 1.015158 0.505319 2.092868 1.570796 0.400000 600.000000
12.250000 1.057896 0.500000 0.836453 1.570796 0.400000 600.000000
12.500000 1.101516 0.533473 -0.129039 1.570796 0.400000 600.000000
12.750000 1.146018 0.497630 -1.155100 1.570796 0.400000 600.000000
13.000000 1.191400 0.542169 -1.329926 1.570796 0.400000 600.000000
13.250000 1.237664 0.625000 -1.698765 1.570796 0.400000 600.000000
13.500000 1.284809 0.661765 -1.433151 1.570796 0.400000 600.000000
13.750000 1.332835 0.580110 -1.413076 1.570796 0.400000 600.000000
14.000000 1.381742 0.655738 -1.493855 1.570796 0.400000 600.000000
14.250000 1.431531 0.576923 -1.405458 1.570796 0.400000 600.000000
14.500000 1.482201 0.530660 -1.268645 1.570796 0.400000 600.000000
14.750000 1.533752 0.576923 -1.458228 1.570796 0.400000 600.000000
15.000000 1.586184 0.622120 -1.495141 1.570796 0.400000 600.000000
15.250000 1.639497 1.000000 0.040404 4.712389 0.400000 600.000000
15.500000 1.693692 1.000000 2.512232 4.712389 0.400000 600.000000
15.750000 1.748768 0.653846 3.965093 3.141593 0.400000 600.000000
16.000000 1.804725 0.572917 6.222678 3.141593 0.400000 600.000000
16.250000 1.861563 0.562500 7.857048 3.141593 0.400000 600.000000
16.500000 1.919282 0.512821 9.255416 3.141593 0.400000 600.000000
16.750000 1.977883 0.514706 11.259442 3.141593 0.400000 600.000000
17.000000 2.037365 0.500000 13.460888 3.141593 0.400000 600.000000
17.250000 2.097728 0.535714 14.474719 3.141593 0.400000 600.000000
17.500000 2.158972 0.559701 15.546564 3.141593 0.400000 600.000000
17.750000 2.221098 0.566038 16.451014 3.141593 0.400000 600.000000
18.000000 2.284105 0.535714 17.296591 3.141593 0.400000 600.000000
18.250000 2.347993 0.500000 18.313710 3.141593 0.400000 600.000000
18.500000 2.412762 0.535714 19.028407 3.141593 0.400000 600.000000
18.750000 2.478412 0.562500 19.806729 3.141593 0.400000 600.000000
19.000000 2.544944 0.576923 20.638323 3.141593 0.400000 600.000000
