6.000000 0.253789 1.218750 -1.700558 1.570796 0.400000 426.000000
6.250000 0.275379 1.153846 -1.797192 1.570796 0.400000 426.000000
6.500000 0.297850 1.034483 -1.687015 1.570796 0.400000 426.000000
6.750000 0.321202 1.166667 -1.806595 1.570796 0.400000 426.000000
7.000000 0.345436 1.083333 -1.744983 1.570796 0.400000 426.000000
7.250000 0.370550 1.428571 -1.731641 1.570796 0.400000 426.000000
7.500000 0.396546 0.793269 -1.549370 1.570796 0.400000 426.000000
7.750000 0.423423 1.019417 -1.484698 1.570796 0.400000 426.000000
8.000000 0.451181 0.823171 -2.330482 1.570796 0.400000 426.000000
8.250000 0.479821 0.500000 0.181590 1.570796 0.400000 426.000000
8.500000 0.509341 0.500000 1.362750 1.570796 0.400000 426.000000
8.750000 0.539743 0.500000 1.960816 1.570796 0.400000 426.000000
9.000000 0.571026 0.500000 2.293462 1.570796 0.400000 426.000000
9.250000 0.603190 0.500000 2.437215 1.570796 0.400000 426.000000
9.500000 0.636236 0.500000 2.418343 1.570796 0.400000 426.000000
9.750000 0.670163 0.506329 2.300658 1.570796 0.400000 426.000000
10.000000 0.704971 0.504202 2.593389 1.570796 0.400000 426.000000
10.250000 0.740660 0.508475 3.225865 1.570796 0.400000 426.000000
10.500000 0.777230 0.510000 3.517819 1.570796 0.400000 426.000000
10.750000 0.814682 0.500000 3.411469 1.570796 0.400000 426.000000
11.000000 0.853014 0.507353 3.134881 1.570796 0.400000 426.000000
11.250000 0.892228 0.506135 2.705267 1.570796 0.400000 426.000000
11.500000 0.932324 0.500000 2.051324 1.570796 0.400000 426.000000
11.750000 0.973300 0.500000 0.956336 1.570796 0.400000 426.000000
12.000000 1.015158 0.724138 -1.658099 1.570796 0.400000 426.000000
12.250000 1.057896 0.650000 -1.525264 1.570796 0.400000 426.000000
12.500000 1.101516 0.744681 -1.654879 1.570796 0.400000 426.000000
12.750000 1.146018 0.677711 -1.532252 1.570796 0.400000 426.000000
13.000000 1.191400 0.637255 -1.644228 1.570796 0.400000 426.000000
13.250000 1.237664 0.800000 -1.732043 1.570796 0.400000 426.000000
13.500000 1.284809 0.613208 -1.537629 1.570796 0.400000 426.000000
13.750000 1.332835 0.541667 -1.538711 1.570796 0.400000 426.000000
14.000000 1.381742 0.670391 -1.662071 1.570796 0.400000 426.000000
14.250000 1.431531 0.502392 -1.284221 1.570796 0.400000 426.000000
14.500000 1.482201 0.643939 -1.444733 1.570796 0.400000 426.000000
14.750000 1.533752 0.789474 -1.644000 1.570796 0.400000 426.000000
15.000000 1.586184 0.765306 -1.855513 1.570796 0.400000 426.000000
15.250000 1.639497 1.000000 0.720245 4.712389 0.400000 426.000000
15.500000 1.693692 0.996979 2.625980 4.712389 0.400000 426.000000
15.750000 1.748768 0.769231 3.939818 3.141593 0.400000 426.000000
16.000000 1.804725 0.572917 6.045559 3.141593 0.400000 426.000000
16.250000 1.861563 0.500000 8.227288 3.141593 0.400000 426.000000
16.500000 1.919282 0.495283 10.296003 3.141593 0.400000 426.000000
16.750000 1.977883 0.511364 12.239134 3.141593 0.400000 426.000000
17.000000 2.037365 0.517241 13.500336 3.141593 0.400000 426.000000
17.250000 2.097728 0.543478 14.394187 3.141593 0.400000 426.000000
17.500000 2.158972 0.500000 15.512603 3.141593 0.400000 426.000000
17.750000 2.221098 0.566038 16.442625 3.141593 0.400000 426.000000
18.000000 2.284105 0.535714 17.326158 3.141593 0.400000 426.000000
18.250000 2.347993 0.500000 18.398076 3.141593 0.400000 426.000000
18.500000 2.412762 0.535714 19.113943 3.141593 0.400000 426.000000
18.750000 2.478412 0.562500 19.875082 3.141593 0.400000 426.000000
19.000000 2.544944 0.576923 20.696383 3.141593 0.400000 426.000000
