6.000000 0.253789 1.084337 -1.643410 1.570796 0.400000 721.000000
6.250000 0.275379 1.084337 -1.683056 1.570796 0.400000 721.000000
6.500000 0.297850 1.000000 -1.667412 1.570796 0.400000 721.000000
6.750000 0.321202 1.129032 -1.664216 1.570796 0.400000 721.000000
7.000000 0.345436 1.153846 -1.747139 1.570796 0.400000 721.000000
7.250000 0.370550 0.957447 -1.629169 1.570796 0.400000 721.000000
7.500000 0.396546 1.050000 -1.731770 1.570796 0.400000 721.000000
7.750000 0.423423 0.800971 -1.623781 1.570796 0.400000 721.000000
8.000000 0.451181 1.147959 -1.234308 1.570796 0.400000 721.000000
8.250000 0.479821 0.519802 -2.048413 1.570796 0.400000 721.000000
8.500000 0.509341 0.500000 0.756080 1.570796 0.400000 721.000000
8.750000 0.539743 0.500000 1.722375 1.570796 0.400000 721.000000
9.000000 0.571026 0.500000 2.268526 1.570796 0.400000 721.000000
9.250000 0.603190 0.500000 2.584640 1.570796 0.400000 721.000000
9.500000 0.636236 0.509050 2.730167 1.570796 0.400000 721.000000
9.750000 0.670163 0.500000 2.731756 1.570796 0.400000 721.000000
10.000000 0.704971 0.500000 2.793121 1.570796 0.400000 721.000000
10.250000 0.740660 0.513158 3.360730 1.570796 0.400000 721.000000
10.500000 0.777230 0.515873 3.829043 1.570796 0.400000 721.000000
10.750000 0.814682 0.500000 4.033122 1.570796 0.400000 721.000000
11.000000 0.853014 0.510471 4.006058 1.570796 0.400000 721.000000
11.250000 0.892228 0.507812 3.849090 1.570796 0.400000 721.000000
11.500000 0.932324 0.507246 3.560718 1.570796 0.400000 721.000000
11.750000 0.973300 0.506329 3.125481 1.570796 0.400000 721.000000
12.000000 1.015158 0.500000 2.497285 1.570796 0.400000 721.000000
12.250000 1.057896 0.500000 1.530495 1.570796 0.400000 721.000000
12.500000 1.101516 0.500000 -0.833990 1.570796 0.400000 721.000000
12.750000 1.146018 0.625000 -1.373272 1.570796 0.400000 721.000000
13.000000 1.191400 0.566860 -1.438101 1.570796 0.400000 721.000000
13.250000 1.237664 0.587349 -1.532917 1.570796 0.400000 721.000000
13.500000 1.284809 0.541667 -1.504884 1.570796 0.400000 721.000000
13.750000 1.332835 0.590909 -1.548713 1.570796 0.400000 721.000000
14.000000 1.381742 0.567568 -1.487136 1.570796 0.400000 721.000000
14.250000 1.431531 0.529891 -1.533934 1.570796 0.400000 721.000000
14.500000 1.482201 0.635593 -1.461106 1.570796 0.400000 721.000000
14.750000 1.533752 0.671053 -1.588284 1.570796 0.400000 721.000000
15.000000 1.586184 0.615942 -1.729799 1.570796 0.400000 721.000000
15.250000 1.639497 1.000000 0.204750 4.712389 0.400000 721.000000
15.500000 1.693692 0.718750 2.939781 3.141593 0.400000 721.000000
15.750000 1.748768 0.677711 4.976583 3.141593 0.400000 721.000000
16.000000 1.804725 0.948276 4.689531 3.141593 0.400000 721.000000
16.250000 1.861563 0.562500 8.597667 3.141593 0.400000 721.000000
16.500000 1.919282 0.519802 11.079984 3.141593 0.400000 721.000000
16.750000 1.977883 0.500000 12.503001 3.141593 0.400000 721.000000
17.000000 2.037365 0.528169 13.490187 3.141593 0.400000 721.000000
17.250000 2.097728 0.528169 14.439819 3.141593 0.400000 721.000000
17.500000 2.158972 0.526316 15.327013 3.141593 0.400000 721.000000
17.750000 2.221098 0.500000 16.263173 3.141593 0.400000 721.000000
18.000000 2.284105 0.500000 17.380247 3.141593 0.400000 721.000000
18.250000 2.347993 0.535714 18.099480 3.141593 0.400000 721.000000
18.500000 2.412762 0.562500 18.953303 3.141593 0.400000 721.000000
18.750000 2.478412 0.576923 19.838765 3.141593 0.400000 721.000000
19.000000 2.544944 0.588235 20.786364 3.141593 0.400000 721.000000
