6.000000 0.253789 0.993976 -1.608780 1.570796 0.400000 666.000000
6.250000 0.275379 1.346154 -1.725532 1.570796 0.400000 666.000000
6.500000 0.297850 0.887097 -1.648583 1.570796 0.400000 666.000000
6.750000 0.321202 1.206897 -1.690498 1.570796 0.400000 666.000000
7.000000 0.345436 1.318681 -1.724682 1.570796 0.400000 666.000000
7.250000 0.370550 0.978261 -1.652511 1.570796 0.400000 666.000000
7.500000 0.396546 0.816832 -1.558746 1.570796 0.400000 666.000000
7.750000 0.423423 1.051402 -1.335440 1.570796 0.400000 666.000000
8.000000 0.451181 0.525000 -1.989374 1.570796 0.400000 666.000000
8.250000 0.479821 0.500000 0.502325 1.570796 0.400000 666.000000
8.500000 0.509341 0.500000 1.479934 1.570796 0.400000 666.000000
8.750000 0.539743 0.500000 1.998853 1.570796 0.400000 666.000000
9.000000 0.571026 0.500000 2.278815 1.570796 0.400000 666.000000
9.250000 0.603190 0.510638 2.366267 1.570796 0.400000 666.000000
9.500000 0.636236 0.500000 2.289434 1.570796 0.400000 666.000000
9.750000 0.670163 0.504202 2.511975 1.570796 0.400000 666.000000
10.000000 0.704971 0.504587 1.615268 1.570796 0.400000 666.000000
10.250000 0.740660 0.510471 3.909967 1.570796 0.400000 666.000000
10.500000 0.777230 0.509259 4.245106 1.570796 0.400000 666.000000
10.750000 0.814682 0.500000 4.436942 1.570796 0.400000 666.000000
11.000000 0.853014 0.513699 4.496222 1.570796 0.400000 666.000000
11.250000 0.892228 0.510204 4.475236 1.570796 0.400000 666.000000
11.500000 0.932324 0.515625 4.341990 1.570796 0.400000 666.000000
11.750000 0.973300 0.515625 4.127517 1.570796 0.400000 666.000000
12.000000 1.015158 0.511364 3.782646 1.570796 0.400000 666.000000
12.250000 1.057896 0.512195 3.294628 1.570796 0.400000 666.000000
12.500000 1.101516 0.507519 2.596457 1.570796 0.400000 666.000000
12.750000 1.146018 0.500000 1.541974 1.570796 0.400000 666.000000
13.000000 1.191400 0.500000 -1.296583 1.570796 0.400000 666.000000
13.250000 1.237664 0.586592 -1.200993 1.570796 0.400000 666.000000
13.500000 1.284809 0.604839 -1.339958 1.570796 0.400000 666.000000
13.750000 1.332835 0.500000 -1.432834 1.570796 0.400000 666.000000
14.000000 1.381742 0.615385 -1.484515 1.570796 0.400000 666.000000
14.250000 1.431531 0.612245 -1.400084 1.570796 0.400000 666.000000
14.500000 1.482201 0.535714 -1.270865 1.570796 0.400000 666.000000
14.750000 1.533752 0.543478 -1.586809 1.570796 0.400000 666.000000
15.000000 1.586184 0.636161 -1.587500 1.570796 0.400000 666.000000
15.250000 1.639497 1.000000 0.866290 4.712389 0.400000 666.000000
15.500000 1.693692 1.000000 2.732611 4.712389 0.400000 666.000000
15.750000 1.748768 0.769231 3.730592 3.141593 0.400000 666.000000
16.000000 1.804725 0.596026 5.813871 3.141593 0.400000 666.000000
16.250000 1.861563 0.508475 7.586885 3.141593 0.400000 666.000000
16.500000 1.919282 0.500000 9.401967 3.141593 0.400000 666.000000
16.750000 1.977883 0.495283 11.207884 3.141593 0.400000 666.000000
17.000000 2.037365 0.523256 13.378957 3.141593 0.400000 666.000000
17.250000 2.097728 0.513699 14.433195 3.141593 0.400000 666.000000
17.500000 2.158972 0.535714 15.401251 3.141593 0.400000 666.000000
17.750000 2.221098 0.545455 16.325512 3.141593 0.400000 666.000000
18.000000 2.284105 0.535714 17.282052 3.141593 0.400000 666.000000
18.250000 2.347993 0.500000 18.344134 3.141593 0.400000 666.000000
18.500000 2.412762 0.535714 19.090805 3.141593 0.400000 666.000000
18.750000 2.478412 0.562500 19.860103 3.141593 0.400000 666.000000
19.000000 2.544944 0.576923 20.687772 3.141593 0.400000 666.000000
