6.000000 0.253789 1.346154 -1.720336 1.570796 0.400000 461.000000
6.250000 0.275379 1.381579 -1.817317 1.570796 0.400000 461.000000
6.500000 0.297850 1.348315 -1.694139 1.570796 0.400000 461.000000
6.750000 0.321202 1.607143 -1.841230 1.570796 0.400000 461.000000
7.000000 0.345436 1.500000 -1.830890 1.570796 0.400000 461.000000
7.250000 0.370550 1.250000 -1.683694 1.570796 0.400000 461.000000
7.500000 0.396546 1.121495 -1.285346 1.570796 0.400000 461.000000
7.750000 0.423423 0.500000 -0.861553 1.570796 0.400000 461.000000
8.000000 0.451181 0.500000 0.815452 1.570796 0.400000 461.000000
8.250000 0.479821 0.500000 1.443036 1.570796 0.400000 461.000000
8.500000 0.509341 0.505865 1.749929 1.570796 0.400000 461.000000
8.750000 0.539743 0.500000 1.841193 1.570796 0.400000 461.000000
9.000000 0.571026 0.508065 1.715126 1.570796 0.400000 461.000000
9.250000 0.603190 0.501393 1.366592 1.570796 0.400000 461.000000
9.500000 0.636236 0.504202 1.026769 1.570796 0.400000 461.000000
9.750000 0.670163 0.500000 2.518289 1.570796 0.400000 461.000000
10.000000 0.704971 0.512048 3.335932 1.570796 0.400000 461.000000
10.250000 0.740660 0.500000 3.918167 1.570796 0.400000 461.000000
10.500000 0.777230 0.500000 4.345902 1.570796 0.400000 461.000000
10.750000 0.814682 0.500000 4.637778 1.570796 0.400000 461.000000
11.000000 0.853014 0.500000 4.842936 1.570796 0.400000 461.000000
11.250000 0.892228 0.513699 4.929912 1.570796 0.400000 461.000000
11.500000 0.932324 0.513699 4.940283 1.570796 0.400000 461.000000
11.750000 0.973300 0.500000 4.878029 1.570796 0.400000 461.000000
12.000000 1.015158 0.500000 4.691385 1.570796 0.400000 461.000000
12.250000 1.057896 0.514286 4.404737 1.570796 0.400000 461.000000
12.500000 1.101516 0.510471 4.022145 1.570796 0.400000 461.000000
12.750000 1.146018 0.509050 3.490448 1.570796 0.400000 461.000000
13.000000 1.191400 0.507117 2.756773 1.570796 0.400000 461.000000
13.250000 1.237664 0.500000 1.656393 1.570796 0.400000 461.000000
13.500000 1.284809 0.500000 -1.200065 1.570796 0.400000 461.000000
13.750000 1.332835 0.843195 -1.414957 1.570796 0.400000 461.000000
14.000000 1.381742 0.700549 -1.534105 1.570796 0.400000 461.000000
14.250000 1.431531 0.750000 -1.631593 1.570796 0.400000 461.000000
14.500000 1.482201 0.781250 -1.623705 1.570796 0.400000 461.000000
14.750000 1.533752 0.837379 -1.599485 1.570796 0.400000 461.000000
15.000000 1.586184 1.059783 -1.801268 1.570796 0.400000 461.000000
15.250000 1.639497 0.500000 2.015297 3.141593 0.400000 461.000000
15.500000 1.693692 0.496988 5.126241 3.141593 0.400000 461.000000
15.750000 1.748768 0.495868 6.827136 3.141593 0.400000 461.000000
16.000000 1.804725 0.567227 8.233572 3.141593 0.400000 461.000000
16.250000 1.861563 0.619835 8.927198 3.141593 0.400000 461.000000
16.500000 1.919282 0.495283 10.971769 3.141593 0.400000 461.000000
16.750000 1.977883 0.517241 12.948667 3.141593 0.400000 461.000000
17.000000 2.037365 0.551471 14.073601 3.141593 0.400000 461.000000
17.250000 2.097728 0.543478 14.970627 3.141593 0.400000 461.000000
17.500000 2.158972 0.545455 15.752288 3.141593 0.400000 461.000000
17.750000 2.221098 0.526316 16.526273 3.141593 0.400000 461.000000
18.000000 2.284105 0.500000 17.534506 3.141593 0.400000 461.000000
18.250000 2.347993 0.535714 18.113036 3.141593 0.400000 461.000000
18.500000 2.412762 0.562500 18.793765 3.141593 0.400000 461.000000
18.750000 2.478412 0.576923 19.553436 3.141593 0.400000 461.000000
19.000000 2.544944 0.592105 20.236179 3.141593 0.400000 461.000000
