6.000000 0.253789 1.071429 -1.646888 1.570796 0.400000 4.000000
6.250000 0.275379 1.220930 -1.705149 1.570796 0.400000 4.000000
6.500000 0.297850 1.250000 -1.734865 1.570796 0.400000 4.000000
6.750000 0.321202 1.196809 -1.690484 1.570796 0.400000 4.000000
7.000000 0.345436 1.153846 -1.722216 1.570796 0.400000 4.000000
7.250000 0.370550 1.029412 -1.658185 1.570796 0.400000 4.000000
7.500000 0.396546 1.019417 -1.710721 1.570796 0.400000 4.000000
7.750000 0.423423 1.113861 -1.751039 1.570796 0.400000 4.000000
8.000000 0.451181 1.081731 -1.696564 1.570796 0.400000 4.000000
8.250000 0.479821 0.750000 -1.632038 1.570796 0.400000 4.000000
8.500000 0.509341 0.500000 0.645380 1.570796 0.400000 4.000000
8.750000 0.539743 0.500000 1.660530 1.570796 0.400000 4.000000
9.000000 0.571026 0.500000 2.228731 1.570796 0.400000 4.000000
9.250000 0.603190 0.500000 2.562348 1.570796 0.400000 4.000000
9.500000 0.636236 0.505952 2.580032 1.570796 0.400000 4.000000
9.750000 0.670163 0.500000 2.641111 1.570796 0.400000 4.000000
10.000000 0.704971 0.512195 3.286020 1.570796 0.400000 4.000000
10.250000 0.740660 0.500000 3.883082 1.570796 0.400000 4.000000
10.500000 0.777230 0.518868 4.320694 1.570796 0.400000 4.000000
10.750000 0.814682 0.500000 4.621359 1.570796 0.400000 4.000000
11.000000 0.853014 0.523256 4.773821 1.570796 0.400000 4.000000
11.250000 0.892228 0.500000 4.854862 1.570796 0.400000 4.000000
11.500000 0.932324 0.500000 4.835260 1.570796 0.400000 4.000000
11.750000 0.973300 0.519231 4.723772 1.570796 0.400000 4.000000
12.000000 1.015158 0.500000 4.553165 1.570796 0.400000 4.000000
12.250000 1.057896 0.517241 4.220270 1.570796 0.400000 4.000000
12.500000 1.101516 0.509259 3.791659 1.570796 0.400000 4.000000
12.750000 1.146018 0.500000 3.206029 1.570796 0.400000 4.000000
13.000000 1.191400 0.507519 2.348345 1.570796 0.400000 4.000000
13.250000 1.237664 0.500000 0.988958 1.570796 0.400000 4.000000
13.500000 1.284809 0.501969 -0.108367 1.570796 0.400000 4.000000
13.750000 1.332835 0.464602 -1.121928 1.570796 0.400000 4.000000
14.000000 1.381742 0.535714 -1.418628 1.570796 0.400000 4.000000
14.250000 1.431531 0.482673 -1.252990 1.570796 0.400000 4.000000
14.500000 1.482201 0.497630 -1.218629 1.570796 0.400000 4.000000
14.750000 1.533752 0.454545 -1.537064 1.570796 0.400000 4.000000
15.000000 1.586184 0.490654 -1.507278 1.570796 0.400000 4.000000
15.250000 1.639497 1.000000 -1.571430 4.712389 0.400000 4.000000
15.500000 1.693692 1.000000 2.081713 4.712389 0.400000 4.000000
15.750000 1.748768 1.000000 3.698465 3.141593 0.400000 4.000000
16.000000 1.804725 0.645695 5.878751 3.141593 0.400000 4.000000
16.250000 1.861563 0.700000 6.380195 3.141593 0.400000 4.000000
16.500000 1.919282 0.495283 10.508798 3.141593 0.400000 4.000000
16.750000 1.977883 0.523256 12.241324 3.141593 0.400000 4.000000
17.000000 2.037365 0.500000 13.478496 3.141593 0.400000 4.000000
17.250000 2.097728 0.500000 14.687565 3.141593 0.400000 4.000000
17.500000 2.158972 0.500000 15.650523 3.141593 0.400000 4.000000
17.750000 2.221098 0.500000 16.799990 3.141593 0.400000 4.000000
18.000000 2.284105 0.548780 17.458541 3.141593 0.400000 4.000000
18.250000 2.347993 0.576923 18.340288 3.141593 0.400000 4.000000
18.500000 2.412762 0.500000 19.336550 3.141593 0.400000 4.000000
18.750000 2.478412 0.500000 20.086633 3.141593 0.400000 4.000000
19.000000 2.544944 0.500000 20.665726 3.141593 0.400000 4.000000
