6.000000 0.253789 0.937500 -1.577482 1.570796 0.400000 100.000000
6.250000 0.275379 0.887097 -1.619774 1.570796 0.400000 100.000000
6.500000 0.297850 0.989011 -1.621527 1.570796 0.400000 100.000000
6.750000 0.321202 0.824176 -1.627979 1.570796 0.400000 100.000000
7.000000 0.345436 0.850515 -1.649822 1.570796 0.400000 100.000000
7.250000 0.370550 0.750000 -1.546027 1.570796 0.400000 100.000000
7.500000 0.396546 0.955882 -1.621586 1.570796 0.400000 100.000000
7.750000 0.423423 0.500000 0.305518 1.570796 0.400000 100.000000
8.000000 0.451181 0.500000 1.117338 1.570796 0.400000 100.000000
8.250000 0.479821 0.500000 1.489746 1.570796 0.400000 100.000000
8.500000 0.509341 0.500000 1.608964 1.570796 0.400000 100.000000
8.750000 0.539743 0.500000 1.506833 1.570796 0.400000 100.000000
9.000000 0.571026 0.497118 0.953846 1.570796 0.400000 100.000000
9.250000 0.603190 0.501761 2.047427 1.570796 0.400000 100.000000
9.500000 0.636236 0.509434 2.763773 1.570796 0.400000 100.000000
9.750000 0.670163 0.514706 3.237741 1.570796 0.400000 100.000000
10.000000 0.704971 0.511364 3.547761 1.570796 0.400000 100.000000
10.250000 0.740660 0.500000 3.723161 1.570796 0.400000 100.000000
10.500000 0.777230 0.500000 3.797928 1.570796 0.400000 100.000000
10.750000 0.814682 0.512422 3.708575 1.570796 0.400000 100.000000
11.000000 0.853014 0.509259 3.546827 1.570796 0.400000 100.000000
11.250000 0.892228 0.511364 3.242533 1.570796 0.400000 100.000000
11.500000 0.932324 0.509709 2.778751 1.570796 0.400000 100.000000
11.750000 0.973300 0.507117 2.084323 1.570796 0.400000 100.000000
12.000000 1.015158 0.500000 0.942754 1.570796 0.400000 100.000000
12.250000 1.057896 0.490196 -2.884384 1.570796 0.400000 100.000000
12.500000 1.101516 0.576923 -1.254710 1.570796 0.400000 100.000000
12.750000 1.146018 0.494505 -1.311333 1.570796 0.400000 100.000000
13.000000 1.191400 0.471204 -1.135135 1.570796 0.400000 100.000000
13.250000 1.237664 0.476879 -1.379359 1.570796 0.400000 100.000000
13.500000 1.284809 0.535714 -1.302768 1.570796 0.400000 100.000000
13.750000 1.332835 0.573770 -1.502995 1.570796 0.400000 100.000000
14.000000 1.381742 0.566038 -1.698086 1.570796 0.400000 100.000000
14.250000 1.431531 0.521390 -1.509907 1.570796 0.400000 100.000000
14.500000 1.482201 0.701754 -1.670522 1.570796 0.400000 100.000000
14.750000 1.533752 0.495283 -1.507771 1.570796 0.400000 100.000000
15.000000 1.586184 0.500000 2.081256 3.141593 0.400000 100.000000
15.250000 1.639497 0.496988 4.821809 3.141593 0.400000 100.000000
15.500000 1.693692 0.551471 6.344379 3.141593 0.400000 100.000000
15.750000 1.748768 0.625000 7.253536 3.141593 0.400000 100.000000
16.000000 1.804725 0.495283 10.137300 3.141593 0.400000 100.000000
16.250000 1.861563 0.500000 11.535210 3.141593 0.400000 100.000000
16.500000 1.919282 0.528169 12.627332 3.141593 0.400000 100.000000
16.750000 1.977883 0.528169 13.635453 3.141593 0.400000 100.000000
17.000000 2.037365 0.517241 14.560494 3.141593 0.400000 100.000000
17.250000 2.097728 0.500000 15.354102 3.141593 0.400000 100.000000
17.500000 2.158972 0.555556 16.049801 3.141593 0.400000 100.000000
17.750000 2.221098 0.523256 16.906563 3.141593 0.400000 100.000000
18.000000 2.284105 0.576923 17.441031 3.141593 0.400000 100.000000
18.250000 2.347993 0.576923 18.117918 3.141593 0.400000 100.000000
18.500000 2.412762 0.576923 18.762246 3.141593 0.400000 100.000000
18.750000 2.478412 0.592105 19.353675 3.141593 0.400000 100.000000
19.000000 2.544944 0.592105 19.903511 3.141593 0.400000 100.000000
