6.000000 0.253789 1.250000 -1.666230 1.570796 0.400000 847.000000
6.250000 0.275379 1.220930 -1.714758 1.570796 0.400000 847.000000
6.500000 0.297850 1.179775 -1.676071 1.570796 0.400000 847.000000
6.750000 0.321202 1.059783 -1.706406 1.570796 0.400000 847.000000
7.000000 0.345436 0.978261 -1.771546 1.570796 0.400000 847.000000
7.250000 0.370550 1.060606 -1.665388 1.570796 0.400000 847.000000
7.500000 0.396546 1.029412 -1.605384 1.570796 0.400000 847.000000
7.750000 0.423423 1.102941 -1.695398 1.570796 0.400000 847.000000
8.000000 0.451181 1.250000 -1.716225 1.570796 0.400000 847.000000
8.250000 0.479821 0.500000 -0.743590 1.570796 0.400000 847.000000
8.500000 0.509341 0.500000 1.148207 1.570796 0.400000 847.000000
8.750000 0.539743 0.500000 1.867614 1.570796 0.400000 847.000000
9.000000 0.571026 0.508065 2.276836 1.570796 0.400000 847.000000
9.250000 0.603190 0.500000 2.493820 1.570796 0.400000 847.000000
9.500000 0.636236 0.500000 2.524834 1.570796 0.400000 847.000000
9.750000 0.670163 0.500000 2.227179 1.570796 0.400000 847.000000
10.000000 0.704971 0.500000 3.116757 1.570796 0.400000 847.000000
10.250000 0.740660 0.517241 3.786001 1.570796 0.400000 847.000000
10.500000 0.777230 0.512422 4.333102 1.570796 0.400000 847.000000
10.750000 0.814682 0.517241 4.694208 1.570796 0.400000 847.000000
11.000000 0.853014 0.500000 4.963737 1.570796 0.400000 847.000000
11.250000 0.892228 0.500000 5.141681 1.570796 0.400000 847.000000
11.500000 0.932324 0.517241 5.202235 1.570796 0.400000 847.000000
11.750000 0.973300 0.517241 5.194487 1.570796 0.400000 847.000000
12.000000 1.015158 0.500000 5.127000 1.570796 0.400000 847.000000
12.250000 1.057896 0.515267 4.905005 1.570796 0.400000 847.000000
12.500000 1.101516 0.511364 4.648414 1.570796 0.400000 847.000000
12.750000 1.146018 0.513699 4.250272 1.570796 0.400000 847.000000
13.000000 1.191400 0.511364 3.717490 1.570796 0.400000 847.000000
13.250000 1.237664 0.507246 3.012847 1.570796 0.400000 847.000000
13.500000 1.284809 0.500000 1.984419 1.570796 0.400000 847.000000
13.750000 1.332835 0.500000 -0.050089 1.570796 0.400000 847.000000
14.000000 1.381742 0.532995 -0.737995 1.570796 0.400000 847.000000
14.250000 1.431531 0.495283 -1.201873 1.570796 0.400000 847.000000
14.500000 1.482201 0.462555 -1.102217 1.570796 0.400000 847.000000
14.750000 1.533752 0.497925 -1.203889 1.570796 0.400000 847.000000
15.000000 1.586184 0.428571 -1.243575 1.570796 0.400000 847.000000
15.250000 1.639497 1.000000 -0.142654 4.712389 0.400000 847.000000
15.500000 1.693692 1.000000 2.381445 4.712389 0.400000 847.000000
15.750000 1.748768 0.997537 3.500492 4.712389 0.400000 847.000000
16.000000 1.804725 0.500000 5.929966 3.141593 0.400000 847.000000
16.250000 1.861563 0.500000 8.363455 3.141593 0.400000 847.000000
16.500000 1.919282 0.519802 10.222216 3.141593 0.400000 847.000000
16.750000 1.977883 0.500000 11.096199 3.141593 0.400000 847.000000
17.000000 2.037365 0.523256 13.050931 3.141593 0.400000 847.000000
17.250000 2.097728 0.513699 14.369301 3.141593 0.400000 847.000000
17.500000 2.158972 0.535714 15.410599 3.141593 0.400000 847.000000
17.750000 2.221098 0.526316 16.470508 3.141593 0.400000 847.000000
18.000000 2.284105 0.500000 17.538991 3.141593 0.400000 847.000000
18.250000 2.347993 0.535714 18.316238 3.141593 0.400000 847.000000
18.500000 2.412762 0.562500 19.147961 3.141593 0.400000 847.000000
18.750000 2.478412 0.592105 19.983529 3.141593 0.400000 847.000000
19.000000 2.544944 0.500000 20.798489 3.141593 0.400000 847.000000
