6.000000 0.253789 0.970588 -1.484056 1.570796 0.400000 407.000000
6.250000 0.275379 1.265060 -1.782993 1.570796 0.400000 407.000000
6.500000 0.297850 0.903614 -1.683823 1.570796 0.400000 407.000000
6.750000 0.321202 1.166667 -1.788028 1.570796 0.400000 407.000000
7.000000 0.345436 1.083333 -1.822842 1.570796 0.400000 407.000000
7.250000 0.370550 1.129032 -1.810646 1.570796 0.400000 407.000000
7.500000 0.396546 0.990566 -1.620130 1.570796 0.400000 407.000000
7.750000 0.423423 1.048387 -1.755842 1.570796 0.400000 407.000000
8.000000 0.451181 0.982143 -1.897616 1.570796 0.400000 407.000000
8.250000 0.479821 0.937500 -1.203081 1.570796 0.400000 407.000000
8.500000 0.509341 0.507519 -1.550707 1.570796 0.400000 407.000000
8.750000 0.539743 0.500000 1.083816 1.570796 0.400000 407.000000
9.000000 0.571026 0.500000 2.003310 1.570796 0.400000 407.000000
9.250000 0.603190 0.500000 2.156326 1.570796 0.400000 407.000000
9.500000 0.636236 0.502232 2.906019 1.570796 0.400000 407.000000
9.750000 0.670163 0.513158 3.078669 1.570796 0.400000 407.000000
10.000000 0.704971 0.500000 3.163941 1.570796 0.400000 407.000000
10.250000 0.740660 0.513158 3.187862 1.570796 0.400000 407.000000
10.500000 0.777230 0.510471 3.223172 1.570796 0.400000 407.000000
10.750000 0.814682 0.513158 3.294500 1.570796 0.400000 407.000000
11.000000 0.853014 0.502392 3.313937 1.570796 0.400000 407.000000
11.250000 0.892228 0.500000 3.150991 1.570796 0.400000 407.000000
11.500000 0.932324 0.500000 2.677016 1.570796 0.400000 407.000000
11.750000 0.973300 0.500000 1.927882 1.570796 0.400000 407.000000
12.000000 1.015158 0.500000 0.634876 1.570796 0.400000 407.000000
12.250000 1.057896 0.637255 -1.806032 1.570796 0.400000 407.000000
12.500000 1.101516 0.587349 -1.399704 1.570796 0.400000 407.000000
12.750000 1.146018 0.541667 -1.450381 1.570796 0.400000 407.000000
13.000000 1.191400 0.491071 -1.462281 1.570796 0.400000 407.000000
13.250000 1.237664 0.636364 -1.612297 1.570796 0.400000 407.000000
13.500000 1.284809 0.497238 -1.528464 1.570796 0.400000 407.000000
13.750000 1.332835 0.594512 -1.604411 1.570796 0.400000 407.000000
14.000000 1.381742 0.538674 -1.504500 1.570796 0.400000 407.000000
14.250000 1.431531 0.644172 -1.606805 1.570796 0.400000 407.000000
14.500000 1.482201 0.510471 -1.435747 1.570796 0.400000 407.000000
14.750000 1.533752 0.568720 -1.299802 1.570796 0.400000 407.000000
15.000000 1.586184 0.850515 -1.616653 1.570796 0.400000 407.000000
15.250000 1.639497 1.000000 1.137231 4.712389 0.400000 407.000000
15.500000 1.693692 1.000000 2.909697 4.712389 0.400000 407.000000
15.750000 1.748768 1.000000 3.677325 4.712389 0.400000 407.000000
16.000000 1.804725 0.722892 5.704211 3.141593 0.400000 407.000000
16.250000 1.861563 0.500000 8.591435 3.141593 0.400000 407.000000
16.500000 1.919282 0.495283 10.340251 3.141593 0.400000 407.000000
16.750000 1.977883 0.500000 11.698796 3.141593 0.400000 407.000000
17.000000 2.037365 0.520833 12.939427 3.141593 0.400000 407.000000
17.250000 2.097728 0.528169 14.192294 3.141593 0.400000 407.000000
17.500000 2.158972 0.535714 15.229155 3.141593 0.400000 407.000000
17.750000 2.221098 0.517241 16.354655 3.141593 0.400000 407.000000
18.000000 2.284105 0.500000 17.429067 3.141593 0.400000 407.000000
18.250000 2.347993 0.535714 18.166829 3.141593 0.400000 407.000000
18.500000 2.412762 0.562500 19.005944 3.141593 0.400000 407.000000
18.750000 2.478412 0.576923 19.876169 3.141593 0.400000 407.000000
19.000000 2.544944 0.576923 20.757053 3.141593 0.400000 407.000000
