6.000000 0.253789 1.083333 -1.588800 1.570796 0.400000 890.000000
6.250000 0.275379 1.160714 -1.728726 1.570796 0.400000 890.000000
6.500000 0.297850 1.107955 -1.679681 1.570796 0.400000 890.000000
6.750000 0.321202 1.379310 -1.783771 1.570796 0.400000 890.000000
7.000000 0.345436 1.026316 -1.676913 1.570796 0.400000 890.000000
7.250000 0.370550 1.141304 -1.741048 1.570796 0.400000 890.000000
7.500000 0.396546 1.009615 -1.529604 1.570796 0.400000 890.000000
7.750000 0.423423 1.059783 -1.405861 1.570796 0.400000 890.000000
8.000000 0.451181 0.625000 -2.207333 1.570796 0.400000 890.000000
8.250000 0.479821 0.500000 0.279174 1.570796 0.400000 890.000000
8.500000 0.509341 0.500000 1.388465 1.570796 0.400000 890.000000
8.750000 0.539743 0.500000 1.960649 1.570796 0.400000 890.000000
9.000000 0.571026 0.500000 2.276015 1.570796 0.400000 890.000000
9.250000 0.603190 0.508475 2.402251 1.570796 0.400000 890.000000
9.500000 0.636236 0.500000 2.358512 1.570796 0.400000 890.000000
9.750000 0.670163 0.502092 2.351551 1.570796 0.400000 890.000000
10.000000 0.704971 0.504484 2.984494 1.570796 0.400000 890.000000
10.250000 0.740660 0.509709 3.760060 1.570796 0.400000 890.000000
10.500000 0.777230 0.500000 4.289167 1.570796 0.400000 890.000000
10.750000 0.814682 0.509259 4.530142 1.570796 0.400000 890.000000
11.000000 0.853014 0.513699 4.663596 1.570796 0.400000 890.000000
11.250000 0.892228 0.517241 4.690543 1.570796 0.400000 890.000000
11.500000 0.932324 0.513699 4.638498 1.570796 0.400000 890.000000
11.750000 0.973300 0.515625 4.476886 1.570796 0.400000 890.000000
12.000000 1.015158 0.512422 4.228577 1.570796 0.400000 890.000000
12.250000 1.057896 0.500000 3.864877 1.570796 0.400000 890.000000
12.500000 1.101516 0.500000 3.338885 1.570796 0.400000 890.000000
12.750000 1.146018 0.507117 2.588041 1.570796 0.400000 890.000000
13.000000 1.191400 0.500000 1.467464 1.570796 0.400000 890.000000
13.250000 1.237664 0.497630 -1.732439 1.570796 0.400000 890.000000
13.500000 1.284809 0.518617 -1.558083 1.570796 0.400000 890.000000
13.750000 1.332835 0.706806 -1.442017 1.570796 0.400000 890.000000
14.000000 1.381742 0.598592 -1.138163 1.570796 0.400000 890.000000
14.250000 1.431531 0.586957 -1.196997 1.570796 0.400000 890.000000
14.500000 1.482201 0.716080 -1.500246 1.570796 0.400000 890.000000
14.750000 1.533752 0.687773 -1.504801 1.570796 0.400000 890.000000
15.000000 1.586184 0.822785 -1.666448 1.570796 0.400000 890.000000
15.250000 1.639497 1.000000 0.349250 4.712389 0.400000 890.000000
15.500000 1.693692 1.000000 2.685832 4.712389 0.400000 890.000000
15.750000 1.748768 0.722892 5.037874 3.141593 0.400000 890.000000
16.000000 1.804725 0.500000 7.854944 3.141593 0.400000 890.000000
16.250000 1.861563 0.514706 10.033546 3.141593 0.400000 890.000000
16.500000 1.919282 0.500000 11.441563 3.141593 0.400000 890.000000
16.750000 1.977883 0.528169 12.627378 3.141593 0.400000 890.000000
17.000000 2.037365 0.528169 13.703913 3.141593 0.400000 890.000000
17.250000 2.097728 0.535714 14.592346 3.141593 0.400000 890.000000
17.500000 2.158972 0.517241 15.631803 3.141593 0.400000 890.000000
17.750000 2.221098 0.500000 16.630977 3.141593 0.400000 890.000000
18.000000 2.284105 0.548780 17.273356 3.141593 0.400000 890.000000
18.250000 2.347993 0.562500 18.186927 3.141593 0.400000 890.000000
18.500000 2.412762 0.576923 19.070200 3.141593 0.400000 890.000000
18.750000 2.478412 0.500000 20.068976 3.141593 0.400000 890.000000
19.000000 2.544944 0.500000 20.811543 3.141593 0.400000 890.000000
