6.000000 0.253789 1.482558 -1.605823 1.570796 0.400000 913.000000
6.250000 0.275379 1.448864 -1.665300 1.570796 0.400000 913.000000
6.500000 0.297850 1.619318 -1.690839 1.570796 0.400000 913.000000
6.750000 0.321202 1.483516 -1.731073 1.570796 0.400000 913.000000
7.000000 0.345436 1.483516 -1.770794 1.570796 0.400000 913.000000
7.250000 0.370550 1.683673 -1.667873 1.570796 0.400000 913.000000
7.500000 0.396546 1.081731 -1.673302 1.570796 0.400000 913.000000
7.750000 0.423423 1.397059 -1.362031 1.570796 0.400000 913.000000
8.000000 0.451181 0.519802 -1.747744 1.570796 0.400000 913.000000
8.250000 0.479821 0.500000 0.610275 1.570796 0.400000 913.000000
8.500000 0.509341 0.500000 1.510526 1.570796 0.400000 913.000000
8.750000 0.539743 1.815789 -2.136344 1.570796 0.400000 913.000000
9.000000 0.571026 0.500000 2.241071 1.570796 0.400000 913.000000
9.250000 0.603190 0.510000 2.307089 1.570796 0.400000 913.000000
9.500000 0.636236 0.500000 2.182338 1.570796 0.400000 913.000000
9.750000 0.670163 0.502092 2.469690 1.570796 0.400000 913.000000
10.000000 0.704971 0.504202 3.177518 1.570796 0.400000 913.000000
10.250000 0.740660 0.510471 3.925424 1.570796 0.400000 913.000000
10.500000 0.777230 0.509259 4.313606 1.570796 0.400000 913.000000
10.750000 0.814682 0.500000 4.574607 1.570796 0.400000 913.000000
11.000000 0.853014 0.520833 4.704924 1.570796 0.400000 913.000000
11.250000 0.892228 0.500000 4.787700 1.570796 0.400000 913.000000
11.500000 0.932324 0.500000 4.762202 1.570796 0.400000 913.000000
11.750000 0.973300 0.513699 4.596756 1.570796 0.400000 913.000000
12.000000 1.015158 0.517241 4.381727 1.570796 0.400000 913.000000
12.250000 1.057896 0.515625 4.041393 1.570796 0.400000 913.000000
12.500000 1.101516 0.510471 3.560839 1.570796 0.400000 913.000000
12.750000 1.146018 0.500000 2.916589 1.570796 0.400000 913.000000
13.000000 1.191400 0.502915 1.945898 1.570796 0.400000 913.000000
13.250000 1.237664 0.500000 0.128379 1.570796 0.400000 913.000000
13.500000 1.284809 0.600000 -0.746218 1.570796 0.400000 913.000000
13.750000 1.332835 0.573980 -1.265127 1.570796 0.400000 913.000000
14.000000 1.381742 0.519481 -1.111476 1.570796 0.400000 913.000000
14.250000 1.431531 0.533333 -1.143445 1.570796 0.400000 913.000000
14.500000 1.482201 0.710900 -1.463591 1.570796 0.400000 913.000000
14.750000 1.533752 0.757979 -1.566852 1.570796 0.400000 913.000000
15.000000 1.586184 0.690377 -1.347876 1.570796 0.400000 913.000000
15.250000 1.639497 0.997230 -0.179100 4.712389 0.400000 913.000000
15.500000 1.693692 1.000000 2.083673 4.712389 0.400000 913.000000
15.750000 1.748768 1.000000 3.462578 4.712389 0.400000 913.000000
16.000000 1.804725 0.948795 4.640203 3.141593 0.400000 913.000000
16.250000 1.861563 0.818182 5.520123 3.141593 0.400000 913.000000
16.500000 1.919282 0.512821 10.097495 3.141593 0.400000 913.000000
16.750000 1.977883 0.519802 11.388483 3.141593 0.400000 913.000000
17.000000 2.037365 0.523256 12.606545 3.141593 0.400000 913.000000
17.250000 2.097728 0.500000 13.787936 3.141593 0.400000 913.000000
17.500000 2.158972 0.517241 15.005592 3.141593 0.400000 913.000000
17.750000 2.221098 0.500000 16.020628 3.141593 0.400000 913.000000
18.000000 2.284105 0.500000 17.259153 3.141593 0.400000 913.000000
18.250000 2.347993 0.500000 18.212511 3.141593 0.400000 913.000000
18.500000 2.412762 0.535714 19.002307 3.141593 0.400000 913.000000
18.750000 2.478412 0.548780 19.819226 3.141593 0.400000 913.000000
19.000000 2.544944 0.592105 20.698717 3.141593 0.400000 913.000000
