6.000000 0.253789 1.346154 -1.771940 1.570796 0.400000 345.000000
6.250000 0.275379 1.296296 -1.731333 1.570796 0.400000 345.000000
6.500000 0.297850 1.634615 -1.902115 1.570796 0.400000 345.000000
6.750000 0.321202 1.465517 -1.815150 1.570796 0.400000 345.000000
7.000000 0.345436 1.411765 -1.876851 1.570796 0.400000 345.000000
7.250000 0.370550 1.356383 -1.772406 1.570796 0.400000 345.000000
7.500000 0.396546 1.395349 -1.867817 1.570796 0.400000 345.000000
7.750000 0.423423 1.019417 -1.753686 1.570796 0.400000 345.000000
8.000000 0.451181 1.188119 -1.597784 1.570796 0.400000 345.000000
8.250000 0.479821 1.100917 -2.172731 1.570796 0.400000 345.000000
8.500000 0.509341 0.500000 0.472259 1.570796 0.400000 345.000000
8.750000 0.539743 0.500000 1.610933 1.570796 0.400000 345.000000
9.000000 0.571026 0.500000 2.229844 1.570796 0.400000 345.000000
9.250000 0.603190 0.510000 2.595283 1.570796 0.400000 345.000000
9.500000 0.636236 0.511364 2.767298 1.570796 0.400000 345.000000
9.750000 0.670163 0.512195 2.834195 1.570796 0.400000 345.000000
10.000000 0.704971 0.509709 2.802153 1.570796 0.400000 345.000000
10.250000 0.740660 0.502793 3.687279 1.570796 0.400000 345.000000
10.500000 0.777230 0.500000 4.180191 1.570796 0.400000 345.000000
10.750000 0.814682 0.503356 4.425034 1.570796 0.400000 345.000000
11.000000 0.853014 0.517241 4.523048 1.570796 0.400000 345.000000
11.250000 0.892228 0.513699 4.523609 1.570796 0.400000 345.000000
11.500000 0.932324 0.500000 4.430101 1.570796 0.400000 345.000000
11.750000 0.973300 0.500000 4.211287 1.570796 0.400000 345.000000
12.000000 1.015158 0.508475 3.880559 1.570796 0.400000 345.000000
12.250000 1.057896 0.500000 3.434146 1.570796 0.400000 345.000000
12.500000 1.101516 0.507968 2.767185 1.570796 0.400000 345.000000
12.750000 1.146018 0.498615 1.822827 1.570796 0.400000 345.000000
13.000000 1.191400 0.500000 -0.052441 1.570796 0.400000 345.000000
13.250000 1.237664 0.576923 -0.939403 1.570796 0.400000 345.000000
13.500000 1.284809 0.497449 -1.371673 1.570796 0.400000 345.000000
13.750000 1.332835 0.648649 -1.591312 1.570796 0.400000 345.000000
14.000000 1.381742 0.532544 -1.471799 1.570796 0.400000 345.000000
14.250000 1.431531 0.576923 -1.506738 1.570796 0.400000 345.000000
14.500000 1.482201 0.653846 -1.455474 1.570796 0.400000 345.000000
14.750000 1.533752 0.724638 -1.496082 1.570796 0.400000 345.000000
15.000000 1.586184 0.766667 -1.597833 1.570796 0.400000 345.000000
15.250000 1.639497 1.000000 -1.124255 4.712389 0.400000 345.000000
15.500000 1.693692 1.000000 2.253375 4.712389 0.400000 345.000000
15.750000 1.748768 1.000000 3.232788 4.712389 0.400000 345.000000
16.000000 1.804725 0.768072 4.796387 3.141593 0.400000 345.000000
16.250000 1.861563 0.625000 6.907458 3.141593 0.400000 345.000000
16.500000 1.919282 0.568182 8.679719 3.141593 0.400000 345.000000
16.750000 1.977883 0.500000 11.532968 3.141593 0.400000 345.000000
17.000000 2.037365 0.500000 13.051532 3.141593 0.400000 345.000000
17.250000 2.097728 0.500000 14.138931 3.141593 0.400000 345.000000
17.500000 2.158972 0.517241 15.376644 3.141593 0.400000 345.000000
17.750000 2.221098 0.500000 16.301563 3.141593 0.400000 345.000000
18.000000 2.284105 0.500000 17.478492 3.141593 0.400000 345.000000
18.250000 2.347993 0.535714 18.200962 3.141593 0.400000 345.000000
18.500000 2.412762 0.562500 19.024025 3.141593 0.400000 345.000000
18.750000 2.478412 0.592105 19.861033 3.141593 0.400000 345.000000
19.000000 2.544944 0.588235 20.737267 3.141593 0.400000 345.000000
