6.000000 0.253789 1.388889 -1.717010 1.570796 0.400000 792.000000
6.250000 0.275379 1.785714 -1.709317 1.570796 0.400000 792.000000
6.500000 0.297850 1.646341 -1.859164 1.570796 0.400000 792.000000
6.750000 0.321202 1.448864 -1.638216 1.570796 0.400000 792.000000
7.000000 0.345436 1.196809 -1.707946 1.570796 0.400000 792.000000
7.250000 0.370550 0.500000 -0.954269 1.570796 0.400000 792.000000
7.500000 0.396546 0.500000 0.534359 1.570796 0.400000 792.000000
7.750000 0.423423 0.500000 1.039520 1.570796 0.400000 792.000000
8.000000 0.451181 0.500000 1.204891 1.570796 0.400000 792.000000
8.250000 0.479821 0.500000 1.098926 1.570796 0.400000 792.000000
8.500000 0.509341 0.500000 1.322139 1.570796 0.400000 792.000000
8.750000 0.539743 0.500000 1.928248 1.570796 0.400000 792.000000
9.000000 0.571026 0.501672 2.233645 1.570796 0.400000 792.000000
9.250000 0.603190 0.500000 2.346260 1.570796 0.400000 792.000000
9.500000 0.636236 0.500000 2.301498 1.570796 0.400000 792.000000
9.750000 0.670163 0.506757 2.051951 1.570796 0.400000 792.000000
10.000000 0.704971 0.501393 1.621328 1.570796 0.400000 792.000000
10.250000 0.740660 0.500000 0.805993 1.570796 0.400000 792.000000
10.500000 0.777230 0.500000 -1.430836 1.570796 0.400000 792.000000
10.750000 0.814682 0.650000 -1.131113 1.570796 0.400000 792.000000
11.000000 0.853014 1.086957 -1.703752 1.570796 0.400000 792.000000
11.250000 0.892228 0.580986 -1.399423 1.570796 0.400000 792.000000
11.500000 0.932324 0.654362 -1.471718 1.570796 0.400000 792.000000
11.750000 0.973300 0.937500 -1.480461 1.570796 0.400000 792.000000
12.000000 1.015158 0.894040 -1.730598 1.570796 0.400000 792.000000
12.250000 1.057896 0.763473 -1.504844 1.570796 0.400000 792.000000
12.500000 1.101516 0.993976 -1.678915 1.570796 0.400000 792.000000
12.750000 1.146018 0.937500 -1.610977 1.570796 0.400000 792.000000
13.000000 1.191400 0.889831 -1.317292 1.570796 0.400000 792.000000
13.250000 1.237664 0.728571 -1.428375 1.570796 0.400000 792.000000
13.500000 1.284809 0.757576 -1.426644 1.570796 0.400000 792.000000
13.750000 1.332835 0.774457 -1.581025 1.570796 0.400000 792.000000
14.000000 1.381742 0.757212 -1.459058 1.570796 0.400000 792.000000
14.250000 1.431531 0.500000 2.506909 3.141593 0.400000 792.000000
14.500000 1.482201 0.500000 4.977886 3.141593 0.400000 792.000000
14.750000 1.533752 0.542169 5.956524 3.141593 0.400000 792.000000
15.000000 1.586184 0.500000 7.504783 3.141593 0.400000 792.000000
15.250000 1.639497 0.514706 8.988684 3.141593 0.400000 792.000000
15.500000 1.693692 0.500000 10.139905 3.141593 0.400000 792.000000
15.750000 1.748768 0.500000 11.032449 3.141593 0.400000 792.000000
16.000000 1.804725 0.500000 11.905662 3.141593 0.400000 792.000000
16.250000 1.861563 0.535714 12.634668 3.141593 0.400000 792.000000
16.500000 1.919282 0.513699 13.314739 3.141593 0.400000 792.000000
16.750000 1.977883 0.551471 13.764103 3.141593 0.400000 792.000000
17.000000 2.037365 0.535714 14.199892 3.141593 0.400000 792.000000
17.250000 2.097728 0.500000 14.777981 3.141593 0.400000 792.000000
17.500000 2.158972 0.545455 15.480807 3.141593 0.400000 792.000000
17.750000 2.221098 0.500000 16.513710 3.141593 0.400000 792.000000
18.000000 2.284105 0.500000 17.293741 3.141593 0.400000 792.000000
18.250000 2.347993 0.548780 17.952289 3.141593 0.400000 792.000000
18.500000 2.412762 0.562500 18.649534 3.141593 0.400000 792.000000
18.750000 2.478412 0.592105 19.403370 3.141593 0.400000 792.000000
19.000000 2.544944 0.500000 20.200253 3.141593 0.400000 792.000000
