6.000000 0.253789 1.174699 -1.684600 1.570796 0.400000 906.000000
6.250000 0.275379 1.022727 -1.672737 1.570796 0.400000 906.000000
6.500000 0.297850 1.308140 -1.691879 1.570796 0.400000 906.000000
6.750000 0.321202 1.482558 -1.755471 1.570796 0.400000 906.000000
7.000000 0.345436 1.516854 -1.771850 1.570796 0.400000 906.000000
7.250000 0.370550 1.171875 -1.758203 1.570796 0.400000 906.000000
7.500000 0.396546 1.081731 -1.657316 1.570796 0.400000 906.000000
7.750000 0.423423 1.048387 -1.584714 1.570796 0.400000 906.000000
8.000000 0.451181 0.906593 -2.168900 1.570796 0.400000 906.000000
8.250000 0.479821 0.500000 0.097833 1.570796 0.400000 906.000000
8.500000 0.509341 0.500000 1.324699 1.570796 0.400000 906.000000
8.750000 0.539743 0.500000 1.937938 1.570796 0.400000 906.000000
9.000000 0.571026 0.507117 2.275046 1.570796 0.400000 906.000000
9.250000 0.603190 0.505952 2.425724 1.570796 0.400000 906.000000
9.500000 0.636236 0.500000 2.379096 1.570796 0.400000 906.000000
9.750000 0.670163 0.502232 2.630332 1.570796 0.400000 906.000000
10.000000 0.704971 0.502092 2.957870 1.570796 0.400000 906.000000
10.250000 0.740660 0.507812 3.904760 1.570796 0.400000 906.000000
10.500000 0.777230 0.518868 4.258753 1.570796 0.400000 906.000000
10.750000 0.814682 0.513699 4.463598 1.570796 0.400000 906.000000
11.000000 0.853014 0.500000 4.560979 1.570796 0.400000 906.000000
11.250000 0.892228 0.500000 4.555578 1.570796 0.400000 906.000000
11.500000 0.932324 0.517241 4.450920 1.570796 0.400000 906.000000
11.750000 0.973300 0.518868 4.246759 1.570796 0.400000 906.000000
12.000000 1.015158 0.500000 3.959321 1.570796 0.400000 906.000000
12.250000 1.057896 0.500000 3.494500 1.570796 0.400000 906.000000
12.500000 1.101516 0.508475 2.866446 1.570796 0.400000 906.000000
12.750000 1.146018 0.504386 1.952854 1.570796 0.400000 906.000000
13.000000 1.191400 0.500000 0.269041 1.570796 0.400000 906.000000
13.250000 1.237664 0.603015 -0.688947 1.570796 0.400000 906.000000
13.500000 1.284809 0.497449 -1.240781 1.570796 0.400000 906.000000
13.750000 1.332835 0.635593 -1.609897 1.570796 0.400000 906.000000
14.000000 1.381742 0.612245 -1.319432 1.570796 0.400000 906.000000
14.250000 1.431531 0.659722 -1.011939 1.570796 0.400000 906.000000
14.500000 1.482201 0.640704 -1.642451 1.570796 0.400000 906.000000
14.750000 1.533752 0.568720 -1.574838 1.570796 0.400000 906.000000
15.000000 1.586184 0.546559 -1.389165 1.570796 0.400000 906.000000
15.250000 1.639497 1.000000 -0.556853 4.712389 0.400000 906.000000
15.500000 1.693692 1.000000 2.398429 4.712389 0.400000 906.000000
15.750000 1.748768 0.997537 3.829468 4.712389 0.400000 906.000000
16.000000 1.804725 0.507519 6.931880 3.141593 0.400000 906.000000
16.250000 1.861563 0.500000 9.254230 3.141593 0.400000 906.000000
16.500000 1.919282 0.500000 11.042373 3.141593 0.400000 906.000000
16.750000 1.977883 0.535714 12.537931 3.141593 0.400000 906.000000
17.000000 2.037365 0.500000 13.635992 3.141593 0.400000 906.000000
17.250000 2.097728 0.551471 14.605724 3.141593 0.400000 906.000000
17.500000 2.158972 0.545455 15.365851 3.141593 0.400000 906.000000
17.750000 2.221098 0.526316 16.316531 3.141593 0.400000 906.000000
18.000000 2.284105 0.500000 17.353426 3.141593 0.400000 906.000000
18.250000 2.347993 0.535714 18.143110 3.141593 0.400000 906.000000
18.500000 2.412762 0.562500 18.997328 3.141593 0.400000 906.000000
18.750000 2.478412 0.576923 19.879137 3.141593 0.400000 906.000000
19.000000 2.544944 0.500000 20.765934 3.141593 0.400000 906.000000
