6.000000 0.253789 1.406250 -1.646954 1.570796 0.400000 571.000000
6.250000 0.275379 1.084337 -1.692532 1.570796 0.400000 571.000000
6.500000 0.297850 1.348315 -1.625330 1.570796 0.400000 571.000000
6.750000 0.321202 1.083333 -1.623533 1.570796 0.400000 571.000000
7.000000 0.345436 1.236264 -1.746686 1.570796 0.400000 571.000000
7.250000 0.370550 1.050000 -1.602884 1.570796 0.400000 571.000000
7.500000 0.396546 1.356383 -1.626884 1.570796 0.400000 571.000000
7.750000 0.423423 1.019417 -1.656221 1.570796 0.400000 571.000000
8.000000 0.451181 1.060606 -1.557284 1.570796 0.400000 571.000000
8.250000 0.479821 0.766423 -1.310039 1.570796 0.400000 571.000000
8.500000 0.509341 0.500000 0.423711 1.570796 0.400000 571.000000
8.750000 0.539743 0.500000 1.580319 1.570796 0.400000 571.000000
9.000000 0.571026 0.500000 2.195281 1.570796 0.400000 571.000000
9.250000 0.603190 0.498155 2.368465 1.570796 0.400000 571.000000
9.500000 0.636236 0.500000 2.758927 1.570796 0.400000 571.000000
9.750000 0.670163 0.507246 2.867843 1.570796 0.400000 571.000000
10.000000 0.704971 0.500000 3.407053 1.570796 0.400000 571.000000
10.250000 0.740660 0.503049 3.741237 1.570796 0.400000 571.000000
10.500000 0.777230 0.500000 3.876602 1.570796 0.400000 571.000000
10.750000 0.814682 0.509259 3.875679 1.570796 0.400000 571.000000
11.000000 0.853014 0.512422 3.758099 1.570796 0.400000 571.000000
11.250000 0.892228 0.502793 3.527026 1.570796 0.400000 571.000000
11.500000 0.932324 0.500000 3.144655 1.570796 0.400000 571.000000
11.750000 0.973300 0.508475 2.569867 1.570796 0.400000 571.000000
12.000000 1.015158 0.502793 1.714354 1.570796 0.400000 571.000000
12.250000 1.057896 0.500000 0.052236 1.570796 0.400000 571.000000
12.500000 1.101516 0.513158 -0.622281 1.570796 0.400000 571.000000
12.750000 1.146018 0.535714 -1.203268 1.570796 0.400000 571.000000
13.000000 1.191400 0.576923 -1.222027 1.570796 0.400000 571.000000
13.250000 1.237664 0.486486 -1.371808 1.570796 0.400000 571.000000
13.500000 1.284809 0.644172 -1.687682 1.570796 0.400000 571.000000
13.750000 1.332835 0.582902 -1.461073 1.570796 0.400000 571.000000
14.000000 1.381742 0.535714 -1.419499 1.570796 0.400000 571.000000
14.250000 1.431531 0.684647 -0.973614 1.570796 0.400000 571.000000
14.500000 1.482201 0.736994 -1.674301 1.570796 0.400000 571.000000
14.750000 1.533752 0.735294 -1.610324 1.570796 0.400000 571.000000
15.000000 1.586184 0.681818 -1.604993 1.570796 0.400000 571.000000
15.250000 1.639497 1.000000 -0.270881 4.712389 0.400000 571.000000
15.500000 1.693692 0.533333 3.463359 3.141593 0.400000 571.000000
15.750000 1.748768 0.546358 5.685913 3.141593 0.400000 571.000000
16.000000 1.804725 0.619835 7.161206 3.141593 0.400000 571.000000
16.250000 1.861563 0.625000 8.625324 3.141593 0.400000 571.000000
16.500000 1.919282 0.504202 9.434600 3.141593 0.400000 571.000000
16.750000 1.977883 0.517241 10.364903 3.141593 0.400000 571.000000
17.000000 2.037365 0.500000 13.947763 3.141593 0.400000 571.000000
17.250000 2.097728 0.542169 14.346235 3.141593 0.400000 571.000000
17.500000 2.158972 0.500000 14.927586 3.141593 0.400000 571.000000
17.750000 2.221098 0.526316 15.880258 3.141593 0.400000 571.000000
18.000000 2.284105 0.517241 16.978497 3.141593 0.400000 571.000000
18.250000 2.347993 0.500000 18.123695 3.141593 0.400000 571.000000
18.500000 2.412762 0.523256 19.033303 3.141593 0.400000 571.000000
18.750000 2.478412 0.548780 19.792439 3.141593 0.400000 571.000000
19.000000 2.544944 0.562500 20.735849 3.141593 0.400000 571.000000
