6.000000 0.253789 1.826923 -1.836824 1.570796 0.400000 800.000000
6.250000 0.275379 1.737805 -1.792143 1.570796 0.400000 800.000000
6.500000 0.297850 1.764706 -1.808139 1.570796 0.400000 800.000000
6.750000 0.321202 2.088608 -1.947154 1.570796 0.400000 800.000000
7.000000 0.345436 1.601124 -1.816262 1.570796 0.400000 800.000000
7.250000 0.370550 1.530612 -1.803524 1.570796 0.400000 800.000000
7.500000 0.396546 1.470588 -1.701958 1.570796 0.400000 800.000000
7.750000 0.423423 1.637931 -1.763271 1.570796 0.400000 800.000000
8.000000 0.451181 1.351351 -1.403777 1.570796 0.400000 800.000000
8.250000 0.479821 0.502392 -0.939116 1.570796 0.400000 800.000000
8.500000 0.509341 0.500000 1.067954 1.570796 0.400000 800.000000
8.750000 0.539743 0.500000 1.833117 1.570796 0.400000 800.000000
9.000000 0.571026 0.500000 2.268963 1.570796 0.400000 800.000000
9.250000 0.603190 0.510000 2.495726 1.570796 0.400000 800.000000
9.500000 0.636236 0.510638 2.561390 1.570796 0.400000 800.000000
9.750000 0.670163 0.510638 2.468618 1.570796 0.400000 800.000000
10.000000 0.704971 0.508475 2.479176 1.570796 0.400000 800.000000
10.250000 0.740660 0.515021 3.329517 1.570796 0.400000 800.000000
10.500000 0.777230 0.500000 3.896806 1.570796 0.400000 800.000000
10.750000 0.814682 0.500000 4.071146 1.570796 0.400000 800.000000
11.000000 0.853014 0.511364 4.013806 1.570796 0.400000 800.000000
11.250000 0.892228 0.500000 3.852412 1.570796 0.400000 800.000000
11.500000 0.932324 0.505618 3.557999 1.570796 0.400000 800.000000
11.750000 0.973300 0.508475 3.125013 1.570796 0.400000 800.000000
12.000000 1.015158 0.500000 2.494413 1.570796 0.400000 800.000000
12.250000 1.057896 0.500000 1.522602 1.570796 0.400000 800.000000
12.500000 1.101516 0.754717 -1.500622 1.570796 0.400000 800.000000
12.750000 1.146018 1.050955 -1.751438 1.570796 0.400000 800.000000
13.000000 1.191400 0.763473 -1.660412 1.570796 0.400000 800.000000
13.250000 1.237664 1.003185 -1.632651 1.570796 0.400000 800.000000
13.500000 1.284809 0.961538 -1.949935 1.570796 0.400000 800.000000
13.750000 1.332835 0.837989 -1.563174 1.570796 0.400000 800.000000
14.000000 1.381742 0.750000 -1.285657 1.570796 0.400000 800.000000
14.250000 1.431531 0.678571 -1.166668 1.570796 0.400000 800.000000
14.500000 1.482201 0.900000 -1.889777 1.570796 0.400000 800.000000
14.750000 1.533752 0.893782 -1.733343 4.712389 0.400000 800.000000
15.000000 1.586184 0.951777 -1.721475 1.570796 0.400000 800.000000
15.250000 1.639497 0.573654 0.039579 3.141593 0.400000 800.000000
15.500000 1.693692 0.535714 4.082515 3.141593 0.400000 800.000000
15.750000 1.748768 0.707547 5.574455 3.141593 0.400000 800.000000
16.000000 1.804725 0.661765 7.258700 3.141593 0.400000 800.000000
16.250000 1.861563 0.495283 10.168759 3.141593 0.400000 800.000000
16.500000 1.919282 0.500000 11.826145 3.141593 0.400000 800.000000
16.750000 1.977883 0.535714 13.015027 3.141593 0.400000 800.000000
17.000000 2.037365 0.535714 14.089425 3.141593 0.400000 800.000000
17.250000 2.097728 0.535714 14.962870 3.141593 0.400000 800.000000
17.500000 2.158972 0.526316 15.857395 3.141593 0.400000 800.000000
17.750000 2.221098 0.500000 16.881344 3.141593 0.400000 800.000000
18.000000 2.284105 0.548780 17.471186 3.141593 0.400000 800.000000
18.250000 2.347993 0.576923 18.304100 3.141593 0.400000 800.000000
18.500000 2.412762 0.576923 19.185342 3.141593 0.400000 800.000000
18.750000 2.478412 0.500000 19.925526 3.141593 0.400000 800.000000
19.000000 2.544944 0.500000 20.641250 3.141593 0.400000 800.000000
