6.000000 0.253789 0.888158 -1.716878 1.570796 0.400000 605.000000
6.250000 0.275379 0.937500 -1.786941 1.570796 0.400000 605.000000
6.500000 0.297850 1.071429 -1.830891 1.570796 0.400000 605.000000
6.750000 0.321202 0.862069 -1.751272 1.570796 0.400000 605.000000
7.000000 0.345436 0.803571 -1.853639 1.570796 0.400000 605.000000
7.250000 0.370550 0.906593 -1.698708 1.570796 0.400000 605.000000
7.500000 0.396546 0.818182 -1.603895 1.570796 0.400000 605.000000
7.750000 0.423423 0.661765 -1.677612 1.570796 0.400000 605.000000
8.000000 0.451181 1.093750 -1.509324 1.570796 0.400000 605.000000
8.250000 0.479821 0.766423 -0.902232 1.570796 0.400000 605.000000
8.500000 0.509341 0.500000 0.170293 1.570796 0.400000 605.000000
8.750000 0.539743 0.500000 1.503982 1.570796 0.400000 605.000000
9.000000 0.571026 0.507117 2.189428 1.570796 0.400000 605.000000
9.250000 0.603190 0.510000 2.605438 1.570796 0.400000 605.000000
9.500000 0.636236 0.509050 2.836136 1.570796 0.400000 605.000000
9.750000 0.670163 0.500000 2.929576 1.570796 0.400000 605.000000
10.000000 0.704971 0.500000 2.878629 1.570796 0.400000 605.000000
10.250000 0.740660 0.500000 2.748785 1.570796 0.400000 605.000000
10.500000 0.777230 0.502232 2.690239 1.570796 0.400000 605.000000
10.750000 0.814682 0.502092 2.822453 1.570796 0.400000 605.000000
11.000000 0.853014 0.508929 2.853147 1.570796 0.400000 605.000000
11.250000 0.892228 0.505865 2.392826 1.570796 0.400000 605.000000
11.500000 0.932324 0.500000 1.595128 1.570796 0.400000 605.000000
11.750000 0.973300 0.500000 -0.052220 1.570796 0.400000 605.000000
12.000000 1.015158 0.492701 -1.623134 1.570796 0.400000 605.000000
12.250000 1.057896 0.548780 -1.398773 1.570796 0.400000 605.000000
12.500000 1.101516 0.496689 -1.687866 1.570796 0.400000 605.000000
12.750000 1.146018 0.450000 -1.522181 1.570796 0.400000 605.000000
13.000000 1.191400 0.592105 -1.571377 1.570796 0.400000 605.000000
13.250000 1.237664 0.491071 -1.459600 1.570796 0.400000 605.000000
13.500000 1.284809 0.559006 -1.603364 1.570796 0.400000 605.000000
13.750000 1.332835 0.497238 -1.605369 1.570796 0.400000 605.000000
14.000000 1.381742 0.587349 -1.614738 1.570796 0.400000 605.000000
14.250000 1.431531 0.550847 -1.666219 1.570796 0.400000 605.000000
14.500000 1.482201 0.507812 -1.636984 1.570796 0.400000 605.000000
14.750000 1.533752 0.628079 -1.545737 1.570796 0.400000 605.000000
15.000000 1.586184 0.844595 -1.382930 1.570796 0.400000 605.000000
15.250000 1.639497 1.000000 1.335089 4.712389 0.400000 605.000000
15.500000 1.693692 1.000000 2.924891 4.712389 0.400000 605.000000
15.750000 1.748768 0.678191 3.941301 3.141593 0.400000 605.000000
16.000000 1.804725 0.496324 6.468176 3.141593 0.400000 605.000000
16.250000 1.861563 0.504202 8.466309 3.141593 0.400000 605.000000
16.500000 1.919282 0.514706 10.066387 3.141593 0.400000 605.000000
16.750000 1.977883 0.529412 11.878535 3.141593 0.400000 605.000000
17.000000 2.037365 0.513699 13.377040 3.141593 0.400000 605.000000
17.250000 2.097728 0.528169 14.561414 3.141593 0.400000 605.000000
17.500000 2.158972 0.535714 15.557787 3.141593 0.400000 605.000000
17.750000 2.221098 0.526316 16.549649 3.141593 0.400000 605.000000
18.000000 2.284105 0.500000 17.578271 3.141593 0.400000 605.000000
18.250000 2.347993 0.548780 18.240608 3.141593 0.400000 605.000000
18.500000 2.412762 0.576923 19.075508 3.141593 0.400000 605.000000
18.750000 2.478412 0.588235 19.991327 3.141593 0.400000 605.000000
19.000000 2.544944 0.500000 20.652033 3.141593 0.400000 605.000000
