6.000000 0.253789 1.193182 -1.678669 1.570796 0.400000 991.000000
6.250000 0.275379 1.339286 -1.698981 1.570796 0.400000 991.000000
6.500000 0.297850 1.235294 -1.775775 1.570796 0.400000 991.000000
6.750000 0.321202 1.022727 -1.753596 1.570796 0.400000 991.000000
7.000000 0.345436 1.395349 -1.727044 1.570796 0.400000 991.000000
7.250000 0.370550 1.136364 -1.642294 1.570796 0.400000 991.000000
7.500000 0.396546 1.171875 -1.770355 1.570796 0.400000 991.000000
7.750000 0.423423 1.105263 -1.946238 1.570796 0.400000 991.000000
8.000000 0.451181 0.963303 -1.359691 1.570796 0.400000 991.000000
8.250000 0.479821 0.517241 -1.968570 1.570796 0.400000 991.000000
8.500000 0.509341 0.500000 0.766080 1.570796 0.400000 991.000000
8.750000 0.539743 0.500000 1.709525 1.570796 0.400000 991.000000
9.000000 0.571026 0.506135 2.237300 1.570796 0.400000 991.000000
9.250000 0.603190 0.500000 2.523667 1.570796 0.400000 991.000000
9.500000 0.636236 0.509050 2.659477 1.570796 0.400000 991.000000
9.750000 0.670163 0.500000 2.725275 1.570796 0.400000 991.000000
10.000000 0.704971 0.502392 2.887110 1.570796 0.400000 991.000000
10.250000 0.740660 0.502793 3.736901 1.570796 0.400000 991.000000
10.500000 0.777230 0.509259 4.059247 1.570796 0.400000 991.000000
10.750000 0.814682 0.500000 4.175680 1.570796 0.400000 991.000000
11.000000 0.853014 0.500000 4.163907 1.570796 0.400000 991.000000
11.250000 0.892228 0.512422 4.038852 1.570796 0.400000 991.000000
11.500000 0.932324 0.500000 3.801275 1.570796 0.400000 991.000000
11.750000 0.973300 0.513158 3.433912 1.570796 0.400000 991.000000
12.000000 1.015158 0.500000 2.911798 1.570796 0.400000 991.000000
12.250000 1.057896 0.500000 2.125446 1.570796 0.400000 991.000000
12.500000 1.101516 0.500000 0.832409 1.570796 0.400000 991.000000
12.750000 1.146018 0.502232 -0.549132 1.570796 0.400000 991.000000
13.000000 1.191400 0.500000 -1.495002 1.570796 0.400000 991.000000
13.250000 1.237664 0.580110 -1.291609 1.570796 0.400000 991.000000
13.500000 1.284809 0.552632 -1.343782 1.570796 0.400000 991.000000
13.750000 1.332835 0.628743 -1.586858 1.570796 0.400000 991.000000
14.000000 1.381742 0.567568 -1.436266 1.570796 0.400000 991.000000
14.250000 1.431531 0.615234 -0.835598 1.570796 0.400000 991.000000
14.500000 1.482201 0.625000 -1.174022 1.570796 0.400000 991.000000
14.750000 1.533752 0.579545 -1.395939 1.570796 0.400000 991.000000
15.000000 1.586184 0.627753 -1.625683 1.570796 0.400000 991.000000
15.250000 1.639497 1.000000 0.158833 4.712389 0.400000 991.000000
15.500000 1.693692 1.000000 2.562182 4.712389 0.400000 991.000000
15.750000 1.748768 0.877660 4.153862 3.141593 0.400000 991.000000
16.000000 1.804725 0.500000 7.140600 3.141593 0.400000 991.000000
16.250000 1.861563 0.514706 9.367059 3.141593 0.400000 991.000000
16.500000 1.919282 0.523256 11.109529 3.141593 0.400000 991.000000
16.750000 1.977883 0.500000 12.564385 3.141593 0.400000 991.000000
17.000000 2.037365 0.500000 13.568372 3.141593 0.400000 991.000000
17.250000 2.097728 0.500000 14.619486 3.141593 0.400000 991.000000
17.500000 2.158972 0.566038 15.469277 3.141593 0.400000 991.000000
17.750000 2.221098 0.535714 16.359692 3.141593 0.400000 991.000000
18.000000 2.284105 0.500000 17.423353 3.141593 0.400000 991.000000
18.250000 2.347993 0.535714 18.203990 3.141593 0.400000 991.000000
18.500000 2.412762 0.562500 19.044725 3.141593 0.400000 991.000000
18.750000 2.478412 0.592105 19.976493 3.141593 0.400000 991.000000
19.000000 2.544944 0.500000 20.758545 3.141593 0.400000 991.000000
