6.000000 0.253789 1.826923 -1.802716 1.570796 0.400000 930.000000
6.250000 0.275379 2.019231 -1.862836 1.570796 0.400000 930.000000
6.500000 0.297850 2.019231 -1.764068 1.570796 0.400000 930.000000
6.750000 0.321202 1.826923 -1.861077 1.570796 0.400000 930.000000
7.000000 0.345436 1.964286 -1.947215 1.570796 0.400000 930.000000
7.250000 0.370550 1.774194 -1.888346 1.570796 0.400000 930.000000
7.500000 0.396546 1.546392 -1.745435 1.570796 0.400000 930.000000
7.750000 0.423423 1.406250 -1.761129 1.570796 0.400000 930.000000
8.000000 0.451181 0.500000 0.473220 1.570796 0.400000 930.000000
8.250000 0.479821 0.500000 1.292534 1.570796 0.400000 930.000000
8.500000 0.509341 0.500000 1.697925 1.570796 0.400000 930.000000
8.750000 0.539743 0.498555 1.744067 1.570796 0.400000 930.000000
9.000000 0.571026 0.500000 1.964206 1.570796 0.400000 930.000000
9.250000 0.603190 0.501761 2.482840 1.570796 0.400000 930.000000
9.500000 0.636236 0.500000 2.897636 1.570796 0.400000 930.000000
9.750000 0.670163 0.509709 3.087045 1.570796 0.400000 930.000000
10.000000 0.704971 0.510471 3.137426 1.570796 0.400000 930.000000
10.250000 0.740660 0.500000 3.055976 1.570796 0.400000 930.000000
10.500000 0.777230 0.509709 2.815013 1.570796 0.400000 930.000000
10.750000 0.814682 0.508475 2.412192 1.570796 0.400000 930.000000
11.000000 0.853014 0.504587 1.777196 1.570796 0.400000 930.000000
11.250000 0.892228 0.500000 0.666771 1.570796 0.400000 930.000000
11.500000 0.932324 0.483871 -2.742472 1.570796 0.400000 930.000000
11.750000 0.973300 0.641447 -1.282835 1.570796 0.400000 930.000000
12.000000 1.015158 0.768072 -1.379126 1.570796 0.400000 930.000000
12.250000 1.057896 0.833333 -1.649358 1.570796 0.400000 930.000000
12.500000 1.101516 0.685976 -1.446967 1.570796 0.400000 930.000000
12.750000 1.146018 0.774194 -1.677439 1.570796 0.400000 930.000000
13.000000 1.191400 0.868902 -1.555900 1.570796 0.400000 930.000000
13.250000 1.237664 0.808383 -1.663821 1.570796 0.400000 930.000000
13.500000 1.284809 0.815217 -1.540397 1.570796 0.400000 930.000000
13.750000 1.332835 0.692308 -1.481966 1.570796 0.400000 930.000000
14.000000 1.381742 0.954545 -1.697015 1.570796 0.400000 930.000000
14.250000 1.431531 0.898204 -1.739636 1.570796 0.400000 930.000000
14.500000 1.482201 1.028571 -1.763984 1.570796 0.400000 930.000000
14.750000 1.533752 0.896739 -1.812272 4.712389 0.400000 930.000000
15.000000 1.586184 0.500000 1.542462 3.141593 0.400000 930.000000
15.250000 1.639497 0.573980 4.391717 3.141593 0.400000 930.000000
15.500000 1.693692 0.660377 5.805501 3.141593 0.400000 930.000000
15.750000 1.748768 0.745033 5.903495 3.141593 0.400000 930.000000
16.000000 1.804725 0.495283 9.874035 3.141593 0.400000 930.000000
16.250000 1.861563 0.500000 11.641842 3.141593 0.400000 930.000000
16.500000 1.919282 0.517241 12.819444 3.141593 0.400000 930.000000
16.750000 1.977883 0.528169 13.724726 3.141593 0.400000 930.000000
17.000000 2.037365 0.520833 14.582371 3.141593 0.400000 930.000000
17.250000 2.097728 0.500000 15.417890 3.141593 0.400000 930.000000
17.500000 2.158972 0.500000 16.091703 3.141593 0.400000 930.000000
17.750000 2.221098 0.545455 16.721933 3.141593 0.400000 930.000000
18.000000 2.284105 0.500000 17.725965 3.141593 0.400000 930.000000
18.250000 2.347993 0.500000 18.451016 3.141593 0.400000 930.000000
18.500000 2.412762 0.535714 19.159691 3.141593 0.400000 930.000000
18.750000 2.478412 0.548780 19.788579 3.141593 0.400000 930.000000
19.000000 2.544944 0.562500 20.417646 3.141593 0.400000 930.000000
