6.000000 0.253789 1.626506 -1.716071 1.570796 0.400000 368.000000
6.250000 0.275379 1.851852 -1.779782 1.570796 0.400000 368.000000
6.500000 0.297850 1.588235 -1.738653 1.570796 0.400000 368.000000
6.750000 0.321202 1.264045 -1.775736 1.570796 0.400000 368.000000
7.000000 0.345436 1.467391 -1.718132 1.570796 0.400000 368.000000
7.250000 0.370550 1.500000 -1.765956 1.570796 0.400000 368.000000
7.500000 0.396546 1.442308 -1.714625 1.570796 0.400000 368.000000
7.750000 0.423423 1.401099 -1.839515 1.570796 0.400000 368.000000
8.000000 0.451181 1.559406 -1.750740 1.570796 0.400000 368.000000
8.250000 0.479821 1.003937 -1.572807 1.570796 0.400000 368.000000
8.500000 0.509341 1.053719 -1.445443 1.570796 0.400000 368.000000
8.750000 0.539743 0.500000 -0.528478 1.570796 0.400000 368.000000
9.000000 0.571026 0.500000 1.470319 1.570796 0.400000 368.000000
9.250000 0.603190 0.498252 2.113462 1.570796 0.400000 368.000000
9.500000 0.636236 0.500000 2.555477 1.570796 0.400000 368.000000
9.750000 0.670163 0.500000 3.229068 1.570796 0.400000 368.000000
10.000000 0.704971 0.513158 3.501390 1.570796 0.400000 368.000000
10.250000 0.740660 0.500000 3.787659 1.570796 0.400000 368.000000
10.500000 0.777230 0.512422 3.941406 1.570796 0.400000 368.000000
10.750000 0.814682 0.500000 4.007505 1.570796 0.400000 368.000000
11.000000 0.853014 0.518868 3.936882 1.570796 0.400000 368.000000
11.250000 0.892228 0.500000 3.791764 1.570796 0.400000 368.000000
11.500000 0.932324 0.500000 3.495601 1.570796 0.400000 368.000000
11.750000 0.973300 0.512195 3.037372 1.570796 0.400000 368.000000
12.000000 1.015158 0.507968 2.391370 1.570796 0.400000 368.000000
12.250000 1.057896 0.500000 1.386889 1.570796 0.400000 368.000000
12.500000 1.101516 0.498047 -1.664719 1.570796 0.400000 368.000000
12.750000 1.146018 0.535714 -1.144675 1.570796 0.400000 368.000000
13.000000 1.191400 0.538674 -1.257418 1.570796 0.400000 368.000000
13.250000 1.237664 0.538922 -1.734529 1.570796 0.400000 368.000000
13.500000 1.284809 0.538674 -1.451692 1.570796 0.400000 368.000000
13.750000 1.332835 0.590909 -1.721614 1.570796 0.400000 368.000000
14.000000 1.381742 0.659341 -1.558341 1.570796 0.400000 368.000000
14.250000 1.431531 0.596591 -1.748586 1.570796 0.400000 368.000000
14.500000 1.482201 0.481283 -1.511826 1.570796 0.400000 368.000000
14.750000 1.533752 0.762712 -1.754256 1.570796 0.400000 368.000000
15.000000 1.586184 0.545455 -1.364941 1.570796 0.400000 368.000000
15.250000 1.639497 1.003937 -2.233336 4.712389 0.400000 368.000000
15.500000 1.693692 1.000000 2.162721 4.712389 0.400000 368.000000
15.750000 1.748768 0.708333 4.089054 3.141593 0.400000 368.000000
16.000000 1.804725 0.528169 6.427987 3.141593 0.400000 368.000000
16.250000 1.861563 0.562500 7.823721 3.141593 0.400000 368.000000
16.500000 1.919282 0.495283 9.967650 3.141593 0.400000 368.000000
16.750000 1.977883 0.500000 12.167642 3.141593 0.400000 368.000000
17.000000 2.037365 0.535714 13.478090 3.141593 0.400000 368.000000
17.250000 2.097728 0.500000 14.697145 3.141593 0.400000 368.000000
17.500000 2.158972 0.566038 15.653052 3.141593 0.400000 368.000000
17.750000 2.221098 0.545455 16.490516 3.141593 0.400000 368.000000
18.000000 2.284105 0.523256 17.519565 3.141593 0.400000 368.000000
18.250000 2.347993 0.576923 18.205833 3.141593 0.400000 368.000000
18.500000 2.412762 0.500000 19.124025 3.141593 0.400000 368.000000
18.750000 2.478412 0.500000 19.908981 3.141593 0.400000 368.000000
19.000000 2.544944 0.500000 20.473071 3.141593 0.400000 368.000000
