6.000000 0.253789 0.882353 -1.609756 1.570796 0.400000 671.000000
6.250000 0.275379 1.031250 -1.783369 1.570796 0.400000 671.000000
6.500000 0.297850 1.046512 -1.657475 1.570796 0.400000 671.000000
6.750000 0.321202 0.961538 -1.724207 1.570796 0.400000 671.000000
7.000000 0.345436 1.206897 -1.807139 1.570796 0.400000 671.000000
7.250000 0.370550 1.141304 -1.703641 1.570796 0.400000 671.000000
7.500000 0.396546 0.894495 -1.632306 1.570796 0.400000 671.000000
7.750000 0.423423 0.873786 -1.742637 1.570796 0.400000 671.000000
8.000000 0.451181 0.900000 -1.645995 1.570796 0.400000 671.000000
8.250000 0.479821 0.688073 -1.673132 1.570796 0.400000 671.000000
8.500000 0.509341 0.500000 0.719382 1.570796 0.400000 671.000000
8.750000 0.539743 0.500000 1.708963 1.570796 0.400000 671.000000
9.000000 0.571026 0.504808 2.265777 1.570796 0.400000 671.000000
9.250000 0.603190 0.498155 2.498519 1.570796 0.400000 671.000000
9.500000 0.636236 0.497925 2.549050 1.570796 0.400000 671.000000
9.750000 0.670163 0.513699 2.890388 1.570796 0.400000 671.000000
10.000000 0.704971 0.500000 3.410644 1.570796 0.400000 671.000000
10.250000 0.740660 0.500000 3.925700 1.570796 0.400000 671.000000
10.500000 0.777230 0.500000 4.183347 1.570796 0.400000 671.000000
10.750000 0.814682 0.513699 4.304780 1.570796 0.400000 671.000000
11.000000 0.853014 0.517241 4.326917 1.570796 0.400000 671.000000
11.250000 0.892228 0.500000 4.275053 1.570796 0.400000 671.000000
11.500000 0.932324 0.510204 4.096790 1.570796 0.400000 671.000000
11.750000 0.973300 0.500000 3.814725 1.570796 0.400000 671.000000
12.000000 1.015158 0.500000 3.387318 1.570796 0.400000 671.000000
12.250000 1.057896 0.500000 2.771817 1.570796 0.400000 671.000000
12.500000 1.101516 0.504587 1.867798 1.570796 0.400000 671.000000
12.750000 1.146018 0.500000 0.175025 1.570796 0.400000 671.000000
13.000000 1.191400 0.509709 -0.617550 1.570796 0.400000 671.000000
13.250000 1.237664 0.497449 -1.154141 1.570796 0.400000 671.000000
13.500000 1.284809 0.526316 -1.517439 1.570796 0.400000 671.000000
13.750000 1.332835 0.502793 -1.259070 1.570796 0.400000 671.000000
14.000000 1.381742 0.570175 -1.510929 1.570796 0.400000 671.000000
14.250000 1.431531 0.576923 -1.379081 1.570796 0.400000 671.000000
14.500000 1.482201 0.524194 -1.685559 1.570796 0.400000 671.000000
14.750000 1.533752 0.548780 -1.383124 1.570796 0.400000 671.000000
15.000000 1.586184 0.763889 -1.832306 1.570796 0.400000 671.000000
15.250000 1.639497 1.000000 0.918211 4.712389 0.400000 671.000000
15.500000 1.693692 1.000000 2.760918 4.712389 0.400000 671.000000
15.750000 1.748768 0.496689 5.291666 3.141593 0.400000 671.000000
16.000000 1.804725 0.500000 7.476937 3.141593 0.400000 671.000000
16.250000 1.861563 0.508475 9.137561 3.141593 0.400000 671.000000
16.500000 1.919282 0.512821 8.813158 3.141593 0.400000 671.000000
16.750000 1.977883 0.500000 11.909845 3.141593 0.400000 671.000000
17.000000 2.037365 0.548780 13.646545 3.141593 0.400000 671.000000
17.250000 2.097728 0.500000 14.736221 3.141593 0.400000 671.000000
17.500000 2.158972 0.500000 15.729412 3.141593 0.400000 671.000000
17.750000 2.221098 0.576923 16.635685 3.141593 0.400000 671.000000
18.000000 2.284105 0.545455 17.325393 3.141593 0.400000 671.000000
18.250000 2.347993 0.500000 18.364060 3.141593 0.400000 671.000000
18.500000 2.412762 0.523256 19.105254 3.141593 0.400000 671.000000
18.750000 2.478412 0.548780 19.786458 3.141593 0.400000 671.000000
19.000000 2.544944 0.562500 20.471691 3.141593 0.400000 671.000000
