6.000000 0.253789 1.987952 -1.701136 1.570796 0.400000 746.000000
6.250000 0.275379 2.250000 -1.742186 1.570796 0.400000 746.000000
6.500000 0.297850 1.750000 -1.688082 1.570796 0.400000 746.000000
6.750000 0.321202 1.896552 -1.671423 1.570796 0.400000 746.000000
7.000000 0.345436 2.045455 -1.742906 1.570796 0.400000 746.000000
7.250000 0.370550 1.675532 -1.697755 1.570796 0.400000 746.000000
7.500000 0.396546 1.357143 -1.691474 1.570796 0.400000 746.000000
7.750000 0.423423 1.470588 -1.657454 1.570796 0.400000 746.000000
8.000000 0.451181 1.039604 -1.604531 1.570796 0.400000 746.000000
8.250000 0.479821 0.716912 -0.980240 1.570796 0.400000 746.000000
8.500000 0.509341 0.500000 0.241589 1.570796 0.400000 746.000000
8.750000 0.539743 0.500000 1.524741 1.570796 0.400000 746.000000
9.000000 0.571026 0.500000 2.053929 1.570796 0.400000 746.000000
9.250000 0.603190 0.510000 2.544450 1.570796 0.400000 746.000000
9.500000 0.636236 0.500000 2.831059 1.570796 0.400000 746.000000
9.750000 0.670163 0.500000 3.015654 1.570796 0.400000 746.000000
10.000000 0.704971 0.500000 3.180818 1.570796 0.400000 746.000000
10.250000 0.740660 0.513158 3.244702 1.570796 0.400000 746.000000
10.500000 0.777230 0.500000 3.196573 1.570796 0.400000 746.000000
10.750000 0.814682 0.509709 2.997455 1.570796 0.400000 746.000000
11.000000 0.853014 0.508475 2.623712 1.570796 0.400000 746.000000
11.250000 0.892228 0.500000 2.014741 1.570796 0.400000 746.000000
11.500000 0.932324 0.500000 0.990503 1.570796 0.400000 746.000000
11.750000 0.973300 0.496689 -1.989998 1.570796 0.400000 746.000000
12.000000 1.015158 0.544693 -1.400222 1.570796 0.400000 746.000000
12.250000 1.057896 0.500000 -1.390005 1.570796 0.400000 746.000000
12.500000 1.101516 0.597826 -1.703410 1.570796 0.400000 746.000000
12.750000 1.146018 0.590909 -1.439870 1.570796 0.400000 746.000000
13.000000 1.191400 0.750000 -1.651361 1.570796 0.400000 746.000000
13.250000 1.237664 0.570175 -1.495979 1.570796 0.400000 746.000000
13.500000 1.284809 0.628743 -1.621334 1.570796 0.400000 746.000000
13.750000 1.332835 0.666667 -1.525718 1.570796 0.400000 746.000000
14.000000 1.381742 0.697674 -1.667892 1.570796 0.400000 746.000000
14.250000 1.431531 0.671642 -1.429652 1.570796 0.400000 746.000000
14.500000 1.482201 0.630841 -1.393818 1.570796 0.400000 746.000000
14.750000 1.533752 0.667539 -1.567786 1.570796 0.400000 746.000000
15.000000 1.586184 0.756881 -1.663306 1.570796 0.400000 746.000000
15.250000 1.639497 1.000000 0.165901 4.712389 0.400000 746.000000
15.500000 1.693692 0.500000 3.492190 3.141593 0.400000 746.000000
15.750000 1.748768 0.496324 6.021253 3.141593 0.400000 746.000000
16.000000 1.804725 0.512821 8.064823 3.141593 0.400000 746.000000
16.250000 1.861563 0.500000 9.770531 3.141593 0.400000 746.000000
16.500000 1.919282 0.500000 11.350299 3.141593 0.400000 746.000000
16.750000 1.977883 0.500000 12.733669 3.141593 0.400000 746.000000
17.000000 2.037365 0.519802 12.882145 3.141593 0.400000 746.000000
17.250000 2.097728 0.500000 14.644755 3.141593 0.400000 746.000000
17.500000 2.158972 0.535714 15.666609 3.141593 0.400000 746.000000
17.750000 2.221098 0.545455 16.550557 3.141593 0.400000 746.000000
18.000000 2.284105 0.526316 17.418111 3.141593 0.400000 746.000000
18.250000 2.347993 0.500000 18.448281 3.141593 0.400000 746.000000
18.500000 2.412762 0.500000 19.202896 3.141593 0.400000 746.000000
18.750000 2.478412 0.535714 19.927555 3.141593 0.400000 746.000000
19.000000 2.544944 0.548780 20.537012 3.141593 0.400000 746.000000
