6.000000 0.253789 1.174699 -1.662085 1.570796 0.400000 433.000000
6.250000 0.275379 1.406250 -1.730487 1.570796 0.400000 433.000000
6.500000 0.297850 1.166667 -1.637720 1.570796 0.400000 433.000000
6.750000 0.321202 1.179775 -1.712353 1.570796 0.400000 433.000000
7.000000 0.345436 1.411765 -1.719520 1.570796 0.400000 433.000000
7.250000 0.370550 1.117021 -1.641430 1.570796 0.400000 433.000000
7.500000 0.396546 1.200000 -1.721432 1.570796 0.400000 433.000000
7.750000 0.423423 0.859375 -1.876836 1.570796 0.400000 433.000000
8.000000 0.451181 1.191589 -1.263730 1.570796 0.400000 433.000000
8.250000 0.479821 0.512821 -1.920988 1.570796 0.400000 433.000000
8.500000 0.509341 0.500000 0.807035 1.570796 0.400000 433.000000
8.750000 0.539743 0.500000 1.746253 1.570796 0.400000 433.000000
9.000000 0.571026 0.500000 2.278405 1.570796 0.400000 433.000000
9.250000 0.603190 0.500000 2.570918 1.570796 0.400000 433.000000
9.500000 0.636236 0.506757 2.715558 1.570796 0.400000 433.000000
9.750000 0.670163 0.509709 2.710459 1.570796 0.400000 433.000000
10.000000 0.704971 0.502577 3.003463 1.570796 0.400000 433.000000
10.250000 0.740660 0.502793 3.640739 1.570796 0.400000 433.000000
10.500000 0.777230 0.517241 3.933731 1.570796 0.400000 433.000000
10.750000 0.814682 0.512422 4.035783 1.570796 0.400000 433.000000
11.000000 0.853014 0.500000 3.998592 1.570796 0.400000 433.000000
11.250000 0.892228 0.514286 3.809564 1.570796 0.400000 433.000000
11.500000 0.932324 0.513158 3.515330 1.570796 0.400000 433.000000
11.750000 0.973300 0.500000 3.074500 1.570796 0.400000 433.000000
12.000000 1.015158 0.500000 2.418212 1.570796 0.400000 433.000000
12.250000 1.057896 0.500000 1.426287 1.570796 0.400000 433.000000
12.500000 1.101516 0.500000 -1.275784 1.570796 0.400000 433.000000
12.750000 1.146018 0.589888 -1.251045 1.570796 0.400000 433.000000
13.000000 1.191400 0.618132 -1.419511 1.570796 0.400000 433.000000
13.250000 1.237664 0.583832 -1.563637 1.570796 0.400000 433.000000
13.500000 1.284809 0.625000 -1.474766 1.570796 0.400000 433.000000
13.750000 1.332835 0.685714 -1.591647 1.570796 0.400000 433.000000
14.000000 1.381742 0.611413 -1.489091 1.570796 0.400000 433.000000
14.250000 1.431531 0.678191 -1.610420 1.570796 0.400000 433.000000
14.500000 1.482201 0.692308 -1.514903 1.570796 0.400000 433.000000
14.750000 1.533752 0.757576 -1.533445 1.570796 0.400000 433.000000
15.000000 1.586184 0.743243 -1.646791 1.570796 0.400000 433.000000
15.250000 1.639497 1.000000 -0.509348 4.712389 0.400000 433.000000
15.500000 1.693692 0.500000 2.414175 3.141593 0.400000 433.000000
15.750000 1.748768 0.587349 4.864259 3.141593 0.400000 433.000000
16.000000 1.804725 0.638298 6.576912 3.141593 0.400000 433.000000
16.250000 1.861563 0.894040 5.260696 3.141593 0.400000 433.000000
16.500000 1.919282 0.495283 10.610946 3.141593 0.400000 433.000000
16.750000 1.977883 0.500000 12.404318 3.141593 0.400000 433.000000
17.000000 2.037365 0.543478 13.651473 3.141593 0.400000 433.000000
17.250000 2.097728 0.543478 14.748609 3.141593 0.400000 433.000000
17.500000 2.158972 0.545455 15.661765 3.141593 0.400000 433.000000
17.750000 2.221098 0.526316 16.579269 3.141593 0.400000 433.000000
18.000000 2.284105 0.500000 17.563981 3.141593 0.400000 433.000000
18.250000 2.347993 0.548780 18.176270 3.141593 0.400000 433.000000
18.500000 2.412762 0.576923 18.991767 3.141593 0.400000 433.000000
18.750000 2.478412 0.592105 19.762817 3.141593 0.400000 433.000000
19.000000 2.544944 0.576923 20.521779 3.141593 0.400000 433.000000
