6.000000 0.253789 0.982143 -1.617084 1.570796 0.400000 782.000000
6.250000 0.275379 0.948276 -1.595061 1.570796 0.400000 782.000000
6.500000 0.297850 0.842697 -1.690034 1.570796 0.400000 782.000000
6.750000 0.321202 0.887097 -1.627405 1.570796 0.400000 782.000000
7.000000 0.345436 1.034483 -1.669430 1.570796 0.400000 782.000000
7.250000 0.370550 0.773196 -1.553385 1.570796 0.400000 782.000000
7.500000 0.396546 0.619835 -1.135385 1.570796 0.400000 782.000000
7.750000 0.423423 0.500000 0.706419 1.570796 0.400000 782.000000
8.000000 0.451181 0.723684 -1.413170 1.570796 0.400000 782.000000
8.250000 0.479821 0.500000 1.462164 1.570796 0.400000 782.000000
8.500000 0.509341 0.500000 1.441739 1.570796 0.400000 782.000000
8.750000 0.539743 0.498615 1.054615 1.570796 0.400000 782.000000
9.000000 0.571026 0.500000 1.792429 1.570796 0.400000 782.000000
9.250000 0.603190 0.507519 2.468632 1.570796 0.400000 782.000000
9.500000 0.636236 0.500000 2.901172 1.570796 0.400000 782.000000
9.750000 0.670163 0.500000 3.156708 1.570796 0.400000 782.000000
10.000000 0.704971 0.514286 3.264127 1.570796 0.400000 782.000000
10.250000 0.740660 0.514286 3.247519 1.570796 0.400000 782.000000
10.500000 0.777230 0.500000 3.107888 1.570796 0.400000 782.000000
10.750000 0.814682 0.512195 2.804540 1.570796 0.400000 782.000000
11.000000 0.853014 0.500000 2.341833 1.570796 0.400000 782.000000
11.250000 0.892228 0.505618 1.588023 1.570796 0.400000 782.000000
11.500000 0.932324 0.500000 0.146891 1.570796 0.400000 782.000000
11.750000 0.973300 0.546875 -0.281839 1.570796 0.400000 782.000000
12.000000 1.015158 0.517241 -1.777207 1.570796 0.400000 782.000000
12.250000 1.057896 0.491071 -1.365806 1.570796 0.400000 782.000000
12.500000 1.101516 0.508475 -1.157483 1.570796 0.400000 782.000000
12.750000 1.146018 0.468750 -1.517142 1.570796 0.400000 782.000000
13.000000 1.191400 0.496988 -1.361702 1.570796 0.400000 782.000000
13.250000 1.237664 0.441176 -1.514967 1.570796 0.400000 782.000000
13.500000 1.284809 0.443548 -1.316408 1.570796 0.400000 782.000000
13.750000 1.332835 0.418605 -1.294013 1.570796 0.400000 782.000000
14.000000 1.381742 0.532995 -1.143477 1.570796 0.400000 782.000000
14.250000 1.431531 0.621547 -1.545629 1.570796 0.400000 782.000000
14.500000 1.482201 0.571066 -1.497970 1.570796 0.400000 782.000000
14.750000 1.533752 0.519481 -1.585520 3.141593 0.400000 782.000000
15.000000 1.586184 0.500000 4.004855 3.141593 0.400000 782.000000
15.250000 1.639497 0.500000 6.123660 3.141593 0.400000 782.000000
15.500000 1.693692 0.512821 7.776760 3.141593 0.400000 782.000000
15.750000 1.748768 0.500000 9.196868 3.141593 0.400000 782.000000
16.000000 1.804725 0.500000 10.567956 3.141593 0.400000 782.000000
16.250000 1.861563 0.517241 11.757107 3.141593 0.400000 782.000000
16.500000 1.919282 0.500000 12.846931 3.141593 0.400000 782.000000
16.750000 1.977883 0.519802 13.319597 3.141593 0.400000 782.000000
17.000000 2.037365 0.500000 14.532068 3.141593 0.400000 782.000000
17.250000 2.097728 0.520833 15.270505 3.141593 0.400000 782.000000
17.500000 2.158972 0.517241 16.059276 3.141593 0.400000 782.000000
17.750000 2.221098 0.491803 16.701836 3.141593 0.400000 782.000000
18.000000 2.284105 0.545455 17.196678 3.141593 0.400000 782.000000
18.250000 2.347993 0.555556 17.779852 3.141593 0.400000 782.000000
18.500000 2.412762 0.566038 18.386795 3.141593 0.400000 782.000000
18.750000 2.478412 0.576923 18.959067 3.141593 0.400000 782.000000
19.000000 2.544944 0.500000 19.795863 3.141593 0.400000 782.000000
