6.000000 0.253789 1.071429 -1.668337 1.570796 0.400000 728.000000
6.250000 0.275379 1.044304 -1.730745 1.570796 0.400000 728.000000
6.500000 0.297850 1.000000 -1.659224 1.570796 0.400000 728.000000
6.750000 0.321202 0.967742 -1.718308 1.570796 0.400000 728.000000
7.000000 0.345436 1.193182 -1.777333 1.570796 0.400000 728.000000
7.250000 0.370550 0.927835 -1.669781 1.570796 0.400000 728.000000
7.500000 0.396546 0.818182 -1.578263 1.570796 0.400000 728.000000
7.750000 0.423423 0.891089 -1.630190 1.570796 0.400000 728.000000
8.000000 0.451181 0.891089 -1.574756 1.570796 0.400000 728.000000
8.250000 0.479821 0.526316 -1.791279 1.570796 0.400000 728.000000
8.500000 0.509341 0.500000 0.652348 1.570796 0.400000 728.000000
8.750000 0.539743 0.500000 1.682227 1.570796 0.400000 728.000000
9.000000 0.571026 0.498339 2.046012 1.570796 0.400000 728.000000
9.250000 0.603190 0.507968 2.398118 1.570796 0.400000 728.000000
9.500000 0.636236 0.508475 2.767131 1.570796 0.400000 728.000000
9.750000 0.670163 0.509709 3.069399 1.570796 0.400000 728.000000
10.000000 0.704971 0.514286 3.423536 1.570796 0.400000 728.000000
10.250000 0.740660 0.500000 3.604294 1.570796 0.400000 728.000000
10.500000 0.777230 0.509259 3.614736 1.570796 0.400000 728.000000
10.750000 0.814682 0.500000 3.521663 1.570796 0.400000 728.000000
11.000000 0.853014 0.500000 3.279315 1.570796 0.400000 728.000000
11.250000 0.892228 0.509709 2.874138 1.570796 0.400000 728.000000
11.500000 0.932324 0.507519 2.282427 1.570796 0.400000 728.000000
11.750000 0.973300 0.500000 1.343884 1.570796 0.400000 728.000000
12.000000 1.015158 0.500000 -1.271902 1.570796 0.400000 728.000000
12.250000 1.057896 0.538674 -1.020190 1.570796 0.400000 728.000000
12.500000 1.101516 0.538674 -1.250938 1.570796 0.400000 728.000000
12.750000 1.146018 0.596026 -1.544579 1.570796 0.400000 728.000000
13.000000 1.191400 0.583333 -1.346694 1.570796 0.400000 728.000000
13.250000 1.237664 0.583333 -1.466923 1.570796 0.400000 728.000000
13.500000 1.284809 0.497238 -1.406367 1.570796 0.400000 728.000000
13.750000 1.332835 0.618557 -1.392291 1.570796 0.400000 728.000000
14.000000 1.381742 0.491803 -1.410309 1.570796 0.400000 728.000000
14.250000 1.431531 0.461538 -1.403932 1.570796 0.400000 728.000000
14.500000 1.482201 0.500000 -1.301272 1.570796 0.400000 728.000000
14.750000 1.533752 0.569196 -1.398062 1.570796 0.400000 728.000000
15.000000 1.586184 0.636161 -1.482925 1.570796 0.400000 728.000000
15.250000 1.639497 0.500000 1.236270 3.141593 0.400000 728.000000
15.500000 1.693692 0.496988 4.848344 3.141593 0.400000 728.000000
15.750000 1.748768 0.495868 6.789371 3.141593 0.400000 728.000000
16.000000 1.804725 0.500000 8.535643 3.141593 0.400000 728.000000
16.250000 1.861563 0.495283 10.089611 3.141593 0.400000 728.000000
16.500000 1.919282 0.514706 11.480813 3.141593 0.400000 728.000000
16.750000 1.977883 0.495868 11.805628 3.141593 0.400000 728.000000
17.000000 2.037365 0.500000 13.858336 3.141593 0.400000 728.000000
17.250000 2.097728 0.559701 14.736578 3.141593 0.400000 728.000000
17.500000 2.158972 0.500000 15.636014 3.141593 0.400000 728.000000
17.750000 2.221098 0.500000 16.432758 3.141593 0.400000 728.000000
18.000000 2.284105 0.545455 17.216732 3.141593 0.400000 728.000000
18.250000 2.347993 0.500000 18.254770 3.141593 0.400000 728.000000
18.500000 2.412762 0.535714 18.972151 3.141593 0.400000 728.000000
18.750000 2.478412 0.562500 19.742898 3.141593 0.400000 728.000000
19.000000 2.544944 0.592105 20.589204 3.141593 0.400000 728.000000
