6.000000 0.253789 1.084337 -1.674703 1.570796 0.400000 801.000000
6.250000 0.275379 1.160714 -1.747157 1.570796 0.400000 801.000000
6.500000 0.297850 1.250000 -1.824053 1.570796 0.400000 801.000000
6.750000 0.321202 1.379310 -1.766443 1.570796 0.400000 801.000000
7.000000 0.345436 1.250000 -1.828110 1.570796 0.400000 801.000000
7.250000 0.370550 0.975000 -1.677981 1.570796 0.400000 801.000000
7.500000 0.396546 1.153846 -1.765722 1.570796 0.400000 801.000000
7.750000 0.423423 0.728155 -1.544643 1.570796 0.400000 801.000000
8.000000 0.451181 0.506757 -0.985535 1.570796 0.400000 801.000000
8.250000 0.479821 0.500000 0.927437 1.570796 0.400000 801.000000
8.500000 0.509341 0.500000 1.629155 1.570796 0.400000 801.000000
8.750000 0.539743 0.498489 1.814537 1.570796 0.400000 801.000000
9.000000 0.571026 0.500000 2.190025 1.570796 0.400000 801.000000
9.250000 0.603190 0.500000 2.195979 1.570796 0.400000 801.000000
9.500000 0.636236 0.500000 2.734092 1.570796 0.400000 801.000000
9.750000 0.670163 0.512195 2.876998 1.570796 0.400000 801.000000
10.000000 0.704971 0.507246 2.841390 1.570796 0.400000 801.000000
10.250000 0.740660 0.509050 2.632274 1.570796 0.400000 801.000000
10.500000 0.777230 0.500000 2.252837 1.570796 0.400000 801.000000
10.750000 0.814682 0.505618 1.608785 1.570796 0.400000 801.000000
11.000000 0.853014 0.500000 0.477566 1.570796 0.400000 801.000000
11.250000 0.892228 0.607143 -0.459139 1.570796 0.400000 801.000000
11.500000 0.932324 0.580986 -1.267209 1.570796 0.400000 801.000000
11.750000 0.973300 0.587349 -1.276011 1.570796 0.400000 801.000000
12.000000 1.015158 0.532544 -1.297012 1.570796 0.400000 801.000000
12.250000 1.057896 0.648148 -1.388314 1.570796 0.400000 801.000000
12.500000 1.101516 0.590909 -1.513876 1.570796 0.400000 801.000000
12.750000 1.146018 0.681818 -1.481665 1.570796 0.400000 801.000000
13.000000 1.191400 0.628492 -1.472709 1.570796 0.400000 801.000000
13.250000 1.237664 0.587349 -1.542530 1.570796 0.400000 801.000000
13.500000 1.284809 0.576923 -1.383287 1.570796 0.400000 801.000000
13.750000 1.332835 0.505181 -1.565178 1.570796 0.400000 801.000000
14.000000 1.381742 0.482673 -1.234102 1.570796 0.400000 801.000000
14.250000 1.431531 0.541237 -1.468987 1.570796 0.400000 801.000000
14.500000 1.482201 0.639810 -1.442788 1.570796 0.400000 801.000000
14.750000 1.533752 0.712670 -1.429476 1.570796 0.400000 801.000000
15.000000 1.586184 0.500000 0.884028 3.141593 0.400000 801.000000
15.250000 1.639497 0.601415 4.039459 3.141593 0.400000 801.000000
15.500000 1.693692 0.520833 6.308687 3.141593 0.400000 801.000000
15.750000 1.748768 0.512821 8.434689 3.141593 0.400000 801.000000
16.000000 1.804725 0.514706 10.104276 3.141593 0.400000 801.000000
16.250000 1.861563 0.500000 11.430041 3.141593 0.400000 801.000000
16.500000 1.919282 0.500000 12.664288 3.141593 0.400000 801.000000
16.750000 1.977883 0.543478 13.617841 3.141593 0.400000 801.000000
17.000000 2.037365 0.520833 14.434420 3.141593 0.400000 801.000000
17.250000 2.097728 0.500000 15.083392 3.141593 0.400000 801.000000
17.500000 2.158972 0.500000 15.698463 3.141593 0.400000 801.000000
17.750000 2.221098 0.535714 16.426965 3.141593 0.400000 801.000000
18.000000 2.284105 0.500000 17.413094 3.141593 0.400000 801.000000
18.250000 2.347993 0.523256 18.279562 3.141593 0.400000 801.000000
18.500000 2.412762 0.548780 18.958924 3.141593 0.400000 801.000000
18.750000 2.478412 0.576923 19.830859 3.141593 0.400000 801.000000
19.000000 2.544944 0.576923 20.678454 3.141593 0.400000 801.000000
