6.000000 0.253789 0.888158 -1.736210 1.570796 0.400000 687.000000
6.250000 0.275379 0.750000 -1.767043 1.570796 0.400000 687.000000
6.500000 0.297850 0.722892 -1.721173 1.570796 0.400000 687.000000
6.750000 0.321202 0.784884 -1.762063 1.570796 0.400000 687.000000
7.000000 0.345436 0.733696 -1.802268 1.570796 0.400000 687.000000
7.250000 0.370550 0.725806 -1.715053 1.570796 0.400000 687.000000
7.500000 0.396546 0.625000 -1.591456 1.570796 0.400000 687.000000
7.750000 0.423423 0.668317 -1.662376 1.570796 0.400000 687.000000
8.000000 0.451181 0.652174 -1.633242 1.570796 0.400000 687.000000
8.250000 0.479821 0.597826 -0.880317 1.570796 0.400000 687.000000
8.500000 0.509341 0.500000 0.045164 1.570796 0.400000 687.000000
8.750000 0.539743 0.500000 1.459149 1.570796 0.400000 687.000000
9.000000 0.571026 0.500000 2.164830 1.570796 0.400000 687.000000
9.250000 0.603190 0.510000 2.586193 1.570796 0.400000 687.000000
9.500000 0.636236 0.509050 2.824341 1.570796 0.400000 687.000000
9.750000 0.670163 0.500000 2.929889 1.570796 0.400000 687.000000
10.000000 0.704971 0.507812 2.868771 1.570796 0.400000 687.000000
10.250000 0.740660 0.510471 3.151197 1.570796 0.400000 687.000000
10.500000 0.777230 0.502793 3.839908 1.570796 0.400000 687.000000
10.750000 0.814682 0.512422 4.237097 1.570796 0.400000 687.000000
11.000000 0.853014 0.500000 4.389748 1.570796 0.400000 687.000000
11.250000 0.892228 0.515625 4.351759 1.570796 0.400000 687.000000
11.500000 0.932324 0.500000 4.221341 1.570796 0.400000 687.000000
11.750000 0.973300 0.511364 3.941954 1.570796 0.400000 687.000000
12.000000 1.015158 0.509709 3.546578 1.570796 0.400000 687.000000
12.250000 1.057896 0.506329 2.996595 1.570796 0.400000 687.000000
12.500000 1.101516 0.506135 2.192811 1.570796 0.400000 687.000000
12.750000 1.146018 0.500000 0.865009 1.570796 0.400000 687.000000
13.000000 1.191400 0.461538 -1.171210 1.570796 0.400000 687.000000
13.250000 1.237664 0.511364 -1.606312 1.570796 0.400000 687.000000
13.500000 1.284809 0.443787 -1.577522 1.570796 0.400000 687.000000
13.750000 1.332835 0.377095 -1.472286 1.570796 0.400000 687.000000
14.000000 1.381742 0.542169 -1.596519 1.570796 0.400000 687.000000
14.250000 1.431531 0.405405 -1.547953 1.570796 0.400000 687.000000
14.500000 1.482201 0.401070 -1.224793 1.570796 0.400000 687.000000
14.750000 1.533752 0.471014 -1.526344 1.570796 0.400000 687.000000
15.000000 1.586184 0.533175 -1.589728 1.570796 0.400000 687.000000
15.250000 1.639497 0.781250 -1.450753 1.570796 0.400000 687.000000
15.500000 1.693692 1.000000 1.889726 4.712389 0.400000 687.000000
15.750000 1.748768 1.000000 3.209581 4.712389 0.400000 687.000000
16.000000 1.804725 1.000000 4.343172 4.712389 0.400000 687.000000
16.250000 1.861563 0.611111 7.007012 3.141593 0.400000 687.000000
16.500000 1.919282 0.500000 9.742610 3.141593 0.400000 687.000000
16.750000 1.977883 0.500000 11.390170 3.141593 0.400000 687.000000
17.000000 2.037365 0.500000 12.709684 3.141593 0.400000 687.000000
17.250000 2.097728 0.513699 13.932886 3.141593 0.400000 687.000000
17.500000 2.158972 0.526316 15.042246 3.141593 0.400000 687.000000
17.750000 2.221098 0.517241 16.206472 3.141593 0.400000 687.000000
18.000000 2.284105 0.500000 17.274654 3.141593 0.400000 687.000000
18.250000 2.347993 0.548780 18.053122 3.141593 0.400000 687.000000
18.500000 2.412762 0.576923 19.013797 3.141593 0.400000 687.000000
18.750000 2.478412 0.608108 20.066856 3.141593 0.400000 687.000000
19.000000 2.544944 0.500000 20.835155 3.141593 0.400000 687.000000
