6.000000 0.253789 1.095506 -1.645150 1.570796 0.400000 65.000000
6.250000 0.275379 1.000000 -1.669405 1.570796 0.400000 65.000000
6.500000 0.297850 1.133721 -1.659079 1.570796 0.400000 65.000000
6.750000 0.321202 1.160714 -1.710091 1.570796 0.400000 65.000000
7.000000 0.345436 1.037234 -1.689092 1.570796 0.400000 65.000000
7.250000 0.370550 0.984848 -1.727257 1.570796 0.400000 65.000000
7.500000 0.396546 0.736607 -1.628528 1.570796 0.400000 65.000000
7.750000 0.423423 1.105263 -1.507050 1.570796 0.400000 65.000000
8.000000 0.451181 0.535714 -1.758005 1.570796 0.400000 65.000000
8.250000 0.479821 0.500000 0.605981 1.570796 0.400000 65.000000
8.500000 0.509341 0.500000 1.502359 1.570796 0.400000 65.000000
8.750000 0.539743 0.500000 1.983758 1.570796 0.400000 65.000000
9.000000 0.571026 0.500000 2.229601 1.570796 0.400000 65.000000
9.250000 0.603190 0.509434 2.281301 1.570796 0.400000 65.000000
9.500000 0.636236 0.500000 2.147036 1.570796 0.400000 65.000000
9.750000 0.670163 0.509050 2.831981 1.570796 0.400000 65.000000
10.000000 0.704971 0.511364 3.445343 1.570796 0.400000 65.000000
10.250000 0.740660 0.514286 3.941325 1.570796 0.400000 65.000000
10.500000 0.777230 0.500000 4.226497 1.570796 0.400000 65.000000
10.750000 0.814682 0.500000 4.382484 1.570796 0.400000 65.000000
11.000000 0.853014 0.517241 4.417633 1.570796 0.400000 65.000000
11.250000 0.892228 0.517241 4.374000 1.570796 0.400000 65.000000
11.500000 0.932324 0.500000 4.245771 1.570796 0.400000 65.000000
11.750000 0.973300 0.515625 3.975957 1.570796 0.400000 65.000000
12.000000 1.015158 0.511364 3.604437 1.570796 0.400000 65.000000
12.250000 1.057896 0.507246 3.068143 1.570796 0.400000 65.000000
12.500000 1.101516 0.507519 2.300320 1.570796 0.400000 65.000000
12.750000 1.146018 0.500000 1.062711 1.570796 0.400000 65.000000
13.000000 1.191400 0.473978 -0.085966 1.570796 0.400000 65.000000
13.250000 1.237664 0.497788 -1.108846 1.570796 0.400000 65.000000
13.500000 1.284809 0.538674 -1.340239 1.570796 0.400000 65.000000
13.750000 1.332835 0.541237 -1.190793 1.570796 0.400000 65.000000
14.000000 1.381742 0.530660 -1.102316 1.570796 0.400000 65.000000
14.250000 1.431531 0.576923 -1.325239 1.570796 0.400000 65.000000
14.500000 1.482201 0.518433 -1.393838 1.570796 0.400000 65.000000
14.750000 1.533752 0.432099 -1.292826 1.570796 0.400000 65.000000
15.000000 1.586184 0.531250 -1.433769 1.570796 0.400000 65.000000
15.250000 1.639497 1.000000 0.343482 4.712389 0.400000 65.000000
15.500000 1.693692 0.996094 2.630534 4.712389 0.400000 65.000000
15.750000 1.748768 0.775862 4.949387 3.141593 0.400000 65.000000
16.000000 1.804725 0.562500 7.770056 3.141593 0.400000 65.000000
16.250000 1.861563 0.495283 10.093704 3.141593 0.400000 65.000000
16.500000 1.919282 0.529412 11.723051 3.141593 0.400000 65.000000
16.750000 1.977883 0.500000 12.947804 3.141593 0.400000 65.000000
17.000000 2.037365 0.500000 13.852201 3.141593 0.400000 65.000000
17.250000 2.097728 0.500000 14.780986 3.141593 0.400000 65.000000
17.500000 2.158972 0.566038 15.612899 3.141593 0.400000 65.000000
17.750000 2.221098 0.535714 16.430100 3.141593 0.400000 65.000000
18.000000 2.284105 0.500000 17.395735 3.141593 0.400000 65.000000
18.250000 2.347993 0.535714 18.158989 3.141593 0.400000 65.000000
18.500000 2.412762 0.548780 18.983298 3.141593 0.400000 65.000000
18.750000 2.478412 0.562500 19.883209 3.141593 0.400000 65.000000
19.000000 2.544944 0.576923 20.790348 3.141593 0.400000 65.000000
