6.000000 0.253789 0.797872 -1.547975 1.570796 0.400000 140.000000
6.250000 0.275379 0.784884 -1.619224 1.570796 0.400000 140.000000
6.500000 0.297850 0.758427 -1.617505 1.570796 0.400000 140.000000
6.750000 0.321202 0.789474 -1.600276 1.570796 0.400000 140.000000
7.000000 0.345436 0.852273 -1.670108 1.570796 0.400000 140.000000
7.250000 0.370550 0.588235 -1.531516 1.570796 0.400000 140.000000
7.500000 0.396546 0.833333 -1.479498 1.570796 0.400000 140.000000
7.750000 0.423423 0.541237 -2.136494 1.570796 0.400000 140.000000
8.000000 0.451181 0.500000 0.199563 1.570796 0.400000 140.000000
8.250000 0.479821 0.500000 1.224645 1.570796 0.400000 140.000000
8.500000 0.509341 0.500000 1.725313 1.570796 0.400000 140.000000
8.750000 0.539743 0.506757 1.966831 1.570796 0.400000 140.000000
9.000000 0.571026 0.498047 2.000011 1.570796 0.400000 140.000000
9.250000 0.603190 0.501859 2.092368 1.570796 0.400000 140.000000
9.500000 0.636236 0.508929 2.165071 1.570796 0.400000 140.000000
9.750000 0.670163 0.506757 3.141299 1.570796 0.400000 140.000000
10.000000 0.704971 0.500000 3.379285 1.570796 0.400000 140.000000
10.250000 0.740660 0.500000 3.428557 1.570796 0.400000 140.000000
10.500000 0.777230 0.500000 3.357226 1.570796 0.400000 140.000000
10.750000 0.814682 0.509709 3.146807 1.570796 0.400000 140.000000
11.000000 0.853014 0.509050 2.800365 1.570796 0.400000 140.000000
11.250000 0.892228 0.507117 2.252588 1.570796 0.400000 140.000000
11.500000 0.932324 0.500000 1.387447 1.570796 0.400000 140.000000
11.750000 0.973300 0.500000 -0.705018 1.570796 0.400000 140.000000
12.000000 1.015158 0.566860 -0.889215 1.570796 0.400000 140.000000
12.250000 1.057896 0.497238 -1.388311 1.570796 0.400000 140.000000
12.500000 1.101516 0.532258 -1.668795 1.570796 0.400000 140.000000
12.750000 1.146018 0.532787 -1.430224 1.570796 0.400000 140.000000
13.000000 1.191400 0.562500 -1.577762 1.570796 0.400000 140.000000
13.250000 1.237664 0.485294 -1.520819 1.570796 0.400000 140.000000
13.500000 1.284809 0.414573 -1.267254 1.570796 0.400000 140.000000
13.750000 1.332835 0.600000 -1.101983 1.570796 0.400000 140.000000
14.000000 1.381742 0.525000 -1.239023 1.570796 0.400000 140.000000
14.250000 1.431531 0.581897 -1.161752 1.570796 0.400000 140.000000
14.500000 1.482201 0.455801 -1.616607 1.570796 0.400000 140.000000
14.750000 1.533752 0.428571 -1.530976 1.570796 0.400000 140.000000
15.000000 1.586184 0.500000 0.331276 3.141593 0.400000 140.000000
15.250000 1.639497 0.496988 4.471140 3.141593 0.400000 140.000000
15.500000 1.693692 0.500000 6.631946 3.141593 0.400000 140.000000
15.750000 1.748768 0.500000 8.453349 3.141593 0.400000 140.000000
16.000000 1.804725 0.494505 10.050320 3.141593 0.400000 140.000000
16.250000 1.861563 0.500000 11.367700 3.141593 0.400000 140.000000
16.500000 1.919282 0.535714 12.564527 3.141593 0.400000 140.000000
16.750000 1.977883 0.500000 13.621103 3.141593 0.400000 140.000000
17.000000 2.037365 0.520833 14.457038 3.141593 0.400000 140.000000
17.250000 2.097728 0.535714 14.567713 3.141593 0.400000 140.000000
17.500000 2.158972 0.535714 15.074632 3.141593 0.400000 140.000000
17.750000 2.221098 0.545455 16.117928 3.141593 0.400000 140.000000
18.000000 2.284105 0.526316 17.202760 3.141593 0.400000 140.000000
18.250000 2.347993 0.566038 18.182841 3.141593 0.400000 140.000000
18.500000 2.412762 0.500000 19.186474 3.141593 0.400000 140.000000
18.750000 2.478412 0.523256 19.994560 3.141593 0.400000 140.000000
19.000000 2.544944 0.562500 20.596671 3.141593 0.400000 140.000000
