6.000000 0.253789 1.536145 -1.716921 1.570796 0.400000 846.000000
6.250000 0.275379 1.593750 -1.774679 1.570796 0.400000 846.000000
6.500000 0.297850 1.687500 -1.783961 1.570796 0.400000 846.000000
6.750000 0.321202 1.607143 -1.736840 1.570796 0.400000 846.000000
7.000000 0.345436 1.583333 -1.691759 1.570796 0.400000 846.000000
7.250000 0.370550 1.275000 -1.729573 1.570796 0.400000 846.000000
7.500000 0.396546 1.227273 -1.491815 1.570796 0.400000 846.000000
7.750000 0.423423 0.509709 -1.385531 1.570796 0.400000 846.000000
8.000000 0.451181 0.500000 0.660661 1.570796 0.400000 846.000000
8.250000 0.479821 0.500000 1.389349 1.570796 0.400000 846.000000
8.500000 0.509341 0.500000 1.753639 1.570796 0.400000 846.000000
8.750000 0.539743 0.500000 1.892790 1.570796 0.400000 846.000000
9.000000 0.571026 0.506431 1.824041 1.570796 0.400000 846.000000
9.250000 0.603190 0.500000 1.554867 1.570796 0.400000 846.000000
9.500000 0.636236 0.500000 1.441849 1.570796 0.400000 846.000000
9.750000 0.670163 0.500000 2.626343 1.570796 0.400000 846.000000
10.000000 0.704971 0.500000 3.382568 1.570796 0.400000 846.000000
10.250000 0.740660 0.507812 3.917144 1.570796 0.400000 846.000000
10.500000 0.777230 0.500000 4.300162 1.570796 0.400000 846.000000
10.750000 0.814682 0.500000 4.562213 1.570796 0.400000 846.000000
11.000000 0.853014 0.500000 4.741191 1.570796 0.400000 846.000000
11.250000 0.892228 0.519231 4.784989 1.570796 0.400000 846.000000
11.500000 0.932324 0.519231 4.758280 1.570796 0.400000 846.000000
11.750000 0.973300 0.500000 4.665491 1.570796 0.400000 846.000000
12.000000 1.015158 0.500000 4.432390 1.570796 0.400000 846.000000
12.250000 1.057896 0.515625 4.097229 1.570796 0.400000 846.000000
12.500000 1.101516 0.514286 3.649126 1.570796 0.400000 846.000000
12.750000 1.146018 0.509050 3.017154 1.570796 0.400000 846.000000
13.000000 1.191400 0.500000 2.116975 1.570796 0.400000 846.000000
13.250000 1.237664 0.500000 0.534690 1.570796 0.400000 846.000000
13.500000 1.284809 0.538117 -0.553465 1.570796 0.400000 846.000000
13.750000 1.332835 0.533175 -1.168874 1.570796 0.400000 846.000000
14.000000 1.381742 0.491803 -1.425363 1.570796 0.400000 846.000000
14.250000 1.431531 0.576923 -1.446906 1.570796 0.400000 846.000000
14.500000 1.482201 0.533175 -1.357311 1.570796 0.400000 846.000000
14.750000 1.533752 0.619565 -1.258869 1.570796 0.400000 846.000000
15.000000 1.586184 0.548077 -1.231873 1.570796 0.400000 846.000000
15.250000 1.639497 1.000000 1.593274 4.712389 0.400000 846.000000
15.500000 1.693692 0.892857 3.399681 3.141593 0.400000 846.000000
15.750000 1.748768 0.732759 5.191180 3.141593 0.400000 846.000000
16.000000 1.804725 0.500000 7.428673 3.141593 0.400000 846.000000
16.250000 1.861563 0.500000 9.816087 3.141593 0.400000 846.000000
16.500000 1.919282 0.500000 11.498978 3.141593 0.400000 846.000000
16.750000 1.977883 0.513699 12.830391 3.141593 0.400000 846.000000
17.000000 2.037365 0.520833 13.900725 3.141593 0.400000 846.000000
17.250000 2.097728 0.526316 14.791454 3.141593 0.400000 846.000000
17.500000 2.158972 0.500000 15.656887 3.141593 0.400000 846.000000
17.750000 2.221098 0.576923 16.614755 3.141593 0.400000 846.000000
18.000000 2.284105 0.523256 17.490158 3.141593 0.400000 846.000000
18.250000 2.347993 0.548780 18.130867 3.141593 0.400000 846.000000
18.500000 2.412762 0.562500 18.959718 3.141593 0.400000 846.000000
18.750000 2.478412 0.592105 19.732216 3.141593 0.400000 846.000000
19.000000 2.544944 0.500000 20.558843 3.141593 0.400000 846.000000
