6.000000 0.253789 0.926966 -1.539164 1.570796 0.400000 225.000000
6.250000 0.275379 0.887097 -1.536296 1.570796 0.400000 225.000000
6.500000 0.297850 0.906593 -1.660338 1.570796 0.400000 225.000000
6.750000 0.321202 0.859375 -1.612290 1.570796 0.400000 225.000000
7.000000 0.345436 0.947368 -1.614284 1.570796 0.400000 225.000000
7.250000 0.370550 0.965347 -1.586362 1.570796 0.400000 225.000000
7.500000 0.396546 0.825688 -1.604352 1.570796 0.400000 225.000000
7.750000 0.423423 0.965347 -1.591991 1.570796 0.400000 225.000000
8.000000 0.451181 0.928571 -1.715603 1.570796 0.400000 225.000000
8.250000 0.479821 0.500000 0.094251 1.570796 0.400000 225.000000
8.500000 0.509341 0.500000 1.322347 1.570796 0.400000 225.000000
8.750000 0.539743 0.500000 1.933869 1.570796 0.400000 225.000000
9.000000 0.571026 0.500000 2.276041 1.570796 0.400000 225.000000
9.250000 0.603190 0.500000 2.427745 1.570796 0.400000 225.000000
9.500000 0.636236 0.498047 2.312156 1.570796 0.400000 225.000000
9.750000 0.670163 0.500000 2.661362 1.570796 0.400000 225.000000
10.000000 0.704971 0.513699 3.285693 1.570796 0.400000 225.000000
10.250000 0.740660 0.511364 3.929056 1.570796 0.400000 225.000000
10.500000 0.777230 0.510204 4.305508 1.570796 0.400000 225.000000
10.750000 0.814682 0.500000 4.552536 1.570796 0.400000 225.000000
11.000000 0.853014 0.523256 4.675101 1.570796 0.400000 225.000000
11.250000 0.892228 0.500000 4.722889 1.570796 0.400000 225.000000
11.500000 0.932324 0.523256 4.659139 1.570796 0.400000 225.000000
11.750000 0.973300 0.511364 4.513380 1.570796 0.400000 225.000000
12.000000 1.015158 0.513699 4.249700 1.570796 0.400000 225.000000
12.250000 1.057896 0.512422 3.881635 1.570796 0.400000 225.000000
12.500000 1.101516 0.500000 3.384689 1.570796 0.400000 225.000000
12.750000 1.146018 0.506329 2.647514 1.570796 0.400000 225.000000
13.000000 1.191400 0.500000 1.564408 1.570796 0.400000 225.000000
13.250000 1.237664 0.498155 -1.684797 1.570796 0.400000 225.000000
13.500000 1.284809 0.507812 -1.425976 1.570796 0.400000 225.000000
13.750000 1.332835 0.453297 -1.273858 1.570796 0.400000 225.000000
14.000000 1.381742 0.488372 -1.223817 1.570796 0.400000 225.000000
14.250000 1.431531 0.557851 -1.029770 1.570796 0.400000 225.000000
14.500000 1.482201 0.422535 -1.381308 1.570796 0.400000 225.000000
14.750000 1.533752 0.443182 -1.417954 1.570796 0.400000 225.000000
15.000000 1.586184 0.432692 -1.491035 1.570796 0.400000 225.000000
15.250000 1.639497 1.000000 -0.438555 4.712389 0.400000 225.000000
15.500000 1.693692 0.996503 2.318954 4.712389 0.400000 225.000000
15.750000 1.748768 0.496689 5.356735 3.141593 0.400000 225.000000
16.000000 1.804725 0.508475 7.735177 3.141593 0.400000 225.000000
16.250000 1.861563 0.514706 9.652158 3.141593 0.400000 225.000000
16.500000 1.919282 0.523256 11.205421 3.141593 0.400000 225.000000
16.750000 1.977883 0.500000 12.601738 3.141593 0.400000 225.000000
17.000000 2.037365 0.525000 12.857832 3.141593 0.400000 225.000000
17.250000 2.097728 0.520833 14.563124 3.141593 0.400000 225.000000
17.500000 2.158972 0.500000 15.724666 3.141593 0.400000 225.000000
17.750000 2.221098 0.500000 16.555909 3.141593 0.400000 225.000000
18.000000 2.284105 0.555556 17.477023 3.141593 0.400000 225.000000
18.250000 2.347993 0.500000 18.491984 3.141593 0.400000 225.000000
18.500000 2.412762 0.548780 19.150229 3.141593 0.400000 225.000000
18.750000 2.478412 0.562500 19.852209 3.141593 0.400000 225.000000
19.000000 2.544944 0.576923 20.609706 3.141593 0.400000 225.000000
