6.000000 0.253789 0.877660 -1.579613 1.570796 0.400000 990.000000
6.250000 0.275379 0.815217 -1.588896 1.570796 0.400000 990.000000
6.500000 0.297850 0.806452 -1.671399 1.570796 0.400000 990.000000
6.750000 0.321202 0.781250 -1.573241 1.570796 0.400000 990.000000
7.000000 0.345436 0.758427 -1.615112 1.570796 0.400000 990.000000
7.250000 0.370550 0.728155 -1.577099 1.570796 0.400000 990.000000
7.500000 0.396546 0.816832 -1.558795 1.570796 0.400000 990.000000
7.750000 0.423423 0.750000 -1.681247 1.570796 0.400000 990.000000
8.000000 0.451181 0.581897 -1.498584 1.570796 0.400000 990.000000
8.250000 0.479821 0.500000 0.038097 1.570796 0.400000 990.000000
8.500000 0.509341 0.500000 1.305043 1.570796 0.400000 990.000000
8.750000 0.539743 0.498555 1.124753 1.570796 0.400000 990.000000
9.000000 0.571026 0.500000 2.021488 1.570796 0.400000 990.000000
9.250000 0.603190 0.510753 2.467680 1.570796 0.400000 990.000000
9.500000 0.636236 0.511364 2.874623 1.570796 0.400000 990.000000
9.750000 0.670163 0.507812 3.083231 1.570796 0.400000 990.000000
10.000000 0.704971 0.500000 3.150890 1.570796 0.400000 990.000000
10.250000 0.740660 0.500000 3.076751 1.570796 0.400000 990.000000
10.500000 0.777230 0.510471 2.843408 1.570796 0.400000 990.000000
10.750000 0.814682 0.509050 2.454803 1.570796 0.400000 990.000000
11.000000 0.853014 0.505051 1.841873 1.570796 0.400000 990.000000
11.250000 0.892228 0.500000 0.789429 1.570796 0.400000 990.000000
11.500000 0.932324 0.489130 -2.657680 1.570796 0.400000 990.000000
11.750000 0.973300 0.522152 -1.254459 1.570796 0.400000 990.000000
12.000000 1.015158 0.451807 -1.239337 1.570796 0.400000 990.000000
12.250000 1.057896 0.436047 -1.093153 1.570796 0.400000 990.000000
12.500000 1.101516 0.471429 -1.341272 1.570796 0.400000 990.000000
12.750000 1.146018 0.455801 -1.325453 1.570796 0.400000 990.000000
13.000000 1.191400 0.406627 -1.416189 1.570796 0.400000 990.000000
13.250000 1.237664 0.406627 -1.349144 1.570796 0.400000 990.000000
13.500000 1.284809 0.423729 -1.479613 1.570796 0.400000 990.000000
13.750000 1.332835 0.443350 -1.320441 1.570796 0.400000 990.000000
14.000000 1.381742 0.464286 -1.410638 1.570796 0.400000 990.000000
14.250000 1.431531 0.593750 -0.965958 1.570796 0.400000 990.000000
14.500000 1.482201 0.447761 -1.618694 1.570796 0.400000 990.000000
14.750000 1.533752 0.394737 -1.413048 1.570796 0.400000 990.000000
15.000000 1.586184 0.850202 -2.333057 4.712389 0.400000 990.000000
15.250000 1.639497 0.500000 2.902815 3.141593 0.400000 990.000000
15.500000 1.693692 0.500000 5.756248 3.141593 0.400000 990.000000
15.750000 1.748768 0.500000 7.831522 3.141593 0.400000 990.000000
16.000000 1.804725 0.500000 9.593362 3.141593 0.400000 990.000000
16.250000 1.861563 0.500000 11.026039 3.141593 0.400000 990.000000
16.500000 1.919282 0.500000 12.227485 3.141593 0.400000 990.000000
16.750000 1.977883 0.500000 13.336781 3.141593 0.400000 990.000000
17.000000 2.037365 0.500000 14.142732 3.141593 0.400000 990.000000
17.250000 2.097728 0.500000 15.180320 3.141593 0.400000 990.000000
17.500000 2.158972 0.526316 16.046937 3.141593 0.400000 990.000000
17.750000 2.221098 0.517241 16.886371 3.141593 0.400000 990.000000
18.000000 2.284105 0.566038 17.628715 3.141593 0.400000 990.000000
18.250000 2.347993 0.500000 18.605434 3.141593 0.400000 990.000000
18.500000 2.412762 0.535714 19.243487 3.141593 0.400000 990.000000
18.750000 2.478412 0.548780 19.832774 3.141593 0.400000 990.000000
19.000000 2.544944 0.562500 20.412637 3.141593 0.400000 990.000000
