6.000000 0.253789 0.937500 -1.670546 1.570796 0.400000 372.000000
6.250000 0.275379 1.174699 -1.727876 1.570796 0.400000 372.000000
6.500000 0.297850 0.948276 -1.651225 1.570796 0.400000 372.000000
6.750000 0.321202 1.250000 -1.739827 1.570796 0.400000 372.000000
7.000000 0.345436 1.250000 -1.848796 1.570796 0.400000 372.000000
7.250000 0.370550 0.994898 -1.701327 1.570796 0.400000 372.000000
7.500000 0.396546 0.891089 -1.661269 1.570796 0.400000 372.000000
7.750000 0.423423 0.975000 -1.739116 1.570796 0.400000 372.000000
8.000000 0.451181 1.209677 -1.813195 1.570796 0.400000 372.000000
8.250000 0.479821 0.889831 -1.736108 1.570796 0.400000 372.000000
8.500000 0.509341 0.500000 0.429305 1.570796 0.400000 372.000000
8.750000 0.539743 0.500000 1.590793 1.570796 0.400000 372.000000
9.000000 0.571026 0.507353 2.148951 1.570796 0.400000 372.000000
9.250000 0.603190 0.507519 2.183722 1.570796 0.400000 372.000000
9.500000 0.636236 0.497925 2.728422 1.570796 0.400000 372.000000
9.750000 0.670163 0.502232 2.927134 1.570796 0.400000 372.000000
10.000000 0.704971 0.508475 3.533725 1.570796 0.400000 372.000000
10.250000 0.740660 0.512422 3.783492 1.570796 0.400000 372.000000
10.500000 0.777230 0.515625 3.889634 1.570796 0.400000 372.000000
10.750000 0.814682 0.500000 3.907343 1.570796 0.400000 372.000000
11.000000 0.853014 0.509259 3.760869 1.570796 0.400000 372.000000
11.250000 0.892228 0.500000 3.539415 1.570796 0.400000 372.000000
11.500000 0.932324 0.510471 3.136930 1.570796 0.400000 372.000000
11.750000 0.973300 0.500000 2.585582 1.570796 0.400000 372.000000
12.000000 1.015158 0.504386 1.718708 1.570796 0.400000 372.000000
12.250000 1.057896 0.500000 0.057153 1.570796 0.400000 372.000000
12.500000 1.101516 0.518617 -0.504061 1.570796 0.400000 372.000000
12.750000 1.146018 0.497449 -1.138787 1.570796 0.400000 372.000000
13.000000 1.191400 0.596026 -1.468613 1.570796 0.400000 372.000000
13.250000 1.237664 0.486486 -1.314599 1.570796 0.400000 372.000000
13.500000 1.284809 0.562500 -1.556503 1.570796 0.400000 372.000000
13.750000 1.332835 0.535714 -1.402123 1.570796 0.400000 372.000000
14.000000 1.381742 0.583832 -1.574060 1.570796 0.400000 372.000000
14.250000 1.431531 0.497449 -1.471621 1.570796 0.400000 372.000000
14.500000 1.482201 0.462085 -1.379957 1.570796 0.400000 372.000000
14.750000 1.533752 0.530303 -1.556682 1.570796 0.400000 372.000000
15.000000 1.586184 0.708333 -1.588790 1.570796 0.400000 372.000000
15.250000 1.639497 1.000000 -1.052653 4.712389 0.400000 372.000000
15.500000 1.693692 0.500000 3.699189 3.141593 0.400000 372.000000
15.750000 1.748768 0.496324 6.049188 3.141593 0.400000 372.000000
16.000000 1.804725 0.500000 7.722964 3.141593 0.400000 372.000000
16.250000 1.861563 0.576923 8.959099 3.141593 0.400000 372.000000
16.500000 1.919282 0.525000 10.785360 3.141593 0.400000 372.000000
16.750000 1.977883 0.517241 12.716826 3.141593 0.400000 372.000000
17.000000 2.037365 0.500000 13.841178 3.141593 0.400000 372.000000
17.250000 2.097728 0.500000 14.844376 3.141593 0.400000 372.000000
17.500000 2.158972 0.500000 15.744973 3.141593 0.400000 372.000000
17.750000 2.221098 0.545455 16.511760 3.141593 0.400000 372.000000
18.000000 2.284105 0.523256 17.480130 3.141593 0.400000 372.000000
18.250000 2.347993 0.562500 18.107022 3.141593 0.400000 372.000000
18.500000 2.412762 0.576923 18.957158 3.141593 0.400000 372.000000
18.750000 2.478412 0.500000 19.696523 3.141593 0.400000 372.000000
19.000000 2.544944 0.500000 20.400825 3.141593 0.400000 372.000000
