6.000000 0.253789 0.948276 -1.581591 1.570796 0.400000 259.000000
6.250000 0.275379 1.265060 -1.720705 1.570796 0.400000 259.000000
6.500000 0.297850 1.133721 -1.764223 1.570796 0.400000 259.000000
6.750000 0.321202 1.095506 -1.764489 1.570796 0.400000 259.000000
7.000000 0.345436 1.120690 -1.769716 1.570796 0.400000 259.000000
7.250000 0.370550 1.176471 -1.644431 1.570796 0.400000 259.000000
7.500000 0.396546 1.250000 -1.768124 1.570796 0.400000 259.000000
7.750000 0.423423 1.000000 -1.775731 1.570796 0.400000 259.000000
8.000000 0.451181 1.060606 -1.314518 1.570796 0.400000 259.000000
8.250000 0.479821 0.517241 -2.114149 1.570796 0.400000 259.000000
8.500000 0.509341 0.500000 0.715952 1.570796 0.400000 259.000000
8.750000 0.539743 0.500000 1.698018 1.570796 0.400000 259.000000
9.000000 0.571026 0.500000 2.249772 1.570796 0.400000 259.000000
9.250000 0.603190 0.500000 2.574580 1.570796 0.400000 259.000000
9.500000 0.636236 0.509050 2.711017 1.570796 0.400000 259.000000
9.750000 0.670163 0.500000 2.726401 1.570796 0.400000 259.000000
10.000000 0.704971 0.500000 2.673943 1.570796 0.400000 259.000000
10.250000 0.740660 0.502577 3.479918 1.570796 0.400000 259.000000
10.500000 0.777230 0.502793 4.057544 1.570796 0.400000 259.000000
10.750000 0.814682 0.512422 4.316795 1.570796 0.400000 259.000000
11.000000 0.853014 0.515625 4.394215 1.570796 0.400000 259.000000
11.250000 0.892228 0.500000 4.364969 1.570796 0.400000 259.000000
11.500000 0.932324 0.505618 4.193548 1.570796 0.400000 259.000000
11.750000 0.973300 0.513158 3.923138 1.570796 0.400000 259.000000
12.000000 1.015158 0.512195 3.539819 1.570796 0.400000 259.000000
12.250000 1.057896 0.507968 2.978300 1.570796 0.400000 259.000000
12.500000 1.101516 0.505865 2.173315 1.570796 0.400000 259.000000
12.750000 1.146018 0.500000 0.837789 1.570796 0.400000 259.000000
13.000000 1.191400 0.541237 -1.308509 1.570796 0.400000 259.000000
13.250000 1.237664 0.609375 -1.661918 1.570796 0.400000 259.000000
13.500000 1.284809 0.625000 -1.501766 1.570796 0.400000 259.000000
13.750000 1.332835 0.546875 -1.390247 1.570796 0.400000 259.000000
14.000000 1.381742 0.567568 -1.517592 1.570796 0.400000 259.000000
14.250000 1.431531 0.541237 -1.289100 1.570796 0.400000 259.000000
14.500000 1.482201 0.561674 -1.114511 1.570796 0.400000 259.000000
14.750000 1.533752 0.647208 -1.849644 1.570796 0.400000 259.000000
15.000000 1.586184 0.658537 -1.628710 1.570796 0.400000 259.000000
15.250000 1.639497 1.000000 0.156629 4.712389 0.400000 259.000000
15.500000 1.693692 1.000000 2.587289 4.712389 0.400000 259.000000
15.750000 1.748768 0.857143 3.569069 3.141593 0.400000 259.000000
16.000000 1.804725 1.000000 4.196389 4.712389 0.400000 259.000000
16.250000 1.861563 0.562500 8.043727 3.141593 0.400000 259.000000
16.500000 1.919282 0.494505 10.418377 3.141593 0.400000 259.000000
16.750000 1.977883 0.500000 12.115263 3.141593 0.400000 259.000000
17.000000 2.037365 0.500000 13.392308 3.141593 0.400000 259.000000
17.250000 2.097728 0.500000 14.558074 3.141593 0.400000 259.000000
17.500000 2.158972 0.500000 15.525752 3.141593 0.400000 259.000000
17.750000 2.221098 0.555556 16.522822 3.141593 0.400000 259.000000
18.000000 2.284105 0.535714 17.404917 3.141593 0.400000 259.000000
18.250000 2.347993 0.576923 18.251347 3.141593 0.400000 259.000000
18.500000 2.412762 0.500000 19.221693 3.141593 0.400000 259.000000
18.750000 2.478412 0.500000 20.031366 3.141593 0.400000 259.000000
19.000000 2.544944 0.500000 20.611933 3.141593 0.400000 259.000000
