6.000000 0.253789 1.406250 -1.703196 1.570796 0.400000 187.000000
6.250000 0.275379 1.897590 -1.768288 1.570796 0.400000 187.000000
6.500000 0.297850 1.656977 -1.744730 1.570796 0.400000 187.000000
6.750000 0.321202 1.626506 -1.764486 1.570796 0.400000 187.000000
7.000000 0.345436 1.810345 -1.753237 1.570796 0.400000 187.000000
7.250000 0.370550 1.484375 -1.744454 1.570796 0.400000 187.000000
7.500000 0.396546 1.456311 -1.795362 1.570796 0.400000 187.000000
7.750000 0.423423 1.250000 -1.570380 1.570796 0.400000 187.000000
8.000000 0.451181 0.689655 -2.110401 1.570796 0.400000 187.000000
8.250000 0.479821 0.500000 0.303587 1.570796 0.400000 187.000000
8.500000 0.509341 0.500000 1.389339 1.570796 0.400000 187.000000
8.750000 0.539743 0.500000 1.951627 1.570796 0.400000 187.000000
9.000000 0.571026 0.500000 2.256578 1.570796 0.400000 187.000000
9.250000 0.603190 0.500000 2.377618 1.570796 0.400000 187.000000
9.500000 0.636236 0.507968 2.328312 1.570796 0.400000 187.000000
9.750000 0.670163 0.500000 2.129179 1.570796 0.400000 187.000000
10.000000 0.704971 0.512195 3.374971 1.570796 0.400000 187.000000
10.250000 0.740660 0.500000 3.909387 1.570796 0.400000 187.000000
10.500000 0.777230 0.500000 4.171469 1.570796 0.400000 187.000000
10.750000 0.814682 0.512422 4.294642 1.570796 0.400000 187.000000
11.000000 0.853014 0.509259 4.315461 1.570796 0.400000 187.000000
11.250000 0.892228 0.514286 4.228267 1.570796 0.400000 187.000000
11.500000 0.932324 0.514286 4.049866 1.570796 0.400000 187.000000
11.750000 0.973300 0.513158 3.753362 1.570796 0.400000 187.000000
12.000000 1.015158 0.500000 3.311246 1.570796 0.400000 187.000000
12.250000 1.057896 0.505618 2.684462 1.570796 0.400000 187.000000
12.500000 1.101516 0.500000 1.746373 1.570796 0.400000 187.000000
12.750000 1.146018 0.500000 -0.169517 1.570796 0.400000 187.000000
13.000000 1.191400 0.652174 -1.180272 1.570796 0.400000 187.000000
13.250000 1.237664 0.937500 -1.530921 1.570796 0.400000 187.000000
13.500000 1.284809 0.863636 -1.628603 1.570796 0.400000 187.000000
13.750000 1.332835 0.870166 -1.699620 1.570796 0.400000 187.000000
14.000000 1.381742 0.698529 -1.259791 1.570796 0.400000 187.000000
14.250000 1.431531 0.797101 -1.163528 1.570796 0.400000 187.000000
14.500000 1.482201 0.706278 -1.339035 1.570796 0.400000 187.000000
14.750000 1.533752 0.778302 -1.753854 1.570796 0.400000 187.000000
15.000000 1.586184 0.762195 -1.918023 4.712389 0.400000 187.000000
15.250000 1.639497 1.000000 1.176867 4.712389 0.400000 187.000000
15.500000 1.693692 1.000000 2.873484 4.712389 0.400000 187.000000
15.750000 1.748768 0.997340 3.984501 3.141593 0.400000 187.000000
16.000000 1.804725 0.550000 6.316330 3.141593 0.400000 187.000000
16.250000 1.861563 0.576923 7.594938 3.141593 0.400000 187.000000
16.500000 1.919282 0.500000 10.631740 3.141593 0.400000 187.000000
16.750000 1.977883 0.529412 12.153315 3.141593 0.400000 187.000000
17.000000 2.037365 0.500000 13.363182 3.141593 0.400000 187.000000
17.250000 2.097728 0.526316 14.532985 3.141593 0.400000 187.000000
17.500000 2.158972 0.526316 15.609137 3.141593 0.400000 187.000000
17.750000 2.221098 0.500000 16.728168 3.141593 0.400000 187.000000
18.000000 2.284105 0.562500 17.501043 3.141593 0.400000 187.000000
18.250000 2.347993 0.592105 18.504185 3.141593 0.400000 187.000000
18.500000 2.412762 0.500000 19.322142 3.141593 0.400000 187.000000
18.750000 2.478412 0.500000 19.928490 3.141593 0.400000 187.000000
19.000000 2.544944 0.535714 20.708098 3.141593 0.400000 187.000000
