6.000000 0.253789 1.551724 -1.601639 1.570796 0.400000 841.000000
6.250000 0.275379 1.923077 -1.748181 1.570796 0.400000 841.000000
6.500000 0.297850 1.938202 -1.758582 1.570796 0.400000 841.000000
6.750000 0.321202 1.569767 -1.741324 1.570796 0.400000 841.000000
7.000000 0.345436 1.831395 -1.832896 1.570796 0.400000 841.000000
7.250000 0.370550 1.612903 -1.687664 1.570796 0.400000 841.000000
7.500000 0.396546 1.287879 -1.795613 1.570796 0.400000 841.000000
7.750000 0.423423 1.485849 -1.669875 1.570796 0.400000 841.000000
8.000000 0.451181 0.500000 -0.709483 1.570796 0.400000 841.000000
8.250000 0.479821 0.500000 0.980898 1.570796 0.400000 841.000000
8.500000 0.509341 0.500000 1.652450 1.570796 0.400000 841.000000
8.750000 0.539743 0.500000 2.012189 1.570796 0.400000 841.000000
9.000000 0.571026 0.505618 2.154862 1.570796 0.400000 841.000000
9.250000 0.603190 0.500000 2.130214 1.570796 0.400000 841.000000
9.500000 0.636236 0.500000 1.911179 1.570796 0.400000 841.000000
9.750000 0.670163 0.501672 1.862938 1.570796 0.400000 841.000000
10.000000 0.704971 0.500000 3.020861 1.570796 0.400000 841.000000
10.250000 0.740660 0.513699 3.777446 1.570796 0.400000 841.000000
10.500000 0.777230 0.508475 4.326603 1.570796 0.400000 841.000000
10.750000 0.814682 0.517241 4.729392 1.570796 0.400000 841.000000
11.000000 0.853014 0.500000 5.029088 1.570796 0.400000 841.000000
11.250000 0.892228 0.500000 5.223742 1.570796 0.400000 841.000000
11.500000 0.932324 0.519231 5.309220 1.570796 0.400000 841.000000
11.750000 0.973300 0.519231 5.331775 1.570796 0.400000 841.000000
12.000000 1.015158 0.515267 5.272465 1.570796 0.400000 841.000000
12.250000 1.057896 0.500000 5.164605 1.570796 0.400000 841.000000
12.500000 1.101516 0.500000 4.939488 1.570796 0.400000 841.000000
12.750000 1.146018 0.517241 4.583534 1.570796 0.400000 841.000000
13.000000 1.191400 0.509259 4.137192 1.570796 0.400000 841.000000
13.250000 1.237664 0.510471 3.527604 1.570796 0.400000 841.000000
13.500000 1.284809 0.507968 2.700837 1.570796 0.400000 841.000000
13.750000 1.332835 0.500000 1.445774 1.570796 0.400000 841.000000
14.000000 1.381742 0.494505 -2.581144 1.570796 0.400000 841.000000
14.250000 1.431531 0.497925 -1.063575 1.570796 0.400000 841.000000
14.500000 1.482201 0.606061 -1.535427 1.570796 0.400000 841.000000
14.750000 1.533752 0.678571 -1.399004 1.570796 0.400000 841.000000
15.000000 1.586184 0.597345 -1.392055 1.570796 0.400000 841.000000
15.250000 1.639497 1.000000 -0.620530 4.712389 0.400000 841.000000
15.500000 1.693692 1.000000 2.402910 4.712389 0.400000 841.000000
15.750000 1.748768 1.000000 3.850918 4.712389 0.400000 841.000000
16.000000 1.804725 0.903614 4.806012 3.141593 0.400000 841.000000
16.250000 1.861563 0.500000 8.697364 3.141593 0.400000 841.000000
16.500000 1.919282 0.525000 10.873464 3.141593 0.400000 841.000000
16.750000 1.977883 0.523256 12.364962 3.141593 0.400000 841.000000
17.000000 2.037365 0.559701 13.543084 3.141593 0.400000 841.000000
17.250000 2.097728 0.500000 14.597434 3.141593 0.400000 841.000000
17.500000 2.158972 0.566038 15.501213 3.141593 0.400000 841.000000
17.750000 2.221098 0.535714 16.388597 3.141593 0.400000 841.000000
18.000000 2.284105 0.500000 17.439538 3.141593 0.400000 841.000000
18.250000 2.347993 0.548780 18.129970 3.141593 0.400000 841.000000
18.500000 2.412762 0.562500 19.040000 3.141593 0.400000 841.000000
18.750000 2.478412 0.592105 19.997049 3.141593 0.400000 841.000000
19.000000 2.544944 0.500000 20.789702 3.141593 0.400000 841.000000
