6.000000 0.253789 1.133721 -1.621727 1.570796 0.400000 555.000000
6.250000 0.275379 1.111111 -1.705097 1.570796 0.400000 555.000000
6.500000 0.297850 1.179775 -1.680856 1.570796 0.400000 555.000000
6.750000 0.321202 1.093750 -1.639807 1.570796 0.400000 555.000000
7.000000 0.345436 1.411765 -1.712413 1.570796 0.400000 555.000000
7.250000 0.370550 1.092233 -1.587756 1.570796 0.400000 555.000000
7.500000 0.396546 1.275000 -1.647656 1.570796 0.400000 555.000000
7.750000 0.423423 0.981308 -1.792746 1.570796 0.400000 555.000000
8.000000 0.451181 1.159091 -1.219951 1.570796 0.400000 555.000000
8.250000 0.479821 0.510204 -1.497866 1.570796 0.400000 555.000000
8.500000 0.509341 0.500000 0.950332 1.570796 0.400000 555.000000
8.750000 0.539743 0.500000 1.805212 1.570796 0.400000 555.000000
9.000000 0.571026 0.500000 2.296319 1.570796 0.400000 555.000000
9.250000 0.603190 0.500000 2.568616 1.570796 0.400000 555.000000
9.500000 0.636236 0.500000 2.665933 1.570796 0.400000 555.000000
9.750000 0.670163 0.500000 2.668989 1.570796 0.400000 555.000000
10.000000 0.704971 0.500000 2.450557 1.570796 0.400000 555.000000
10.250000 0.740660 0.515873 3.652844 1.570796 0.400000 555.000000
10.500000 0.777230 0.509259 4.180170 1.570796 0.400000 555.000000
10.750000 0.814682 0.500000 4.423877 1.570796 0.400000 555.000000
11.000000 0.853014 0.513699 4.492787 1.570796 0.400000 555.000000
11.250000 0.892228 0.510204 4.471768 1.570796 0.400000 555.000000
11.500000 0.932324 0.515625 4.340377 1.570796 0.400000 555.000000
11.750000 0.973300 0.515625 4.122380 1.570796 0.400000 555.000000
12.000000 1.015158 0.511364 3.777651 1.570796 0.400000 555.000000
12.250000 1.057896 0.512195 3.287172 1.570796 0.400000 555.000000
12.500000 1.101516 0.505618 2.591077 1.570796 0.400000 555.000000
12.750000 1.146018 0.500000 1.542383 1.570796 0.400000 555.000000
13.000000 1.191400 0.500000 -1.284973 1.570796 0.400000 555.000000
13.250000 1.237664 0.541667 -1.381394 1.570796 0.400000 555.000000
13.500000 1.284809 0.541237 -1.382859 1.570796 0.400000 555.000000
13.750000 1.332835 0.637500 -1.371395 1.570796 0.400000 555.000000
14.000000 1.381742 0.564516 -1.479067 1.570796 0.400000 555.000000
14.250000 1.431531 0.650510 -1.411586 1.570796 0.400000 555.000000
14.500000 1.482201 0.688776 -1.513369 1.570796 0.400000 555.000000
14.750000 1.533752 0.642857 -1.542795 1.570796 0.400000 555.000000
15.000000 1.586184 0.696903 -1.426283 1.570796 0.400000 555.000000
15.250000 1.639497 1.000000 -0.103898 4.712389 0.400000 555.000000
15.500000 1.693692 1.000000 2.505778 4.712389 0.400000 555.000000
15.750000 1.748768 0.928571 3.345721 3.141593 0.400000 555.000000
16.000000 1.804725 0.645695 5.601260 3.141593 0.400000 555.000000
16.250000 1.861563 0.531496 7.744729 3.141593 0.400000 555.000000
16.500000 1.919282 0.495283 9.867119 3.141593 0.400000 555.000000
16.750000 1.977883 0.525000 11.479091 3.141593 0.400000 555.000000
17.000000 2.037365 0.517241 12.633442 3.141593 0.400000 555.000000
17.250000 2.097728 0.500000 13.859157 3.141593 0.400000 555.000000
17.500000 2.158972 0.500000 15.140061 3.141593 0.400000 555.000000
17.750000 2.221098 0.500000 16.136352 3.141593 0.400000 555.000000
18.000000 2.284105 0.500000 17.359988 3.141593 0.400000 555.000000
18.250000 2.347993 0.548780 18.067333 3.141593 0.400000 555.000000
18.500000 2.412762 0.562500 19.015373 3.141593 0.400000 555.000000
18.750000 2.478412 0.592105 20.002153 3.141593 0.400000 555.000000
19.000000 2.544944 0.500000 20.806332 3.141593 0.400000 555.000000
