6.000000 0.253789 0.903614 -1.613489 1.570796 0.400000 637.000000
6.250000 0.275379 1.147059 -1.639508 1.570796 0.400000 637.000000
6.500000 0.297850 1.011236 -1.601673 1.570796 0.400000 637.000000
6.750000 0.321202 0.967742 -1.608809 1.570796 0.400000 637.000000
7.000000 0.345436 1.026316 -1.643523 1.570796 0.400000 637.000000
7.250000 0.370550 0.891089 -1.641609 1.570796 0.400000 637.000000
7.500000 0.396546 0.886364 -1.568230 1.570796 0.400000 637.000000
7.750000 0.423423 1.142857 -1.635132 1.570796 0.400000 637.000000
8.000000 0.451181 0.891089 -1.702286 1.570796 0.400000 637.000000
8.250000 0.479821 0.860656 -1.497737 1.570796 0.400000 637.000000
8.500000 0.509341 0.581897 -1.770556 1.570796 0.400000 637.000000
8.750000 0.539743 0.500000 0.903309 1.570796 0.400000 637.000000
9.000000 0.571026 0.500000 1.923705 1.570796 0.400000 637.000000
9.250000 0.603190 0.498339 2.233517 1.570796 0.400000 637.000000
9.500000 0.636236 0.497925 2.638265 1.570796 0.400000 637.000000
9.750000 0.670163 0.500000 3.095464 1.570796 0.400000 637.000000
10.000000 0.704971 0.510471 3.243091 1.570796 0.400000 637.000000
10.250000 0.740660 0.517241 3.799954 1.570796 0.400000 637.000000
10.500000 0.777230 0.500000 4.130797 1.570796 0.400000 637.000000
10.750000 0.814682 0.500000 4.278404 1.570796 0.400000 637.000000
11.000000 0.853014 0.513699 4.307974 1.570796 0.400000 637.000000
11.250000 0.892228 0.500000 4.242779 1.570796 0.400000 637.000000
11.500000 0.932324 0.513699 4.060285 1.570796 0.400000 637.000000
11.750000 0.973300 0.518868 3.759792 1.570796 0.400000 637.000000
12.000000 1.015158 0.500000 3.341932 1.570796 0.400000 637.000000
12.250000 1.057896 0.506757 2.701976 1.570796 0.400000 637.000000
12.500000 1.101516 0.500000 1.771664 1.570796 0.400000 637.000000
12.750000 1.146018 0.500000 -0.095864 1.570796 0.400000 637.000000
13.000000 1.191400 0.505181 -0.797903 1.570796 0.400000 637.000000
13.250000 1.237664 0.497449 -1.185044 1.570796 0.400000 637.000000
13.500000 1.284809 0.607143 -1.092259 1.570796 0.400000 637.000000
13.750000 1.332835 0.527027 -1.369311 1.570796 0.400000 637.000000
14.000000 1.381742 0.497630 -1.305721 1.570796 0.400000 637.000000
14.250000 1.431531 0.600000 -1.504839 1.570796 0.400000 637.000000
14.500000 1.482201 0.483871 -1.294844 1.570796 0.400000 637.000000
14.750000 1.533752 0.618932 -1.580694 1.570796 0.400000 637.000000
15.000000 1.586184 0.537975 -1.304385 1.570796 0.400000 637.000000
15.250000 1.639497 0.681818 -2.019573 4.712389 0.400000 637.000000
15.500000 1.693692 1.000000 2.048070 4.712389 0.400000 637.000000
15.750000 1.748768 1.000000 3.442080 4.712389 0.400000 637.000000
16.000000 1.804725 0.546358 5.673264 3.141593 0.400000 637.000000
16.250000 1.861563 0.508475 8.036335 3.141593 0.400000 637.000000
16.500000 1.919282 0.500000 9.824019 3.141593 0.400000 637.000000
16.750000 1.977883 0.523256 10.924691 3.141593 0.400000 637.000000
17.000000 2.037365 0.500000 12.898477 3.141593 0.400000 637.000000
17.250000 2.097728 0.500000 14.081003 3.141593 0.400000 637.000000
17.500000 2.158972 0.500000 15.218135 3.141593 0.400000 637.000000
17.750000 2.221098 0.500000 16.170429 3.141593 0.400000 637.000000
18.000000 2.284105 0.500000 17.356679 3.141593 0.400000 637.000000
18.250000 2.347993 0.548780 18.050368 3.141593 0.400000 637.000000
18.500000 2.412762 0.576923 18.992099 3.141593 0.400000 637.000000
18.750000 2.478412 0.608108 20.048492 3.141593 0.400000 637.000000
19.000000 2.544944 0.500000 20.810480 3.141593 0.400000 637.000000
