6.000000 0.253789 0.882353 -1.607031 1.570796 0.400000 966.000000
6.250000 0.275379 0.948276 -1.639131 1.570796 0.400000 966.000000
6.500000 0.297850 0.906593 -1.682434 1.570796 0.400000 966.000000
6.750000 0.321202 0.797872 -1.683682 1.570796 0.400000 966.000000
7.000000 0.345436 0.852273 -1.707180 1.570796 0.400000 966.000000
7.250000 0.370550 0.825000 -1.631680 1.570796 0.400000 966.000000
7.500000 0.396546 0.778302 -1.570633 1.570796 0.400000 966.000000
7.750000 0.423423 0.500000 -1.115186 1.570796 0.400000 966.000000
8.000000 0.451181 0.500000 0.806885 1.570796 0.400000 966.000000
8.250000 0.479821 0.500000 1.435560 1.570796 0.400000 966.000000
8.500000 0.509341 0.500000 1.742711 1.570796 0.400000 966.000000
8.750000 0.539743 0.500000 1.828017 1.570796 0.400000 966.000000
9.000000 0.571026 0.500000 1.706854 1.570796 0.400000 966.000000
9.250000 0.603190 0.500000 1.350496 1.570796 0.400000 966.000000
9.500000 0.636236 0.500000 1.351650 1.570796 0.400000 966.000000
9.750000 0.670163 0.500000 2.582078 1.570796 0.400000 966.000000
10.000000 0.704971 0.500000 3.371972 1.570796 0.400000 966.000000
10.250000 0.740660 0.500000 3.933561 1.570796 0.400000 966.000000
10.500000 0.777230 0.500000 4.349672 1.570796 0.400000 966.000000
10.750000 0.814682 0.500000 4.628585 1.570796 0.400000 966.000000
11.000000 0.853014 0.500000 4.802991 1.570796 0.400000 966.000000
11.250000 0.892228 0.515267 4.869537 1.570796 0.400000 966.000000
11.500000 0.932324 0.515267 4.860752 1.570796 0.400000 966.000000
11.750000 0.973300 0.511364 4.770172 1.570796 0.400000 966.000000
12.000000 1.015158 0.519231 4.587348 1.570796 0.400000 966.000000
12.250000 1.057896 0.510204 4.286829 1.570796 0.400000 966.000000
12.500000 1.101516 0.500000 3.874260 1.570796 0.400000 966.000000
12.750000 1.146018 0.507812 3.300707 1.570796 0.400000 966.000000
13.000000 1.191400 0.505952 2.503799 1.570796 0.400000 966.000000
13.250000 1.237664 0.500000 1.262541 1.570796 0.400000 966.000000
13.500000 1.284809 0.486486 -3.237489 1.570796 0.400000 966.000000
13.750000 1.332835 0.466805 -1.064517 1.570796 0.400000 966.000000
14.000000 1.381742 0.494505 -1.359025 1.570796 0.400000 966.000000
14.250000 1.431531 0.450820 -1.129186 1.570796 0.400000 966.000000
14.500000 1.482201 0.443787 -1.547040 1.570796 0.400000 966.000000
14.750000 1.533752 0.420259 -1.231911 1.570796 0.400000 966.000000
15.000000 1.586184 0.521739 -1.615128 1.570796 0.400000 966.000000
15.250000 1.639497 1.000000 0.634135 4.712389 0.400000 966.000000
15.500000 1.693692 0.497238 4.405867 3.141593 0.400000 966.000000
15.750000 1.748768 0.503731 6.741756 3.141593 0.400000 966.000000
16.000000 1.804725 0.500000 8.555619 3.141593 0.400000 966.000000
16.250000 1.861563 0.495283 10.113846 3.141593 0.400000 966.000000
16.500000 1.919282 0.495868 11.027910 3.141593 0.400000 966.000000
16.750000 1.977883 0.500000 12.962996 3.141593 0.400000 966.000000
17.000000 2.037365 0.551471 14.060564 3.141593 0.400000 966.000000
17.250000 2.097728 0.500000 15.086383 3.141593 0.400000 966.000000
17.500000 2.158972 0.576923 15.934120 3.141593 0.400000 966.000000
17.750000 2.221098 0.545455 16.630283 3.141593 0.400000 966.000000
18.000000 2.284105 0.500000 17.603565 3.141593 0.400000 966.000000
18.250000 2.347993 0.548780 18.226501 3.141593 0.400000 966.000000
18.500000 2.412762 0.562500 18.877336 3.141593 0.400000 966.000000
18.750000 2.478412 0.576923 19.617353 3.141593 0.400000 966.000000
19.000000 2.544944 0.592105 20.252032 3.141593 0.400000 966.000000
