6.000000 0.253789 1.312500 -1.741517 1.570796 0.400000 324.000000
6.250000 0.275379 1.280488 -1.729767 1.570796 0.400000 324.000000
6.500000 0.297850 1.058824 -1.692197 1.570796 0.400000 324.000000
6.750000 0.321202 1.000000 -1.659620 1.570796 0.400000 324.000000
7.000000 0.345436 1.448864 -1.703957 1.570796 0.400000 324.000000
7.250000 0.370550 1.153846 -1.623548 1.570796 0.400000 324.000000
7.500000 0.396546 1.136364 -1.601964 1.570796 0.400000 324.000000
7.750000 0.423423 0.877660 -1.732138 1.570796 0.400000 324.000000
8.000000 0.451181 1.173913 -1.176691 1.570796 0.400000 324.000000
8.250000 0.479821 0.502392 -0.922859 1.570796 0.400000 324.000000
8.500000 0.509341 0.500000 1.086062 1.570796 0.400000 324.000000
8.750000 0.539743 0.509259 1.847442 1.570796 0.400000 324.000000
9.000000 0.571026 0.500000 2.288482 1.570796 0.400000 324.000000
9.250000 0.603190 0.500000 2.503339 1.570796 0.400000 324.000000
9.500000 0.636236 0.497788 2.574341 1.570796 0.400000 324.000000
9.750000 0.670163 0.500000 2.550604 1.570796 0.400000 324.000000
10.000000 0.704971 0.502392 3.094146 1.570796 0.400000 324.000000
10.250000 0.740660 0.514286 3.794916 1.570796 0.400000 324.000000
10.500000 0.777230 0.512422 4.057088 1.570796 0.400000 324.000000
10.750000 0.814682 0.509259 4.141439 1.570796 0.400000 324.000000
11.000000 0.853014 0.500000 4.112356 1.570796 0.400000 324.000000
11.250000 0.892228 0.506135 3.976583 1.570796 0.400000 324.000000
11.500000 0.932324 0.514286 3.714919 1.570796 0.400000 324.000000
11.750000 0.973300 0.500000 3.337606 1.570796 0.400000 324.000000
12.000000 1.015158 0.508475 2.757509 1.570796 0.400000 324.000000
12.250000 1.057896 0.500000 1.921770 1.570796 0.400000 324.000000
12.500000 1.101516 0.500000 0.419150 1.570796 0.400000 324.000000
12.750000 1.146018 0.500000 -0.637996 1.570796 0.400000 324.000000
13.000000 1.191400 0.497449 -1.341197 1.570796 0.400000 324.000000
13.250000 1.237664 0.621547 -1.465055 1.570796 0.400000 324.000000
13.500000 1.284809 0.544041 -1.364201 1.570796 0.400000 324.000000
13.750000 1.332835 0.500000 -1.331540 1.570796 0.400000 324.000000
14.000000 1.381742 0.463918 -1.582722 1.570796 0.400000 324.000000
14.250000 1.431531 0.633333 -1.051818 1.570796 0.400000 324.000000
14.500000 1.482201 0.650510 -1.584545 1.570796 0.400000 324.000000
14.750000 1.533752 0.691748 -1.342690 1.570796 0.400000 324.000000
15.000000 1.586184 0.636161 -1.471556 1.570796 0.400000 324.000000
15.250000 1.639497 0.875000 -1.409113 1.570796 0.400000 324.000000
15.500000 1.693692 1.000000 1.680061 4.712389 0.400000 324.000000
15.750000 1.748768 0.496988 4.668645 3.141593 0.400000 324.000000
16.000000 1.804725 0.500000 7.161336 3.141593 0.400000 324.000000
16.250000 1.861563 0.514706 9.177894 3.141593 0.400000 324.000000
16.500000 1.919282 0.519802 10.947995 3.141593 0.400000 324.000000
16.750000 1.977883 0.525000 12.364998 3.141593 0.400000 324.000000
17.000000 2.037365 0.523256 12.982101 3.141593 0.400000 324.000000
17.250000 2.097728 0.535714 14.440799 3.141593 0.400000 324.000000
17.500000 2.158972 0.500000 15.652669 3.141593 0.400000 324.000000
17.750000 2.221098 0.500000 16.558057 3.141593 0.400000 324.000000
18.000000 2.284105 0.555556 17.391329 3.141593 0.400000 324.000000
18.250000 2.347993 0.500000 18.423685 3.141593 0.400000 324.000000
18.500000 2.412762 0.548780 19.019564 3.141593 0.400000 324.000000
18.750000 2.478412 0.576923 19.833385 3.141593 0.400000 324.000000
19.000000 2.544944 0.592105 20.570283 3.141593 0.400000 324.000000
