6.500000 0.000000 0.840000 -0.225216 1.570796 0.400000 781.000000
6.500000 0.016365 0.877660 -0.426681 1.570796 0.400000 781.000000
6.500000 0.032731 0.907258 -0.222617 1.570796 0.400000 781.000000
6.500000 0.049096 0.799180 0.039998 1.570796 0.400000 781.000000
6.500000 0.065462 0.733083 0.025974 1.570796 0.400000 781.000000
6.500000 0.081827 0.833333 -0.177762 1.570796 0.400000 781.000000
6.500000 0.098192 0.947368 -0.374736 1.570796 0.400000 781.000000
6.500000 0.114558 0.786290 -0.125411 1.570796 0.400000 781.000000
6.500000 0.130923 1.071429 -0.272135 1.570796 0.400000 781.000000
6.500000 0.147288 0.878378 -0.016009 1.570796 0.400000 781.000000
6.500000 0.163654 0.947368 -0.521026 1.570796 0.400000 781.000000
6.500000 0.180019 1.473214 0.025695 1.570796 0.400000 781.000000
6.500000 0.196385 0.946602 -0.088518 1.570796 0.400000 781.000000
6.500000 0.212750 0.989583 -0.235800 1.570796 0.400000 781.000000
6.500000 0.229115 0.855263 -0.288275 1.570796 0.400000 781.000000
6.500000 0.245481 0.897436 -0.293703 1.570796 0.400000 781.000000
6.500000 0.261846 1.039604 -0.038529 1.570796 0.400000 781.000000
6.500000 0.278212 1.217532 -0.061909 1.570796 0.400000 781.000000
6.500000 0.294577 0.847826 -0.365287 1.570796 0.400000 781.000000
6.500000 0.310942 0.873786 -0.360013 1.570796 0.400000 781.000000
6.500000 0.327308 0.819328 -0.000415 1.570796 0.400000 781.000000
6.500000 0.343673 2.607527 0.056436 1.570796 0.400000 781.000000
6.500000 0.360039 0.990566 0.192983 1.570796 0.400000 781.000000
6.500000 0.376404 0.989011 -0.319701 1.570796 0.400000 781.000000
6.500000 0.392769 0.873786 -0.152246 1.570796 0.400000 781.000000
6.500000 0.409135 0.882353 -0.458461 1.570796 0.400000 781.000000
6.500000 0.425500 0.978261 -0.311817 1.570796 0.400000 781.000000
6.500000 0.441865 0.862832 -0.020646 1.570796 0.400000 781.000000
6.500000 0.458231 1.515957 -0.074256 1.570796 0.400000 781.000000
6.500000 0.474596 0.961538 -0.021718 1.570796 0.400000 781.000000
6.500000 0.490962 0.902778 -0.169636 1.570796 0.400000 781.000000
6.500000 0.507327 1.000000 -0.360989 1.570796 0.400000 781.000000
6.500000 0.523692 0.945378 -0.292735 1.570796 0.400000 781.000000
6.500000 0.540058 0.907258 -0.473887 1.570796 0.400000 781.000000
6.500000 0.556423 1.009615 0.092538 1.570796 0.400000 781.000000
6.500000 0.572789 0.923913 0.018826 1.570796 0.400000 781.000000
6.500000 0.589154 1.025641 -0.352910 1.570796 0.400000 781.000000
6.500000 0.605519 1.011236 -0.282349 1.570796 0.400000 781.000000
6.500000 0.621885 0.911215 -0.648642 1.570796 0.400000 781.000000
6.500000 0.638250 1.051402 -0.405283 1.570796 0.400000 781.000000
6.500000 0.654616 1.330645 -0.095209 1.570796 0.400000 781.000000
6.500000 0.670981 1.134454 -0.009111 1.570796 0.400000 781.000000
6.500000 0.687346 1.128319 0.001074 1.570796 0.400000 781.000000
6.500000 0.703712 1.260504 -0.136235 1.570796 0.400000 781.000000
6.500000 0.720077 1.287313 -0.237318 1.570796 0.400000 781.000000
6.500000 0.736442 1.260504 -0.147242 1.570796 0.400000 781.000000
6.500000 0.752808 1.590909 -0.064274 1.570796 0.400000 781.000000
6.500000 0.769173 1.455224 -0.056344 1.570796 0.400000 781.000000
6.500000 0.785539 1.433824 -0.143789 1.570796 0.400000 781.000000
6.500000 0.801904 1.583333 0.071898 1.570796 0.400000 781.000000
6.500000 0.818269 1.500000 -0.103130 1.570796 0.400000 781.000000
6.500000 0.834635 1.512097 -0.147167 1.570796 0.400000 781.000000
6.500000 0.851000 1.500000 -0.054829 1.570796 0.400000 781.000000
