15.250000 0.000000 0.622530 -0.303438 1.570796 0.400000 781.000000
15.250000 0.090082 0.756579 -0.726425 1.570796 0.400000 781.000000
15.250000 0.180165 0.647059 -0.200200 1.570796 0.400000 781.000000
15.250000 0.270247 0.670927 -0.328478 1.570796 0.400000 781.000000
15.250000 0.360329 0.672043 -0.428828 1.570796 0.400000 781.000000
15.250000 0.450411 0.563241 -0.177450 1.570796 0.400000 781.000000
15.250000 0.540494 0.672646 -0.611287 1.570796 0.400000 781.000000
15.250000 0.630576 0.744681 -0.091634 1.570796 0.400000 781.000000
15.250000 0.720658 0.691882 -0.240678 1.570796 0.400000 781.000000
15.250000 0.810740 0.696429 -0.188088 1.570796 0.400000 781.000000
15.250000 0.900823 0.630531 -0.338078 1.570796 0.400000 781.000000
15.250000 0.990905 0.701439 -0.214093 1.570796 0.400000 781.000000
15.250000 1.080987 0.771277 -0.307619 1.570796 0.400000 781.000000
15.250000 1.171069 0.743243 -0.370241 1.570796 0.400000 781.000000
15.250000 1.261152 0.791925 -0.085968 1.570796 0.400000 781.000000
15.250000 1.351234 0.877016 -0.593952 1.570796 0.400000 781.000000
15.250000 1.441316 0.977199 -0.223295 1.570796 0.400000 781.000000
15.250000 1.531398 1.000000 -0.186037 4.712389 0.400000 781.000000
15.250000 1.621481 0.606936 2.069945 3.141593 0.400000 781.000000
15.250000 1.711563 0.698529 3.566807 3.141593 0.400000 781.000000
15.250000 1.801645 0.916667 3.830658 3.141593 0.400000 781.000000
15.250000 1.891727 0.882353 5.144786 3.141593 0.400000 781.000000
15.250000 1.981810 0.707547 6.988266 3.141593 0.400000 781.000000
15.250000 2.071892 0.659341 8.110351 3.141593 0.400000 781.000000
15.250000 2.161974 0.632530 9.473520 3.141593 0.400000 781.000000
15.250000 2.252057 0.625000 10.576317 3.141593 0.400000 781.000000
15.250000 2.342139 0.559701 11.540883 3.141593 0.400000 781.000000
15.250000 2.432221 0.508475 12.431537 3.141593 0.400000 781.000000
15.250000 2.522303 0.500000 13.664725 3.141593 0.400000 781.000000
15.250000 2.612386 0.535714 14.321056 3.141593 0.400000 781.000000
15.250000 2.702468 0.500000 15.361795 3.141593 0.400000 781.000000
15.250000 2.792550 0.523256 16.117997 3.141593 0.400000 781.000000
15.250000 2.882632 0.548780 16.951709 3.141593 0.400000 781.000000
15.250000 2.972715 0.500000 18.388189 3.141593 0.400000 781.000000
15.250000 3.062797 0.500000 19.159184 3.141593 0.400000 781.000000
15.250000 3.152879 0.555556 19.118085 3.141593 0.400000 781.000000
15.250000 3.242961 0.576923 19.739727 3.141593 0.400000 781.000000
15.250000 3.333044 0.600000 20.440000 3.141593 0.400000 781.000000
15.250000 3.423126 0.500000 21.050960 3.141593 0.400000 781.000000
15.250000 3.513208 0.535714 21.585973 3.141593 0.400000 781.000000
15.250000 3.603290 0.555556 22.055728 3.141593 0.400000 781.000000
15.250000 3.693373 0.576923 22.122804 3.141593 0.400000 781.000000
15.250000 3.783455 0.576923 22.653618 3.141593 0.400000 781.000000
15.250000 3.873537 0.600000 22.969628 3.141593 0.400000 781.000000
15.250000 3.963619 1.000000 26.128831 3.141593 0.400000 781.000000
15.250000 4.053702 1.000000 26.418841 3.141593 0.400000 781.000000
15.250000 4.143784 1.000000 25.148246 3.141593 0.400000 781.000000
15.250000 4.233866 0.652174 25.276862 3.141593 0.400000 781.000000
15.250000 4.323949 1.022727 24.180544 3.141593 0.400000 781.000000
15.250000 4.414031 1.071429 24.036954 4.712389 0.400000 781.000000
15.250000 4.504113 1.125000 23.761127 4.712389 0.400000 781.000000
15.250000 4.594195 1.125000 24.417114 4.712389 0.400000 781.000000
15.250000 4.684278 1.000000 27.221156 4.712389 0.400000 781.000000
