10.750000 0.000000 1.184211 -2.202980 1.570796 0.400000 781.000000
10.750000 0.044763 0.754717 -0.712547 1.570796 0.400000 781.000000
10.750000 0.089525 0.759494 -0.291739 1.570796 0.400000 781.000000
10.750000 0.134288 0.685976 -0.236507 1.570796 0.400000 781.000000
10.750000 0.179051 0.709459 -1.131510 1.570796 0.400000 781.000000
10.750000 0.223814 1.015038 -1.083420 1.570796 0.400000 781.000000
10.750000 0.268576 0.765306 -0.242685 1.570796 0.400000 781.000000
10.750000 0.313339 0.770548 -0.474096 1.570796 0.400000 781.000000
10.750000 0.358102 0.592105 -0.472778 1.570796 0.400000 781.000000
10.750000 0.402865 0.706522 -1.052374 1.570796 0.400000 781.000000
10.750000 0.447627 0.592105 -1.149669 1.570796 0.400000 781.000000
10.750000 0.492390 0.654362 -0.357507 1.570796 0.400000 781.000000
10.750000 0.537153 2.657967 -0.067125 1.570796 0.400000 781.000000
10.750000 0.581915 0.615385 -0.202575 1.570796 0.400000 781.000000
10.750000 0.626678 0.531915 -1.418431 1.570796 0.400000 781.000000
10.750000 0.671441 0.549738 -0.488986 1.570796 0.400000 781.000000
10.750000 0.716204 0.500000 -0.162412 1.570796 0.400000 781.000000
10.750000 0.760966 0.500000 0.632435 1.570796 0.400000 781.000000
10.750000 0.805729 0.500000 1.238383 1.570796 0.400000 781.000000
10.750000 0.850492 0.500000 1.740417 1.570796 0.400000 781.000000
10.750000 0.895254 0.500000 2.181505 1.570796 0.400000 781.000000
10.750000 0.940017 0.500000 2.593640 1.570796 0.400000 781.000000
10.750000 0.984780 0.513158 2.961343 1.570796 0.400000 781.000000
10.750000 1.029543 0.509259 3.336178 1.570796 0.400000 781.000000
10.750000 1.074305 0.517241 3.679714 1.570796 0.400000 781.000000
10.750000 1.119068 0.515267 4.015469 1.570796 0.400000 781.000000
10.750000 1.163831 0.500000 4.373156 1.570796 0.400000 781.000000
10.750000 1.208594 0.500000 4.655492 1.570796 0.400000 781.000000
10.750000 1.253356 0.500000 5.004501 1.570796 0.400000 781.000000
10.750000 1.298119 0.500000 5.273810 1.570796 0.400000 781.000000
10.750000 1.342882 0.500000 5.628616 1.570796 0.400000 781.000000
10.750000 1.387644 0.535714 5.853979 1.570796 0.400000 781.000000
10.750000 1.432407 0.523256 6.122042 1.570796 0.400000 781.000000
10.750000 1.477170 0.542169 6.380892 1.570796 0.400000 781.000000
10.750000 1.521933 0.528169 6.717204 1.570796 0.400000 781.000000
10.750000 1.566695 0.543478 6.976794 1.570796 0.400000 781.000000
10.750000 1.611458 0.520833 7.219340 1.570796 0.400000 781.000000
10.750000 1.656221 0.535714 7.458181 1.570796 0.400000 781.000000
10.750000 1.700984 0.500000 7.878190 1.570796 0.400000 781.000000
10.750000 1.745746 0.535714 8.070450 1.570796 0.400000 781.000000
10.750000 1.790509 0.555556 8.299576 1.570796 0.400000 781.000000
10.750000 1.835272 0.500000 8.571075 1.570796 0.400000 781.000000
10.750000 1.880034 0.535714 8.702177 1.570796 0.400000 781.000000
10.750000 1.924797 0.545455 8.952359 1.570796 0.400000 781.000000
10.750000 1.969560 0.566038 9.240229 1.570796 0.400000 781.000000
10.750000 2.014323 0.500000 9.735217 1.570796 0.400000 781.000000
10.750000 2.059085 0.548780 9.842196 1.570796 0.400000 781.000000
10.750000 2.103848 0.562500 10.047875 1.570796 0.400000 781.000000
10.750000 2.148611 0.576923 10.283566 1.570796 0.400000 781.000000
10.750000 2.193374 0.500000 10.575054 1.570796 0.400000 781.000000
10.750000 2.238136 0.500000 10.787360 1.570796 0.400000 781.000000
10.750000 2.282899 0.535714 10.813496 1.570796 0.400000 781.000000
10.750000 2.327662 0.548780 11.017185 1.570796 0.400000 781.000000
