6.000000 0.000000 0.847826 -0.223257 1.570796 0.400000 781.000000
6.000000 0.013944 1.317568 -0.022916 1.570796 0.400000 781.000000
6.000000 0.027889 1.133094 -0.248019 1.570796 0.400000 781.000000
6.000000 0.041833 0.960000 -0.109372 1.570796 0.400000 781.000000
6.000000 0.055778 0.928571 -0.257734 1.570796 0.400000 781.000000
6.000000 0.069722 1.071429 -0.008899 1.570796 0.400000 781.000000
6.000000 0.083667 1.130952 -0.186819 1.570796 0.400000 781.000000
6.000000 0.097611 0.983607 -0.336293 1.570796 0.400000 781.000000
6.000000 0.111556 0.995575 -0.415226 1.570796 0.400000 781.000000
6.000000 0.125500 1.062992 -0.040954 1.570796 0.400000 781.000000
6.000000 0.139445 1.597633 -0.028760 1.570796 0.400000 781.000000
6.000000 0.153389 1.688742 -0.041378 1.570796 0.400000 781.000000
6.000000 0.167334 1.346154 -0.130588 1.570796 0.400000 781.000000
6.000000 0.181278 1.339286 -0.101262 1.570796 0.400000 781.000000
6.000000 0.195223 2.631215 -0.047149 1.570796 0.400000 781.000000
6.000000 0.209167 0.841121 -0.052964 1.570796 0.400000 781.000000
6.000000 0.223112 0.857143 -0.467857 1.570796 0.400000 781.000000
6.000000 0.237056 1.004464 -0.168924 1.570796 0.400000 781.000000
6.000000 0.251001 1.875000 -0.085367 1.570796 0.400000 781.000000
6.000000 0.264945 1.323529 0.014477 1.570796 0.400000 781.000000
6.000000 0.278889 0.981308 -0.049419 1.570796 0.400000 781.000000
6.000000 0.292834 0.946602 -0.160236 1.570796 0.400000 781.000000
6.000000 0.306778 1.052632 -0.060199 1.570796 0.400000 781.000000
6.000000 0.320723 1.903553 0.005094 1.570796 0.400000 781.000000
6.000000 0.334667 0.850515 -0.073834 1.570796 0.400000 781.000000
6.000000 0.348612 0.849057 -0.409946 1.570796 0.400000 781.000000
6.000000 0.362556 1.363636 0.169812 1.570796 0.400000 781.000000
6.000000 0.376501 1.051402 -0.115271 1.570796 0.400000 781.000000
6.000000 0.390445 1.277778 0.098481 1.570796 0.400000 781.000000
6.000000 0.404390 1.093750 -0.178694 1.570796 0.400000 781.000000
6.000000 0.418334 1.753247 -0.214125 1.570796 0.400000 781.000000
6.000000 0.432279 1.016949 -0.064839 1.570796 0.400000 781.000000
6.000000 0.446223 0.911215 -0.304083 1.570796 0.400000 781.000000
6.000000 0.460168 0.849057 0.046182 1.570796 0.400000 781.000000
6.000000 0.474112 1.463415 -0.014760 1.570796 0.400000 781.000000
6.000000 0.488057 1.003937 -0.177817 1.570796 0.400000 781.000000
6.000000 0.502001 1.028226 -0.458332 1.570796 0.400000 781.000000
6.000000 0.515945 1.000000 -0.297345 1.570796 0.400000 781.000000
6.000000 0.529890 1.770186 -0.107386 1.570796 0.400000 781.000000
6.000000 0.543834 1.118421 0.260587 1.570796 0.400000 781.000000
6.000000 0.557779 1.284247 0.173055 1.570796 0.400000 781.000000
6.000000 0.571723 1.461039 -0.038328 1.570796 0.400000 781.000000
6.000000 0.585668 1.000000 -0.259985 1.570796 0.400000 781.000000
6.000000 0.599612 1.054688 -0.082550 1.570796 0.400000 781.000000
6.000000 0.613557 1.581325 -0.006432 1.570796 0.400000 781.000000
6.000000 0.627501 1.046512 -0.303520 1.570796 0.400000 781.000000
6.000000 0.641446 1.396552 -0.098421 1.570796 0.400000 781.000000
6.000000 0.655390 1.105263 -0.493613 1.570796 0.400000 781.000000
6.000000 0.669335 1.347656 -0.144515 1.570796 0.400000 781.000000
6.000000 0.683279 1.237113 -0.402577 1.570796 0.400000 781.000000
6.000000 0.697224 0.847826 -0.176939 1.570796 0.400000 781.000000
6.000000 0.711168 0.833333 -0.313475 1.570796 0.400000 781.000000
6.000000 0.725113 0.894495 -0.217624 1.570796 0.400000 781.000000
