18.250000 0.000000 0.550193 -0.679213 1.570796 0.400000 781.000000
18.250000 0.129011 0.606383 -0.644339 1.570796 0.400000 781.000000
18.250000 0.258021 0.465517 -0.557410 1.570796 0.400000 781.000000
18.250000 0.387032 0.529740 -0.476419 1.570796 0.400000 781.000000
18.250000 0.516042 0.449527 -0.536458 1.570796 0.400000 781.000000
18.250000 0.645053 0.500000 1.891746 3.141593 0.400000 781.000000
18.250000 0.774063 0.500000 3.716413 3.141593 0.400000 781.000000
18.250000 0.903074 0.508475 5.236680 3.141593 0.400000 781.000000
18.250000 1.032085 0.510471 6.507575 3.141593 0.400000 781.000000
18.250000 1.161095 0.500000 6.705233 3.141593 0.400000 781.000000
18.250000 1.290106 0.500000 8.530253 3.141593 0.400000 781.000000
18.250000 1.419116 0.500000 10.287644 3.141593 0.400000 781.000000
18.250000 1.548127 0.514706 11.600419 3.141593 0.400000 781.000000
18.250000 1.677138 0.500000 12.743486 3.141593 0.400000 781.000000
18.250000 1.806148 0.528169 13.877084 3.141593 0.400000 781.000000
18.250000 1.935159 0.535714 14.945270 3.141593 0.400000 781.000000
18.250000 2.064169 0.535714 16.035471 3.141593 0.400000 781.000000
18.250000 2.193180 0.517241 17.118516 3.141593 0.400000 781.000000
18.250000 2.322190 0.500000 18.335119 3.141593 0.400000 781.000000
18.250000 2.451201 0.562500 19.127014 3.141593 0.400000 781.000000
18.250000 2.580212 0.500000 20.250716 3.141593 0.400000 781.000000
18.250000 2.709222 0.548780 20.990015 3.141593 0.400000 781.000000
18.250000 2.838233 0.592105 21.911675 3.141593 0.400000 781.000000
18.250000 2.967243 0.500000 23.406295 3.141593 0.400000 781.000000
18.250000 3.096254 0.576923 23.985060 3.141593 0.400000 781.000000
18.250000 3.225264 0.625000 24.730248 3.141593 0.400000 781.000000
18.250000 3.354275 0.500000 25.836409 3.141593 0.400000 781.000000
18.250000 3.483286 0.500000 26.280822 3.141593 0.400000 781.000000
18.250000 3.612296 0.576923 26.665590 3.141593 0.400000 781.000000
18.250000 3.741307 0.600000 27.414564 3.141593 0.400000 781.000000
18.250000 3.870317 0.625000 27.983653 3.141593 0.400000 781.000000
18.250000 3.999328 0.652174 29.198182 3.141593 0.400000 781.000000
18.250000 4.128339 1.000000 32.008960 3.141593 0.400000 781.000000
18.250000 4.257349 1.000000 32.845707 3.141593 0.400000 781.000000
18.250000 4.386360 1.000000 32.549724 3.141593 0.400000 781.000000
18.250000 4.515370 1.000000 32.090859 3.141593 0.400000 781.000000
18.250000 4.644381 1.000000 32.760800 3.141593 0.400000 781.000000
18.250000 4.773391 1.000000 32.611941 3.141593 0.400000 781.000000
18.250000 4.902402 1.000000 33.219362 3.141593 0.400000 781.000000
18.250000 5.031413 1.000000 33.245519 3.141593 0.400000 781.000000
18.250000 5.160423 1.000000 33.797316 3.141593 0.400000 781.000000
18.250000 5.289434 1.000000 34.282203 3.141593 0.400000 781.000000
18.250000 5.418444 1.000000 34.755007 3.141593 0.400000 781.000000
18.250000 5.547455 0.681818 35.209327 3.141593 0.400000 781.000000
18.250000 5.676465 1.000000 35.882920 3.141593 0.400000 781.000000
18.250000 5.805476 1.000000 36.155250 3.141593 0.400000 781.000000
18.250000 5.934487 1.000000 36.340991 3.141593 0.400000 781.000000
18.250000 6.063497 1.000000 35.220986 3.141593 0.400000 781.000000
18.250000 6.192508 1.000000 34.434029 3.141593 0.400000 781.000000
18.250000 6.321518 1.000000 34.214755 3.141593 0.400000 781.000000
18.250000 6.450529 1.000000 33.573089 3.141593 0.400000 781.000000
18.250000 6.579540 1.000000 33.373855 3.141593 0.400000 781.000000
18.250000 6.708550 1.000000 33.193417 3.141593 0.400000 781.000000
