11.500000 0.000000 1.012270 0.038268 1.570796 0.400000 781.000000
11.500000 0.051227 0.754438 -0.505913 1.570796 0.400000 781.000000
11.500000 0.102453 0.789474 -0.614106 1.570796 0.400000 781.000000
11.500000 0.153680 0.806452 -0.057939 1.570796 0.400000 781.000000
11.500000 0.204906 0.706806 -0.249703 1.570796 0.400000 781.000000
11.500000 0.256133 0.838235 -0.310615 1.570796 0.400000 781.000000
11.500000 0.307359 0.697674 -0.200762 1.570796 0.400000 781.000000
11.500000 0.358586 0.829493 0.007118 1.570796 0.400000 781.000000
11.500000 0.409813 0.797872 -0.269109 1.570796 0.400000 781.000000
11.500000 0.461039 0.806452 -0.209643 1.570796 0.400000 781.000000
11.500000 0.512266 0.660622 -0.299925 1.570796 0.400000 781.000000
11.500000 0.563492 0.689189 -0.097305 1.570796 0.400000 781.000000
11.500000 0.614719 0.652174 -0.026101 1.570796 0.400000 781.000000
11.500000 0.665945 0.855263 0.024806 1.570796 0.400000 781.000000
11.500000 0.717172 0.576923 -0.053713 1.570796 0.400000 781.000000
11.500000 0.768399 0.703125 -0.342916 1.570796 0.400000 781.000000
11.500000 0.819625 0.538922 -0.181917 1.570796 0.400000 781.000000
11.500000 0.870852 0.494505 -0.592621 1.570796 0.400000 781.000000
11.500000 0.922078 0.589005 -0.290977 1.570796 0.400000 781.000000
11.500000 0.973305 0.548780 -0.430733 1.570796 0.400000 781.000000
11.500000 1.024531 0.552632 -0.613576 1.570796 0.400000 781.000000
11.500000 1.075758 0.818182 -0.110329 1.570796 0.400000 781.000000
11.500000 1.126985 0.500000 -0.265075 1.570796 0.400000 781.000000
11.500000 1.178211 0.500000 0.939784 1.570796 0.400000 781.000000
11.500000 1.229438 0.504808 1.758827 1.570796 0.400000 781.000000
11.500000 1.280664 0.506757 2.414847 1.570796 0.400000 781.000000
11.500000 1.331891 0.500000 2.997143 1.570796 0.400000 781.000000
11.500000 1.383117 0.512422 3.485688 1.570796 0.400000 781.000000
11.500000 1.434344 0.511364 3.974414 1.570796 0.400000 781.000000
11.500000 1.485570 0.500000 4.442822 1.570796 0.400000 781.000000
11.500000 1.536797 0.521739 4.810883 1.570796 0.400000 781.000000
11.500000 1.588024 0.530303 5.238095 1.570796 0.400000 781.000000
11.500000 1.639250 0.530303 5.608854 1.570796 0.400000 781.000000
11.500000 1.690477 0.535714 6.005670 1.570796 0.400000 781.000000
11.500000 1.741703 0.529412 6.322294 1.570796 0.400000 781.000000
11.500000 1.792930 0.500000 6.826760 1.570796 0.400000 781.000000
11.500000 1.844156 0.543478 7.079641 1.570796 0.400000 781.000000
11.500000 1.895383 0.528169 7.372383 1.570796 0.400000 781.000000
11.500000 1.946610 0.543478 7.687735 1.570796 0.400000 781.000000
11.500000 1.997836 0.526316 8.159299 1.570796 0.400000 781.000000
11.500000 2.049063 0.545455 8.436636 1.570796 0.400000 781.000000
11.500000 2.100289 0.500000 8.805404 1.570796 0.400000 781.000000
11.500000 2.151516 0.535714 8.874456 1.570796 0.400000 781.000000
11.500000 2.202742 0.555556 9.210177 1.570796 0.400000 781.000000
11.500000 2.253969 0.566038 9.492506 1.570796 0.400000 781.000000
11.500000 2.305196 0.500000 10.126792 1.570796 0.400000 781.000000
11.500000 2.356422 0.548780 10.313589 1.570796 0.400000 781.000000
11.500000 2.407649 0.576923 10.516701 1.570796 0.400000 781.000000
11.500000 2.458875 0.566038 10.787792 1.570796 0.400000 781.000000
11.500000 2.510102 0.500000 11.127666 1.570796 0.400000 781.000000
11.500000 2.561328 0.535714 11.284381 1.570796 0.400000 781.000000
11.500000 2.612555 0.562500 11.370321 1.570796 0.400000 781.000000
11.500000 2.663782 0.562500 11.646547 1.570796 0.400000 781.000000
