18.500000 0.000000 0.541825 -0.792936 1.570796 0.400000 781.000000
18.500000 0.132569 0.574818 -0.538262 1.570796 0.400000 781.000000
18.500000 0.265139 0.535714 -0.690151 1.570796 0.400000 781.000000
18.500000 0.397708 0.652174 -0.628103 1.570796 0.400000 781.000000
18.500000 0.530277 0.500000 1.069950 3.141593 0.400000 781.000000
18.500000 0.662847 0.500000 3.025954 3.141593 0.400000 781.000000
18.500000 0.795416 0.508929 4.569118 3.141593 0.400000 781.000000
18.500000 0.927985 0.500000 5.913968 3.141593 0.400000 781.000000
18.500000 1.060555 0.507246 6.469123 3.141593 0.400000 781.000000
18.500000 1.193124 0.509259 7.814697 3.141593 0.400000 781.000000
18.500000 1.325693 0.500000 9.661243 3.141593 0.400000 781.000000
18.500000 1.458263 0.500000 11.045093 3.141593 0.400000 781.000000
18.500000 1.590832 0.500000 12.257447 3.141593 0.400000 781.000000
18.500000 1.723401 0.529412 13.340071 3.141593 0.400000 781.000000
18.500000 1.855971 0.551471 14.548537 3.141593 0.400000 781.000000
18.500000 1.988540 0.551471 15.587287 3.141593 0.400000 781.000000
18.500000 2.121109 0.555556 16.676340 3.141593 0.400000 781.000000
18.500000 2.253679 0.545455 17.677173 3.141593 0.400000 781.000000
18.500000 2.386248 0.500000 19.032197 3.141593 0.400000 781.000000
18.500000 2.518817 0.562500 19.831356 3.141593 0.400000 781.000000
18.500000 2.651386 0.500000 20.953516 3.141593 0.400000 781.000000
18.500000 2.783956 0.562500 21.618447 3.141593 0.400000 781.000000
18.500000 2.916525 0.608108 22.682148 3.141593 0.400000 781.000000
18.500000 3.049094 0.500000 24.177331 3.141593 0.400000 781.000000
18.500000 3.181664 0.576923 24.766573 3.141593 0.400000 781.000000
18.500000 3.314233 0.625000 25.541700 3.141593 0.400000 781.000000
18.500000 3.446802 0.500000 26.659860 3.141593 0.400000 781.000000
18.500000 3.579372 0.500000 27.108007 3.141593 0.400000 781.000000
18.500000 3.711941 0.576923 27.459224 3.141593 0.400000 781.000000
18.500000 3.844510 0.600000 28.219545 3.141593 0.400000 781.000000
18.500000 3.977080 0.625000 28.765627 3.141593 0.400000 781.000000
18.500000 4.109649 0.652174 29.968998 3.141593 0.400000 781.000000
18.500000 4.242218 1.000000 32.891118 3.141593 0.400000 781.000000
18.500000 4.374788 1.000000 33.708613 3.141593 0.400000 781.000000
18.500000 4.507357 1.000000 34.122016 3.141593 0.400000 781.000000
18.500000 4.639926 1.000000 34.234768 3.141593 0.400000 781.000000
18.500000 4.772496 1.000000 33.726075 3.141593 0.400000 781.000000
18.500000 4.905065 1.000000 33.616738 3.141593 0.400000 781.000000
18.500000 5.037634 1.000000 34.290254 3.141593 0.400000 781.000000
18.500000 5.170204 1.000000 34.333748 3.141593 0.400000 781.000000
18.500000 5.302773 1.000000 34.978212 3.141593 0.400000 781.000000
18.500000 5.435342 1.000000 35.574594 3.141593 0.400000 781.000000
18.500000 5.567912 1.000000 36.143560 3.141593 0.400000 781.000000
18.500000 5.700481 0.681818 36.646228 3.141593 0.400000 781.000000
18.500000 5.833050 1.000000 37.773002 3.141593 0.400000 781.000000
18.500000 5.965620 1.000000 37.898271 3.141593 0.400000 781.000000
18.500000 6.098189 1.000000 38.158701 3.141593 0.400000 781.000000
18.500000 6.230758 1.000000 37.107203 3.141593 0.400000 781.000000
18.500000 6.363328 1.000000 36.269514 3.141593 0.400000 781.000000
18.500000 6.495897 1.000000 36.042336 3.141593 0.400000 781.000000
18.500000 6.628466 1.000000 35.306530 3.141593 0.400000 781.000000
18.500000 6.761036 1.000000 35.090598 3.141593 0.400000 781.000000
18.500000 6.893605 1.000000 34.895542 3.141593 0.400000 781.000000
