13.500000 0.000000 0.937500 -1.314526 1.570796 0.400000 781.000000
13.500000 0.070594 0.728571 -0.854985 1.570796 0.400000 781.000000
13.500000 0.141188 0.728571 -0.793426 1.570796 0.400000 781.000000
13.500000 0.211782 0.913462 -0.513129 1.570796 0.400000 781.000000
13.500000 0.282376 0.667539 -0.687061 1.570796 0.400000 781.000000
13.500000 0.352969 0.780347 -0.423769 1.570796 0.400000 781.000000
13.500000 0.423563 0.780347 -0.502413 1.570796 0.400000 781.000000
13.500000 0.494157 0.681818 -0.475150 1.570796 0.400000 781.000000
13.500000 0.564751 0.637500 -0.428514 1.570796 0.400000 781.000000
13.500000 0.635345 0.978261 -0.778875 1.570796 0.400000 781.000000
13.500000 0.705939 0.867052 -0.724684 1.570796 0.400000 781.000000
13.500000 0.776533 0.775862 -0.668804 1.570796 0.400000 781.000000
13.500000 0.847127 0.678191 -0.819802 1.570796 0.400000 781.000000
13.500000 0.917721 0.641892 -0.179061 1.570796 0.400000 781.000000
13.500000 0.988314 0.600000 -0.567255 1.570796 0.400000 781.000000
13.500000 1.058908 0.618557 -0.526725 1.570796 0.400000 781.000000
13.500000 1.129502 0.731707 -0.978852 1.570796 0.400000 781.000000
13.500000 1.200096 0.750000 -1.087780 1.570796 0.400000 781.000000
13.500000 1.270690 0.625000 -1.883045 1.570796 0.400000 781.000000
13.500000 1.341284 0.565327 -0.216139 1.570796 0.400000 781.000000
13.500000 1.411878 0.609137 -0.585824 1.570796 0.400000 781.000000
13.500000 1.482472 0.625000 -0.920195 1.570796 0.400000 781.000000
13.500000 1.553066 0.518617 -0.601261 1.570796 0.400000 781.000000
13.500000 1.623660 0.554187 -0.576983 1.570796 0.400000 781.000000
13.500000 1.694253 0.552632 -0.565494 1.570796 0.400000 781.000000
13.500000 1.764847 0.479452 -0.425315 1.570796 0.400000 781.000000
13.500000 1.835441 0.573770 -0.801888 1.570796 0.400000 781.000000
13.500000 1.906035 0.497449 -0.682035 1.570796 0.400000 781.000000
13.500000 1.976629 0.462085 -0.611449 1.570796 0.400000 781.000000
13.500000 2.047223 0.555556 -0.757794 1.570796 0.400000 781.000000
13.500000 2.117817 0.514706 -0.602948 1.570796 0.400000 781.000000
13.500000 2.188411 0.462963 -0.421319 1.570796 0.400000 781.000000
13.500000 2.259005 0.516194 -0.660909 1.570796 0.400000 781.000000
13.500000 2.329598 0.494505 -0.431964 1.570796 0.400000 781.000000
13.500000 2.400192 0.998294 2.205931 3.141593 0.400000 781.000000
13.500000 2.470786 0.914634 3.761983 3.141593 0.400000 781.000000
13.500000 2.541380 0.882353 4.827605 3.141593 0.400000 781.000000
13.500000 2.611974 0.636792 5.381543 3.141593 0.400000 781.000000
13.500000 2.682568 0.833333 6.167216 3.141593 0.400000 781.000000
13.500000 2.753162 1.000000 7.107436 4.712389 0.400000 781.000000
13.500000 2.823756 1.000000 8.255736 4.712389 0.400000 781.000000
13.500000 2.894350 1.000000 9.043869 4.712389 0.400000 781.000000
13.500000 2.964943 1.000000 10.236498 4.712389 0.400000 781.000000
13.500000 3.035537 1.000000 11.164740 4.712389 0.400000 781.000000
13.500000 3.106131 1.000000 11.675491 4.712389 0.400000 781.000000
13.500000 3.176725 1.046512 12.589342 4.712389 0.400000 781.000000
13.500000 3.247319 1.000000 14.015569 4.712389 0.400000 781.000000
13.500000 3.317913 1.000000 14.804042 4.712389 0.400000 781.000000
13.500000 3.388507 1.000000 15.264792 4.712389 0.400000 781.000000
13.500000 3.459101 0.986842 15.328467 4.712389 0.400000 781.000000
13.500000 3.529695 1.013514 15.774846 4.712389 0.400000 781.000000
13.500000 3.600288 1.013514 16.228923 4.712389 0.400000 781.000000
13.500000 3.670882 0.750000 16.486127 4.712389 0.400000 781.000000
