10.500000 0.000000 0.712291 -0.228161 1.570796 0.400000 781.000000
10.500000 0.042705 0.741279 -0.241396 1.570796 0.400000 781.000000
10.500000 0.085410 0.882353 -0.233491 1.570796 0.400000 781.000000
10.500000 0.128115 0.728155 -0.098976 1.570796 0.400000 781.000000
10.500000 0.170820 0.888889 -0.446350 1.570796 0.400000 781.000000
10.500000 0.213525 0.895522 -0.406158 1.570796 0.400000 781.000000
10.500000 0.256230 0.703125 -0.246550 1.570796 0.400000 781.000000
10.500000 0.298935 0.798817 -0.255070 1.570796 0.400000 781.000000
10.500000 0.341640 0.677711 -0.233723 1.570796 0.400000 781.000000
10.500000 0.384345 0.712291 -0.182001 1.570796 0.400000 781.000000
10.500000 0.427049 0.598404 -0.211713 1.570796 0.400000 781.000000
10.500000 0.469754 0.544041 -0.107514 1.570796 0.400000 781.000000
10.500000 0.512459 0.532544 -0.637268 1.570796 0.400000 781.000000
10.500000 0.555164 0.500000 -0.337871 1.570796 0.400000 781.000000
10.500000 0.597869 0.500000 0.029728 1.570796 0.400000 781.000000
10.500000 0.640574 0.500000 0.668943 1.570796 0.400000 781.000000
10.500000 0.683279 0.500000 1.180745 1.570796 0.400000 781.000000
10.500000 0.725984 0.500000 1.610937 1.570796 0.400000 781.000000
10.500000 0.768689 0.508929 1.996166 1.570796 0.400000 781.000000
10.500000 0.811394 0.508475 2.359893 1.570796 0.400000 781.000000
10.500000 0.854099 0.509709 2.702729 1.570796 0.400000 781.000000
10.500000 0.896804 0.511364 3.036459 1.570796 0.400000 781.000000
10.500000 0.939509 0.518868 3.350792 1.570796 0.400000 781.000000
10.500000 0.982214 0.517241 3.663282 1.570796 0.400000 781.000000
10.500000 1.024919 0.511364 3.967733 1.570796 0.400000 781.000000
10.500000 1.067624 0.519231 4.244067 1.570796 0.400000 781.000000
10.500000 1.110329 0.521739 4.542926 1.570796 0.400000 781.000000
10.500000 1.153034 0.521739 4.812190 1.570796 0.400000 781.000000
10.500000 1.195739 0.525000 5.103992 1.570796 0.400000 781.000000
10.500000 1.238443 0.519802 5.357906 1.570796 0.400000 781.000000
10.500000 1.281148 0.517241 5.668176 1.570796 0.400000 781.000000
10.500000 1.323853 0.500000 5.931559 1.570796 0.400000 781.000000
10.500000 1.366558 0.523256 6.143240 1.570796 0.400000 781.000000
10.500000 1.409263 0.500000 6.520126 1.570796 0.400000 781.000000
10.500000 1.451968 0.535714 6.697280 1.570796 0.400000 781.000000
10.500000 1.494673 0.500000 6.975014 1.570796 0.400000 781.000000
10.500000 1.537378 0.528169 7.142505 1.570796 0.400000 781.000000
10.500000 1.580083 0.543478 7.378428 1.570796 0.400000 781.000000
10.500000 1.622788 0.500000 7.787015 1.570796 0.400000 781.000000
10.500000 1.665493 0.535714 7.969269 1.570796 0.400000 781.000000
10.500000 1.708198 0.555556 8.175910 1.570796 0.400000 781.000000
10.500000 1.750903 0.500000 8.428086 1.570796 0.400000 781.000000
10.500000 1.793608 0.535714 8.552924 1.570796 0.400000 781.000000
10.500000 1.836313 0.545455 8.783432 1.570796 0.400000 781.000000
10.500000 1.879018 0.566038 9.049111 1.570796 0.400000 781.000000
10.500000 1.921723 0.500000 9.508745 1.570796 0.400000 781.000000
10.500000 1.964428 0.535714 9.666863 1.570796 0.400000 781.000000
10.500000 2.007133 0.562500 9.803504 1.570796 0.400000 781.000000
10.500000 2.049837 0.576923 10.003197 1.570796 0.400000 781.000000
10.500000 2.092542 0.592105 10.233554 1.570796 0.400000 781.000000
10.500000 2.135247 0.500000 10.468243 1.570796 0.400000 781.000000
10.500000 2.177952 0.535714 10.569754 1.570796 0.400000 781.000000
10.500000 2.220657 0.548780 10.691955 1.570796 0.400000 781.000000
