12.000000 0.000000 3.296703 -0.005134 1.570796 0.400000 781.000000
12.000000 0.055778 2.743902 -0.003652 1.570796 0.400000 781.000000
12.000000 0.111556 1.150568 -0.190019 1.570796 0.400000 781.000000
12.000000 0.167334 1.107143 -0.142878 1.570796 0.400000 781.000000
12.000000 0.223112 1.687500 -0.109903 1.570796 0.400000 781.000000
12.000000 0.278889 2.691781 -0.056344 1.570796 0.400000 781.000000
12.000000 0.334667 2.151163 0.077623 1.570796 0.400000 781.000000
12.000000 0.390445 2.513850 0.065773 1.570796 0.400000 781.000000
12.000000 0.446223 2.729167 0.053359 1.570796 0.400000 781.000000
12.000000 0.502001 1.828358 0.120644 1.570796 0.400000 781.000000
12.000000 0.557779 2.472067 -0.030209 1.570796 0.400000 781.000000
12.000000 0.613557 2.520661 -0.028766 1.570796 0.400000 781.000000
12.000000 0.669335 2.796961 -0.094670 1.570796 0.400000 781.000000
12.000000 0.725113 2.521552 -0.051002 1.570796 0.400000 781.000000
12.000000 0.780890 2.561983 0.022164 1.570796 0.400000 781.000000
12.000000 0.836668 2.524038 0.063776 1.570796 0.400000 781.000000
12.000000 0.892446 2.678571 0.031808 1.570796 0.400000 781.000000
12.000000 0.948224 1.122995 -0.459256 1.570796 0.400000 781.000000
12.000000 1.004002 0.676230 -0.334120 1.570796 0.400000 781.000000
12.000000 1.059780 0.480296 0.036627 1.570796 0.400000 781.000000
12.000000 1.115558 2.817680 -0.026390 1.570796 0.400000 781.000000
12.000000 1.171336 2.328297 -0.014525 1.570796 0.400000 781.000000
12.000000 1.227114 0.497238 -0.428733 1.570796 0.400000 781.000000
12.000000 1.282891 2.734807 -0.079093 1.570796 0.400000 781.000000
12.000000 1.338669 2.062500 -0.034609 1.570796 0.400000 781.000000
12.000000 1.394447 0.773196 -0.308447 1.570796 0.400000 781.000000
12.000000 1.450225 0.500000 0.602724 1.570796 0.400000 781.000000
12.000000 1.506003 0.500000 1.750804 1.570796 0.400000 781.000000
12.000000 1.561781 0.509050 2.559680 1.570796 0.400000 781.000000
12.000000 1.617559 0.511364 3.235786 1.570796 0.400000 781.000000
12.000000 1.673337 0.510204 3.831387 1.570796 0.400000 781.000000
12.000000 1.729115 0.515267 4.373930 1.570796 0.400000 781.000000
12.000000 1.784892 0.517241 4.886316 1.570796 0.400000 781.000000
12.000000 1.840670 0.500000 5.390301 1.570796 0.400000 781.000000
12.000000 1.896448 0.500000 5.907777 1.570796 0.400000 781.000000
12.000000 1.952226 0.529412 6.254961 1.570796 0.400000 781.000000
12.000000 2.008004 0.535714 6.640902 1.570796 0.400000 781.000000
12.000000 2.063782 0.535714 7.118716 1.570796 0.400000 781.000000
12.000000 2.119560 0.520833 7.467982 1.570796 0.400000 781.000000
12.000000 2.175338 0.535714 7.779203 1.570796 0.400000 781.000000
12.000000 2.231116 0.500000 8.422634 1.570796 0.400000 781.000000
12.000000 2.286893 0.545455 8.653384 1.570796 0.400000 781.000000
12.000000 2.342671 0.551471 8.956049 1.570796 0.400000 781.000000
12.000000 2.398449 0.535714 9.221814 1.570796 0.400000 781.000000
12.000000 2.454227 0.555556 9.549087 1.570796 0.400000 781.000000
12.000000 2.510005 0.500000 10.291587 1.570796 0.400000 781.000000
12.000000 2.565783 0.535714 10.509859 1.570796 0.400000 781.000000
12.000000 2.621561 0.562500 10.730986 1.570796 0.400000 781.000000
12.000000 2.677339 0.576923 11.006133 1.570796 0.400000 781.000000
12.000000 2.733117 0.576923 11.296180 1.570796 0.400000 781.000000
12.000000 2.788894 0.523256 11.614550 1.570796 0.400000 781.000000
12.000000 2.844672 0.548780 11.767396 1.570796 0.400000 781.000000
12.000000 2.900450 0.562500 11.939833 1.570796 0.400000 781.000000
