14.000000 0.000000 0.658537 -0.368223 1.570796 0.400000 781.000000
14.000000 0.075920 0.742925 -0.359628 1.570796 0.400000 781.000000
14.000000 0.151840 0.787293 -0.204922 1.570796 0.400000 781.000000
14.000000 0.227760 0.714286 -0.086468 1.570796 0.400000 781.000000
14.000000 0.303680 0.716080 -0.180602 1.570796 0.400000 781.000000
14.000000 0.379600 0.791457 -0.603803 1.570796 0.400000 781.000000
14.000000 0.455519 0.688406 -0.332465 1.570796 0.400000 781.000000
14.000000 0.531439 0.592105 -0.431870 1.570796 0.400000 781.000000
14.000000 0.607359 0.766129 -0.516951 1.570796 0.400000 781.000000
14.000000 0.683279 0.750000 -0.753020 1.570796 0.400000 781.000000
14.000000 0.759199 0.658537 -0.533191 1.570796 0.400000 781.000000
14.000000 0.835119 0.769231 -0.709358 1.570796 0.400000 781.000000
14.000000 0.911039 0.619266 -0.318452 1.570796 0.400000 781.000000
14.000000 0.986959 0.665025 -0.378266 1.570796 0.400000 781.000000
14.000000 1.062879 0.576923 -0.295736 1.570796 0.400000 781.000000
14.000000 1.138799 0.472973 -0.125833 1.570796 0.400000 781.000000
14.000000 1.214718 0.863636 -0.663070 1.570796 0.400000 781.000000
14.000000 1.290638 0.721925 -0.474341 1.570796 0.400000 781.000000
14.000000 1.366558 0.558140 -0.190287 1.570796 0.400000 781.000000
14.000000 1.442478 0.582524 -0.319728 1.570796 0.400000 781.000000
14.000000 1.518398 0.566038 -0.263968 1.570796 0.400000 781.000000
14.000000 1.594318 0.604839 -0.538215 1.570796 0.400000 781.000000
14.000000 1.670238 0.576923 -0.265610 1.570796 0.400000 781.000000
14.000000 1.746158 0.482833 -0.421025 1.570796 0.400000 781.000000
14.000000 1.822078 0.535714 -0.113248 1.570796 0.400000 781.000000
14.000000 1.897998 0.646552 -0.619003 1.570796 0.400000 781.000000
14.000000 1.973918 0.526316 -0.378303 1.570796 0.400000 781.000000
14.000000 2.049837 0.631188 -0.643841 1.570796 0.400000 781.000000
14.000000 2.125757 0.500000 2.201912 3.141593 0.400000 781.000000
14.000000 2.201677 0.500000 4.330108 3.141593 0.400000 781.000000
14.000000 2.277597 0.496689 5.379383 3.141593 0.400000 781.000000
14.000000 2.353517 0.614754 5.950938 3.141593 0.400000 781.000000
14.000000 2.429437 0.741758 6.619749 3.141593 0.400000 781.000000
14.000000 2.505357 0.789474 7.448770 3.141593 0.400000 781.000000
14.000000 2.581277 0.888158 8.282800 3.141593 0.400000 781.000000
14.000000 2.657197 1.000000 9.287095 4.712389 0.400000 781.000000
14.000000 2.733117 1.000000 9.940183 4.712389 0.400000 781.000000
14.000000 2.809037 1.000000 11.156547 4.712389 0.400000 781.000000
14.000000 2.884956 1.000000 11.940028 4.712389 0.400000 781.000000
14.000000 2.960876 1.000000 12.558629 4.712389 0.400000 781.000000
14.000000 3.036796 1.000000 13.226623 4.712389 0.400000 781.000000
14.000000 3.112716 1.046512 14.035763 4.712389 0.400000 781.000000
14.000000 3.188636 1.000000 15.560351 4.712389 0.400000 781.000000
14.000000 3.264556 1.000000 16.072989 4.712389 0.400000 781.000000
14.000000 3.340476 0.750000 16.551137 4.712389 0.400000 781.000000
14.000000 3.416396 0.555556 16.539144 4.712389 0.400000 781.000000
14.000000 3.492316 0.555556 17.059945 3.141593 0.400000 781.000000
14.000000 3.568236 0.576923 17.336017 3.141593 0.400000 781.000000
14.000000 3.644155 0.576923 17.564264 3.141593 0.400000 781.000000
14.000000 3.720075 0.517241 17.892938 3.141593 0.400000 781.000000
14.000000 3.795995 0.517241 18.020519 3.141593 0.400000 781.000000
14.000000 3.871915 0.517241 18.581183 3.141593 0.400000 781.000000
14.000000 3.947835 0.555556 19.640246 4.712389 0.400000 781.000000
