16.750000 0.000000 0.795455 -0.806369 1.570796 0.400000 781.000000
16.750000 0.108675 0.771028 -0.893251 1.570796 0.400000 781.000000
16.750000 0.217350 0.795455 -0.661208 1.570796 0.400000 781.000000
16.750000 0.326025 0.645933 -0.958422 1.570796 0.400000 781.000000
16.750000 0.434700 0.746269 -0.663355 1.570796 0.400000 781.000000
16.750000 0.543374 0.678733 -0.593432 1.570796 0.400000 781.000000
16.750000 0.652049 0.815217 -0.763788 1.570796 0.400000 781.000000
16.750000 0.760724 0.535714 -0.642242 1.570796 0.400000 781.000000
16.750000 0.869399 0.564516 -0.732374 1.570796 0.400000 781.000000
16.750000 0.978074 0.542553 -0.588234 1.570796 0.400000 781.000000
16.750000 1.086749 0.500000 1.655870 3.141593 0.400000 781.000000
16.750000 1.195424 0.500000 4.045768 3.141593 0.400000 781.000000
16.750000 1.304099 0.500000 5.790772 3.141593 0.400000 781.000000
16.750000 1.412774 0.500000 7.261116 3.141593 0.400000 781.000000
16.750000 1.521448 0.500000 8.289511 3.141593 0.400000 781.000000
16.750000 1.630123 0.500000 9.101530 3.141593 0.400000 781.000000
16.750000 1.738798 0.519802 10.794192 3.141593 0.400000 781.000000
16.750000 1.847473 0.529412 12.026107 3.141593 0.400000 781.000000
16.750000 1.956148 0.500000 13.182424 3.141593 0.400000 781.000000
16.750000 2.064823 0.513699 14.234710 3.141593 0.400000 781.000000
16.750000 2.173498 0.500000 15.256388 3.141593 0.400000 781.000000
16.750000 2.282173 0.500000 16.208914 3.141593 0.400000 781.000000
16.750000 2.390848 0.545455 17.006737 3.141593 0.400000 781.000000
16.750000 2.499522 0.500000 18.070962 3.141593 0.400000 781.000000
16.750000 2.608197 0.562500 18.710003 3.141593 0.400000 781.000000
16.750000 2.716872 0.500000 19.515723 3.141593 0.400000 781.000000
16.750000 2.825547 0.548780 20.259739 3.141593 0.400000 781.000000
16.750000 2.934222 0.592105 21.154621 3.141593 0.400000 781.000000
16.750000 3.042897 0.500000 22.385200 3.141593 0.400000 781.000000
16.750000 3.151572 0.576923 22.678548 3.141593 0.400000 781.000000
16.750000 3.260247 0.600000 23.244906 3.141593 0.400000 781.000000
16.750000 3.368922 0.652174 24.118909 3.141593 0.400000 781.000000
16.750000 3.477596 0.500000 25.045573 3.141593 0.400000 781.000000
16.750000 3.586271 0.535714 25.441131 3.141593 0.400000 781.000000
16.750000 3.694946 0.576923 25.510704 3.141593 0.400000 781.000000
16.750000 3.803621 0.600000 26.104207 3.141593 0.400000 781.000000
16.750000 3.912296 0.600000 26.675150 3.141593 0.400000 781.000000
16.750000 4.020971 0.625000 27.030620 3.141593 0.400000 781.000000
16.750000 4.129646 0.681818 28.395049 3.141593 0.400000 781.000000
16.750000 4.238321 1.000000 30.459886 3.141593 0.400000 781.000000
16.750000 4.346996 1.000000 30.727993 3.141593 0.400000 781.000000
16.750000 4.455671 1.000000 29.100061 3.141593 0.400000 781.000000
16.750000 4.564345 1.000000 27.704617 3.141593 0.400000 781.000000
16.750000 4.673020 1.000000 27.945812 3.141593 0.400000 781.000000
16.750000 4.781695 1.000000 27.250790 3.141593 0.400000 781.000000
16.750000 4.890370 1.000000 27.452563 3.141593 0.400000 781.000000
16.750000 4.999045 1.000000 26.918734 3.141593 0.400000 781.000000
16.750000 5.107720 0.789474 27.125628 3.141593 0.400000 781.000000
16.750000 5.216395 0.833333 27.394151 3.141593 0.400000 781.000000
16.750000 5.325070 1.000000 28.501595 3.926991 0.400000 781.000000
16.750000 5.433745 1.000000 29.057211 4.712389 0.400000 781.000000
16.750000 5.542419 1.071429 27.691997 4.712389 0.400000 781.000000
16.750000 5.651094 1.153846 28.392356 4.712389 0.400000 781.000000
