10.250000 0.000000 0.633117 -0.145715 1.570796 0.400000 574.000000
10.250000 0.040696 0.879310 -1.072784 1.570796 0.400000 574.000000
10.250000 0.081391 0.617647 -0.221516 1.570796 0.400000 574.000000
10.250000 0.122087 0.580645 -0.395209 1.570796 0.400000 574.000000
10.250000 0.162782 0.496988 -0.606011 1.570796 0.400000 574.000000
10.250000 0.203478 0.529046 -0.248090 1.570796 0.400000 574.000000
10.250000 0.244174 0.500000 -0.131716 1.570796 0.400000 574.000000
10.250000 0.284869 0.500000 -0.042366 1.570796 0.400000 574.000000
10.250000 0.325565 0.500000 0.267744 1.570796 0.400000 574.000000
10.250000 0.366260 0.500000 0.680900 1.570796 0.400000 574.000000
10.250000 0.406956 0.500000 1.045355 1.570796 0.400000 574.000000
10.250000 0.447651 0.500000 1.354365 1.570796 0.400000 574.000000
10.250000 0.488347 0.500000 1.648107 1.570796 0.400000 574.000000
10.250000 0.529043 0.500000 1.934438 1.570796 0.400000 574.000000
10.250000 0.569738 0.500000 2.218840 1.570796 0.400000 574.000000
10.250000 0.610434 0.500000 2.494471 1.570796 0.400000 574.000000
10.250000 0.651129 0.509050 2.764034 1.570796 0.400000 574.000000
10.250000 0.691825 0.500000 3.039089 1.570796 0.400000 574.000000
10.250000 0.732521 0.511364 3.304697 1.570796 0.400000 574.000000
10.250000 0.773216 0.512422 3.567962 1.570796 0.400000 574.000000
10.250000 0.813912 0.500000 3.840506 1.570796 0.400000 574.000000
10.250000 0.854607 0.517241 4.082278 1.570796 0.400000 574.000000
10.250000 0.895303 0.500000 4.362432 1.570796 0.400000 574.000000
10.250000 0.935999 0.500000 4.624263 1.570796 0.400000 574.000000
10.250000 0.976694 0.500000 4.869159 1.570796 0.400000 574.000000
10.250000 1.017390 0.500000 5.150362 1.570796 0.400000 574.000000
10.250000 1.058085 0.530303 5.370654 1.570796 0.400000 574.000000
10.250000 1.098781 0.525000 5.597819 1.570796 0.400000 574.000000
10.250000 1.139476 0.500000 5.896889 1.570796 0.400000 574.000000
10.250000 1.180172 0.535714 6.116018 1.570796 0.400000 574.000000
10.250000 1.220868 0.523256 6.335846 1.570796 0.400000 574.000000
10.250000 1.261563 0.500000 6.663611 1.570796 0.400000 574.000000
10.250000 1.302259 0.528169 6.858333 1.570796 0.400000 574.000000
10.250000 1.342954 0.551471 7.094130 1.570796 0.400000 574.000000
10.250000 1.383650 0.520833 7.318233 1.570796 0.400000 574.000000
10.250000 1.424346 0.543478 7.504494 1.570796 0.400000 574.000000
10.250000 1.465041 0.500000 7.872548 1.570796 0.400000 574.000000
10.250000 1.505737 0.535714 8.056446 1.570796 0.400000 574.000000
10.250000 1.546432 0.555556 8.280864 1.570796 0.400000 574.000000
10.250000 1.587128 0.500000 8.540984 1.570796 0.400000 574.000000
10.250000 1.627823 0.526316 8.709112 1.570796 0.400000 574.000000
10.250000 1.668519 0.545455 8.874427 1.570796 0.400000 574.000000
10.250000 1.709215 0.555556 9.076815 1.570796 0.400000 574.000000
10.250000 1.749910 0.500000 9.577084 1.570796 0.400000 574.000000
10.250000 1.790606 0.523256 9.777615 1.570796 0.400000 574.000000
10.250000 1.831301 0.548780 9.911736 1.570796 0.400000 574.000000
10.250000 1.871997 0.562500 10.084261 1.570796 0.400000 574.000000
10.250000 1.912693 0.592105 10.325968 1.570796 0.400000 574.000000
10.250000 1.953388 0.500000 10.587145 1.570796 0.400000 574.000000
10.250000 1.994084 0.500000 10.768160 1.570796 0.400000 574.000000
10.250000 2.034779 0.535714 10.879184 1.570796 0.400000 574.000000
10.250000 2.075475 0.562500 10.956598 1.570796 0.400000 574.000000
10.250000 2.116171 0.562500 11.159584 1.570796 0.400000 574.000000
