15.500000 0.000000 0.492278 -0.418027 1.570796 0.400000 574.000000
15.500000 0.093060 0.706169 -0.226470 1.570796 0.400000 574.000000
15.500000 0.186120 0.544355 -0.539391 1.570796 0.400000 574.000000
15.500000 0.279180 0.579268 -0.556150 1.570796 0.400000 574.000000
15.500000 0.372240 0.554348 -0.669025 1.570796 0.400000 574.000000
15.500000 0.465300 0.581181 -0.166810 1.570796 0.400000 574.000000
15.500000 0.558360 0.489796 -0.444708 1.570796 0.400000 574.000000
15.500000 0.651420 0.697026 -0.223880 1.570796 0.400000 574.000000
15.500000 0.744480 1.083815 -0.151667 1.570796 0.400000 574.000000
15.500000 0.837540 0.480769 -1.017242 1.570796 0.400000 574.000000
15.500000 0.930600 0.487805 -0.814072 1.570796 0.400000 574.000000
15.500000 1.023660 0.540254 -0.888495 1.570796 0.400000 574.000000
15.500000 1.116720 0.570000 -0.710980 1.570796 0.400000 574.000000
15.500000 1.209780 0.436644 -0.337572 1.570796 0.400000 574.000000
15.500000 1.302840 0.556537 -0.405692 1.570796 0.400000 574.000000
15.500000 1.395900 1.056338 -0.553136 4.712389 0.400000 574.000000
15.500000 1.488960 1.000000 0.275277 4.712389 0.400000 574.000000
15.500000 1.582020 1.000000 1.468636 4.712389 0.400000 574.000000
15.500000 1.675080 1.000000 2.431900 4.712389 0.400000 574.000000
15.500000 1.768140 1.000000 3.251579 4.712389 0.400000 574.000000
15.500000 1.861200 1.000000 3.672516 4.712389 0.400000 574.000000
15.500000 1.954260 1.000000 4.261046 4.712389 0.400000 574.000000
15.500000 2.047320 1.000000 4.965989 4.712389 0.400000 574.000000
15.500000 2.140380 1.000000 6.373922 4.712389 0.400000 574.000000
15.500000 2.233440 0.824176 7.922220 3.141593 0.400000 574.000000
15.500000 2.326500 0.700000 9.287328 3.141593 0.400000 574.000000
15.500000 2.419560 0.535714 10.647380 3.141593 0.400000 574.000000
15.500000 2.512620 0.491803 11.724069 3.141593 0.400000 574.000000
15.500000 2.605680 0.489130 12.925973 3.141593 0.400000 574.000000
15.500000 2.698740 0.548780 13.756009 3.141593 0.400000 574.000000
15.500000 2.791800 0.500000 14.724895 3.141593 0.400000 574.000000
15.500000 2.884860 0.548780 15.785316 3.141593 0.400000 574.000000
15.500000 2.977920 0.500000 17.259326 3.141593 0.400000 574.000000
15.500000 3.070980 0.535714 17.639045 3.141593 0.400000 574.000000
15.500000 3.164040 0.555556 18.126201 3.141593 0.400000 574.000000
15.500000 3.257100 0.600000 18.731938 3.141593 0.400000 574.000000
15.500000 3.350160 0.500000 19.690573 3.141593 0.400000 574.000000
15.500000 3.443219 0.500000 20.406991 3.141593 0.400000 574.000000
15.500000 3.536279 0.555556 20.466306 3.141593 0.400000 574.000000
15.500000 3.629339 0.576923 21.032758 3.141593 0.400000 574.000000
15.500000 3.722399 0.600000 21.769394 3.141593 0.400000 574.000000
15.500000 3.815459 0.625000 22.189380 3.141593 0.400000 574.000000
15.500000 3.908519 1.000000 25.835397 3.141593 0.400000 574.000000
15.500000 4.001579 1.000000 26.200849 3.141593 0.400000 574.000000
15.500000 4.094639 1.000000 24.714690 3.141593 0.400000 574.000000
15.500000 4.187699 1.000000 23.966133 3.141593 0.400000 574.000000
15.500000 4.280759 1.000000 24.684802 3.141593 0.400000 574.000000
15.500000 4.373819 1.000000 24.739306 3.141593 0.400000 574.000000
15.500000 4.466879 1.000000 24.771721 3.141593 0.400000 574.000000
15.500000 4.559939 1.000000 27.406705 4.712389 0.400000 574.000000
15.500000 4.652999 1.000000 28.286600 4.712389 0.400000 574.000000
15.500000 4.746059 1.000000 27.569445 4.712389 0.400000 574.000000
15.500000 4.839119 1.153846 27.884888 4.712389 0.400000 574.000000
