10.500000 0.000000 0.805369 -0.606258 1.570796 0.400000 574.000000
10.500000 0.042705 0.913462 -0.303291 1.570796 0.400000 574.000000
10.500000 0.085410 0.764331 -0.762459 1.570796 0.400000 574.000000
10.500000 0.128115 0.698758 -0.473665 1.570796 0.400000 574.000000
10.500000 0.170820 0.730519 -0.210143 1.570796 0.400000 574.000000
10.500000 0.213525 0.698758 -0.422409 1.570796 0.400000 574.000000
10.500000 0.256230 0.483871 -0.473822 1.570796 0.400000 574.000000
10.500000 0.298935 0.494012 -0.300455 1.570796 0.400000 574.000000
10.500000 0.341640 0.501592 -0.154708 1.570796 0.400000 574.000000
10.500000 0.384345 0.500000 -0.012700 1.570796 0.400000 574.000000
10.500000 0.427049 0.500000 0.403260 1.570796 0.400000 574.000000
10.500000 0.469754 0.500000 0.872992 1.570796 0.400000 574.000000
10.500000 0.512459 0.500000 1.259668 1.570796 0.400000 574.000000
10.500000 0.555164 0.500000 1.615612 1.570796 0.400000 574.000000
10.500000 0.597869 0.500000 1.952117 1.570796 0.400000 574.000000
10.500000 0.640574 0.507519 2.268758 1.570796 0.400000 574.000000
10.500000 0.683279 0.500000 2.592911 1.570796 0.400000 574.000000
10.500000 0.725984 0.507246 2.889969 1.570796 0.400000 574.000000
10.500000 0.768689 0.500000 3.203041 1.570796 0.400000 574.000000
10.500000 0.811394 0.509259 3.487628 1.570796 0.400000 574.000000
10.500000 0.854099 0.500000 3.783632 1.570796 0.400000 574.000000
10.500000 0.896804 0.517241 4.052883 1.570796 0.400000 574.000000
10.500000 0.939509 0.500000 4.347320 1.570796 0.400000 574.000000
10.500000 0.982214 0.512821 4.631883 1.570796 0.400000 574.000000
10.500000 1.024919 0.512821 4.895915 1.570796 0.400000 574.000000
10.500000 1.067624 0.514706 5.185544 1.570796 0.400000 574.000000
10.500000 1.110329 0.500000 5.448095 1.570796 0.400000 574.000000
10.500000 1.153034 0.530303 5.680186 1.570796 0.400000 574.000000
10.500000 1.195739 0.529412 5.972435 1.570796 0.400000 574.000000
10.500000 1.238443 0.500000 6.246636 1.570796 0.400000 574.000000
10.500000 1.281148 0.529412 6.469317 1.570796 0.400000 574.000000
10.500000 1.323853 0.513699 6.809970 1.570796 0.400000 574.000000
10.500000 1.366558 0.543478 7.026952 1.570796 0.400000 574.000000
10.500000 1.409263 0.500000 7.288153 1.570796 0.400000 574.000000
10.500000 1.451968 0.535714 7.476205 1.570796 0.400000 574.000000
10.500000 1.494673 0.500000 7.885050 1.570796 0.400000 574.000000
10.500000 1.537378 0.526316 8.079069 1.570796 0.400000 574.000000
10.500000 1.580083 0.545455 8.274328 1.570796 0.400000 574.000000
10.500000 1.622788 0.500000 8.564591 1.570796 0.400000 574.000000
10.500000 1.665493 0.517241 8.769224 1.570796 0.400000 574.000000
10.500000 1.708198 0.545455 8.915961 1.570796 0.400000 574.000000
10.500000 1.750903 0.555556 9.130875 1.570796 0.400000 574.000000
10.500000 1.793608 0.500000 9.659622 1.570796 0.400000 574.000000
10.500000 1.836313 0.535714 9.801376 1.570796 0.400000 574.000000
10.500000 1.879018 0.548780 9.993291 1.570796 0.400000 574.000000
10.500000 1.921723 0.562500 10.174040 1.570796 0.400000 574.000000
10.500000 1.964428 0.592105 10.402857 1.570796 0.400000 574.000000
10.500000 2.007133 0.500000 10.657243 1.570796 0.400000 574.000000
10.500000 2.049837 0.523256 10.805546 1.570796 0.400000 574.000000
10.500000 2.092542 0.548780 10.861901 1.570796 0.400000 574.000000
10.500000 2.135247 0.562500 11.045661 1.570796 0.400000 574.000000
10.500000 2.177952 0.576923 11.204959 1.570796 0.400000 574.000000
10.500000 2.220657 0.592105 11.489335 1.570796 0.400000 574.000000
