15.750000 0.000000 0.569196 -0.489303 1.570796 0.400000 574.000000
15.750000 0.096086 0.566667 -0.619157 1.570796 0.400000 574.000000
15.750000 0.192172 0.541825 -0.367701 1.570796 0.400000 574.000000
15.750000 0.288258 0.475746 -0.214798 1.570796 0.400000 574.000000
15.750000 0.384345 0.451807 -0.374494 1.570796 0.400000 574.000000
15.750000 0.480431 0.544872 -0.737551 1.570796 0.400000 574.000000
15.750000 0.576517 0.606383 -0.819446 1.570796 0.400000 574.000000
15.750000 0.672603 0.584016 -0.656319 1.570796 0.400000 574.000000
15.750000 0.768689 0.605381 -0.655225 1.570796 0.400000 574.000000
15.750000 0.864775 0.484914 -0.689654 1.570796 0.400000 574.000000
15.750000 0.960861 0.753589 -0.818885 1.570796 0.400000 574.000000
15.750000 1.056947 0.551948 -0.754290 1.570796 0.400000 574.000000
15.750000 1.153034 0.672043 -0.362293 1.570796 0.400000 574.000000
15.750000 1.249120 1.000000 -0.426803 4.712389 0.400000 574.000000
15.750000 1.345206 1.000000 0.370808 4.712389 0.400000 574.000000
15.750000 1.441292 1.000000 1.254167 4.712389 0.400000 574.000000
15.750000 1.537378 1.000000 2.019732 4.712389 0.400000 574.000000
15.750000 1.633464 1.000000 2.709001 4.712389 0.400000 574.000000
15.750000 1.729550 1.000000 3.061035 4.712389 0.400000 574.000000
15.750000 1.825636 1.000000 3.680316 4.712389 0.400000 574.000000
15.750000 1.921723 1.000000 4.568697 4.712389 0.400000 574.000000
15.750000 2.017809 1.000000 5.540005 4.712389 0.400000 574.000000
15.750000 2.113895 0.793269 7.512273 3.141593 0.400000 574.000000
15.750000 2.209981 0.600000 9.083530 3.141593 0.400000 574.000000
15.750000 2.306067 0.506757 10.497558 3.141593 0.400000 574.000000
15.750000 2.402153 0.517241 11.703035 3.141593 0.400000 574.000000
15.750000 2.498239 0.517241 12.885506 3.141593 0.400000 574.000000
15.750000 2.594326 0.500000 14.060073 3.141593 0.400000 574.000000
15.750000 2.690412 0.548780 14.899263 3.141593 0.400000 574.000000
15.750000 2.786498 0.500000 15.832125 3.141593 0.400000 574.000000
15.750000 2.882584 0.548780 16.899047 3.141593 0.400000 574.000000
15.750000 2.978670 0.500000 18.332313 3.141593 0.400000 574.000000
15.750000 3.074756 0.535714 18.761436 3.141593 0.400000 574.000000
15.750000 3.170842 0.576923 19.075527 3.141593 0.400000 574.000000
15.750000 3.266928 0.600000 19.878903 3.141593 0.400000 574.000000
15.750000 3.363015 0.500000 20.753459 3.141593 0.400000 574.000000
15.750000 3.459101 0.535714 21.328719 3.141593 0.400000 574.000000
15.750000 3.555187 0.576923 21.529822 3.141593 0.400000 574.000000
15.750000 3.651273 0.600000 22.278916 3.141593 0.400000 574.000000
15.750000 3.747359 0.600000 22.788020 3.141593 0.400000 574.000000
15.750000 3.843445 0.625000 23.156109 3.141593 0.400000 574.000000
15.750000 3.939531 1.000000 26.437779 3.141593 0.400000 574.000000
15.750000 4.035617 1.000000 27.090527 3.141593 0.400000 574.000000
15.750000 4.131704 1.000000 25.634658 3.141593 0.400000 574.000000
15.750000 4.227790 1.000000 24.775277 3.141593 0.400000 574.000000
15.750000 4.323876 1.000000 25.383390 3.141593 0.400000 574.000000
15.750000 4.419962 1.000000 25.326131 3.141593 0.400000 574.000000
15.750000 4.516048 1.000000 25.325247 3.141593 0.400000 574.000000
15.750000 4.612134 1.500000 25.974516 3.141593 0.400000 574.000000
15.750000 4.708220 1.000000 28.651287 4.712389 0.400000 574.000000
15.750000 4.804307 1.000000 27.889905 4.712389 0.400000 574.000000
15.750000 4.900393 1.071429 28.100334 4.712389 0.400000 574.000000
15.750000 4.996479 1.153846 28.959596 4.712389 0.400000 574.000000
