17.500000 0.000000 0.554475 -0.593290 1.570796 0.400000 574.000000
17.500000 0.118625 0.622120 -0.857960 1.570796 0.400000 574.000000
17.500000 0.237250 0.503953 -0.607634 1.570796 0.400000 574.000000
17.500000 0.355875 0.555556 -0.694946 1.570796 0.400000 574.000000
17.500000 0.474499 0.564854 -0.476190 1.570796 0.400000 574.000000
17.500000 0.593124 0.446809 -0.573286 1.570796 0.400000 574.000000
17.500000 0.711749 0.344523 -0.464827 1.570796 0.400000 574.000000
17.500000 0.830374 0.475113 -0.742134 1.570796 0.400000 574.000000
17.500000 0.948999 0.502392 -1.106384 1.570796 0.400000 574.000000
17.500000 1.067624 0.558824 -0.380203 1.570796 0.400000 574.000000
17.500000 1.186249 0.500000 2.702291 3.141593 0.400000 574.000000
17.500000 1.304873 0.500000 5.044103 3.141593 0.400000 574.000000
17.500000 1.423498 0.500000 6.820751 3.141593 0.400000 574.000000
17.500000 1.542123 0.500000 8.273344 3.141593 0.400000 574.000000
17.500000 1.660748 0.500000 10.045995 3.141593 0.400000 574.000000
17.500000 1.779373 0.500000 11.509194 3.141593 0.400000 574.000000
17.500000 1.897998 0.500000 12.789964 3.141593 0.400000 574.000000
17.500000 2.016622 0.528169 14.008710 3.141593 0.400000 574.000000
17.500000 2.135247 0.545455 15.105212 3.141593 0.400000 574.000000
17.500000 2.253872 0.535714 16.271577 3.141593 0.400000 574.000000
17.500000 2.372497 0.523256 17.427217 3.141593 0.400000 574.000000
17.500000 2.491122 0.592105 18.503757 3.141593 0.400000 574.000000
17.500000 2.609747 0.535714 19.312309 3.141593 0.400000 574.000000
17.500000 2.728372 0.576923 20.357391 3.141593 0.400000 574.000000
17.500000 2.846996 0.500000 21.674345 3.141593 0.400000 574.000000
17.500000 2.965621 0.600000 21.989884 3.141593 0.400000 574.000000
17.500000 3.084246 0.625000 22.979172 3.141593 0.400000 574.000000
17.500000 3.202871 0.500000 24.118394 3.141593 0.400000 574.000000
17.500000 3.321496 0.555556 24.598050 3.141593 0.400000 574.000000
17.500000 3.440121 0.600000 25.024214 3.141593 0.400000 574.000000
17.500000 3.558746 0.625000 25.611356 3.141593 0.400000 574.000000
17.500000 3.677370 0.652174 26.854506 3.141593 0.400000 574.000000
17.500000 3.795995 1.000000 29.438867 3.141593 0.400000 574.000000
17.500000 3.914620 1.000000 29.521547 3.141593 0.400000 574.000000
17.500000 4.033245 1.000000 29.666987 3.141593 0.400000 574.000000
17.500000 4.151870 1.000000 29.156146 3.141593 0.400000 574.000000
17.500000 4.270495 1.000000 28.987633 3.141593 0.400000 574.000000
17.500000 4.389120 1.000000 29.508978 3.141593 0.400000 574.000000
17.500000 4.507744 1.000000 29.819242 3.141593 0.400000 574.000000
17.500000 4.626369 1.000000 30.281157 3.141593 0.400000 574.000000
17.500000 4.744994 1.000000 30.630666 3.141593 0.400000 574.000000
17.500000 4.863619 1.000000 32.076406 3.141593 0.400000 574.000000
17.500000 4.982244 1.000000 31.162945 3.141593 0.400000 574.000000
17.500000 5.100869 1.000000 30.652409 3.141593 0.400000 574.000000
17.500000 5.219494 1.000000 30.532435 3.141593 0.400000 574.000000
17.500000 5.338118 1.000000 30.760874 3.141593 0.400000 574.000000
17.500000 5.456743 1.000000 28.618137 3.141593 0.400000 574.000000
17.500000 5.575368 1.000000 28.831488 3.141593 0.400000 574.000000
17.500000 5.693993 1.000000 29.084819 3.141593 0.400000 574.000000
17.500000 5.812618 1.000000 30.120538 3.141593 0.400000 574.000000
17.500000 5.931243 1.363636 30.498921 3.141593 0.400000 574.000000
17.500000 6.049867 1.363636 30.928233 3.141593 0.400000 574.000000
17.500000 6.168492 1.500000 30.071279 4.712389 0.400000 574.000000
