13.500000 0.000000 0.931677 -0.759918 1.570796 0.400000 191.000000
13.500000 0.070594 0.853293 -0.331991 1.570796 0.400000 191.000000
13.500000 0.141188 0.874439 -0.190916 1.570796 0.400000 191.000000
13.500000 0.211782 0.628079 -0.138089 1.570796 0.400000 191.000000
13.500000 0.282376 0.813253 -0.541121 1.570796 0.400000 191.000000
13.500000 0.352969 0.724638 -0.117631 1.570796 0.400000 191.000000
13.500000 0.423563 0.854922 -0.462306 1.570796 0.400000 191.000000
13.500000 0.494157 0.750000 -0.507504 1.570796 0.400000 191.000000
13.500000 0.564751 0.761421 -0.389091 1.570796 0.400000 191.000000
13.500000 0.635345 0.765306 -0.387827 1.570796 0.400000 191.000000
13.500000 0.705939 0.551471 -0.544301 1.570796 0.400000 191.000000
13.500000 0.776533 0.597015 -0.315018 1.570796 0.400000 191.000000
13.500000 0.847127 0.586592 -0.322674 1.570796 0.400000 191.000000
13.500000 0.917721 0.739437 -0.221373 1.570796 0.400000 191.000000
13.500000 0.988314 0.576923 -0.522754 1.570796 0.400000 191.000000
13.500000 1.058908 0.618132 -0.309321 1.570796 0.400000 191.000000
13.500000 1.129502 0.580110 -0.242925 1.570796 0.400000 191.000000
13.500000 1.200096 0.529891 -0.290193 1.570796 0.400000 191.000000
13.500000 1.270690 0.527638 -0.055418 1.570796 0.400000 191.000000
13.500000 1.341284 0.699153 -0.349490 1.570796 0.400000 191.000000
13.500000 1.411878 0.540865 -0.575933 1.570796 0.400000 191.000000
13.500000 1.482472 0.585938 -0.275346 1.570796 0.400000 191.000000
13.500000 1.553066 0.492424 -0.455606 1.570796 0.400000 191.000000
13.500000 1.623660 0.593750 -0.259896 1.570796 0.400000 191.000000
13.500000 1.694253 0.464602 -0.416313 1.570796 0.400000 191.000000
13.500000 1.764847 0.563380 -0.280397 1.570796 0.400000 191.000000
13.500000 1.835441 0.540000 -0.380146 1.570796 0.400000 191.000000
13.500000 1.906035 0.497788 -0.379616 1.570796 0.400000 191.000000
13.500000 1.976629 0.500000 -0.225524 1.570796 0.400000 191.000000
13.500000 2.047223 0.500000 1.768778 1.570796 0.400000 191.000000
13.500000 2.117817 0.510638 2.549831 1.570796 0.400000 191.000000
13.500000 2.188411 0.500000 3.557417 1.570796 0.400000 191.000000
13.500000 2.259005 0.519231 4.432143 1.570796 0.400000 191.000000
13.500000 2.329598 0.517241 5.218388 1.570796 0.400000 191.000000
13.500000 2.400192 0.519802 5.939693 1.570796 0.400000 191.000000
13.500000 2.470786 0.529412 6.630398 1.570796 0.400000 191.000000
13.500000 2.541380 0.500000 7.406939 1.570796 0.400000 191.000000
13.500000 2.611974 0.543478 7.825199 1.570796 0.400000 191.000000
13.500000 2.682568 0.535714 8.293767 1.570796 0.400000 191.000000
13.500000 2.753162 0.526316 8.949025 1.570796 0.400000 191.000000
13.500000 2.823756 0.555556 9.257044 1.570796 0.400000 191.000000
13.500000 2.894350 0.535714 9.551370 1.570796 0.400000 191.000000
13.500000 2.964943 0.555556 9.963652 1.570796 0.400000 191.000000
13.500000 3.035537 0.535714 10.584731 1.570796 0.400000 191.000000
13.500000 3.106131 0.555556 10.740227 1.570796 0.400000 191.000000
13.500000 3.176725 0.978261 11.307271 1.570796 0.400000 191.000000
13.500000 3.247319 1.046512 11.844731 1.570796 0.400000 191.000000
13.500000 3.317913 1.000000 13.468973 1.570796 0.400000 191.000000
13.500000 3.388507 1.000000 14.027674 4.712389 0.400000 191.000000
13.500000 3.459101 1.000000 14.476565 4.712389 0.400000 191.000000
13.500000 3.529695 0.961538 14.504063 4.712389 0.400000 191.000000
13.500000 3.600288 0.986842 15.038494 4.712389 0.400000 191.000000
13.500000 3.670882 1.000000 16.016142 1.570796 0.400000 191.000000
