14.500000 0.000000 0.678733 -0.412924 1.570796 0.400000 191.000000
14.500000 0.081440 0.546117 -0.356989 1.570796 0.400000 191.000000
14.500000 0.162879 0.750000 -0.843215 1.570796 0.400000 191.000000
14.500000 0.244319 0.708333 -0.583697 1.570796 0.400000 191.000000
14.500000 0.325758 0.754190 -0.860856 1.570796 0.400000 191.000000
14.500000 0.407198 0.650685 -0.646066 1.570796 0.400000 191.000000
14.500000 0.488638 0.657216 -0.703181 1.570796 0.400000 191.000000
14.500000 0.570077 0.535714 -0.270555 1.570796 0.400000 191.000000
14.500000 0.651517 0.605381 -0.242801 1.570796 0.400000 191.000000
14.500000 0.732956 0.692308 -0.856991 1.570796 0.400000 191.000000
14.500000 0.814396 0.618557 -0.932846 1.570796 0.400000 191.000000
14.500000 0.895836 0.657216 -0.705908 1.570796 0.400000 191.000000
14.500000 0.977275 0.725806 -1.245994 1.570796 0.400000 191.000000
14.500000 1.058715 0.634328 -0.917079 1.570796 0.400000 191.000000
14.500000 1.140154 0.576923 -1.138087 1.570796 0.400000 191.000000
14.500000 1.221594 0.606061 -0.891603 1.570796 0.400000 191.000000
14.500000 1.303033 0.548780 -0.321552 1.570796 0.400000 191.000000
14.500000 1.384473 0.528169 -0.320469 1.570796 0.400000 191.000000
14.500000 1.465913 0.525000 -0.443969 1.570796 0.400000 191.000000
14.500000 1.547352 0.470711 -0.341580 1.570796 0.400000 191.000000
14.500000 1.628792 0.544041 -0.844286 1.570796 0.400000 191.000000
14.500000 1.710231 0.455801 -0.517701 1.570796 0.400000 191.000000
14.500000 1.791671 0.425000 -0.400333 1.570796 0.400000 191.000000
14.500000 1.873111 0.520408 -0.446960 1.570796 0.400000 191.000000
14.500000 1.954550 0.566038 -0.731329 1.570796 0.400000 191.000000
14.500000 2.035990 1.000000 -0.371749 4.712389 0.400000 191.000000
14.500000 2.117429 1.000000 2.098030 4.712389 0.400000 191.000000
14.500000 2.198869 1.000000 3.716155 4.712389 0.400000 191.000000
14.500000 2.280309 1.000000 5.023444 4.712389 0.400000 191.000000
14.500000 2.361748 1.000000 5.791737 4.712389 0.400000 191.000000
14.500000 2.443188 1.000000 6.374116 4.712389 0.400000 191.000000
14.500000 2.524627 1.000000 7.164647 4.712389 0.400000 191.000000
14.500000 2.606067 1.000000 8.089866 4.712389 0.400000 191.000000
14.500000 2.687507 1.000000 9.240337 4.712389 0.400000 191.000000
14.500000 2.768946 1.000000 10.120517 4.712389 0.400000 191.000000
14.500000 2.850386 1.000000 11.415909 4.712389 0.400000 191.000000
14.500000 2.931825 1.000000 12.235805 4.712389 0.400000 191.000000
14.500000 3.013265 1.000000 12.959263 4.712389 0.400000 191.000000
14.500000 3.094705 1.046512 13.800725 4.712389 0.400000 191.000000
14.500000 3.176144 1.000000 15.099631 4.712389 0.400000 191.000000
14.500000 3.257584 0.961538 15.903863 4.712389 0.400000 191.000000
14.500000 3.339023 0.535714 16.184553 4.712389 0.400000 191.000000
14.500000 3.420463 0.555556 16.408941 3.141593 0.400000 191.000000
14.500000 3.501902 0.576923 16.817537 3.141593 0.400000 191.000000
14.500000 3.583342 0.500000 17.316326 3.141593 0.400000 191.000000
14.500000 3.664782 0.500000 17.496178 3.141593 0.400000 191.000000
14.500000 3.746221 0.500000 17.497947 3.141593 0.400000 191.000000
14.500000 3.827661 0.517241 17.067337 3.141593 0.400000 191.000000
14.500000 3.909100 0.535714 17.838175 3.141593 0.400000 191.000000
14.500000 3.990540 0.555556 18.832008 3.141593 0.400000 191.000000
14.500000 4.071980 0.600000 20.528442 3.141593 0.400000 191.000000
14.500000 4.153419 1.000000 23.572839 4.712389 0.400000 191.000000
14.500000 4.234859 1.153846 23.610639 4.712389 0.400000 191.000000
