12.250000 0.000000 0.648649 -0.808894 1.570796 0.400000 191.000000
12.250000 0.058126 0.870968 -0.556075 1.570796 0.400000 191.000000
12.250000 0.116252 0.693642 -0.408710 1.570796 0.400000 191.000000
12.250000 0.174379 0.652174 -0.342073 1.570796 0.400000 191.000000
12.250000 0.232505 0.638298 -0.437702 1.570796 0.400000 191.000000
12.250000 0.290631 0.700549 -0.570412 1.570796 0.400000 191.000000
12.250000 0.348757 0.741758 -0.133705 1.570796 0.400000 191.000000
12.250000 0.406883 0.576923 -0.165884 1.570796 0.400000 191.000000
12.250000 0.465009 0.573770 -0.334907 1.570796 0.400000 191.000000
12.250000 0.523136 0.489130 -0.315034 1.570796 0.400000 191.000000
12.250000 0.581262 0.621019 -0.866590 1.570796 0.400000 191.000000
12.250000 0.639388 0.583333 -0.540733 1.570796 0.400000 191.000000
12.250000 0.697514 0.568182 -0.409675 1.570796 0.400000 191.000000
12.250000 0.755640 0.431937 -0.601702 1.570796 0.400000 191.000000
12.250000 0.813766 0.505618 -0.585585 1.570796 0.400000 191.000000
12.250000 0.871893 0.583333 -0.571283 1.570796 0.400000 191.000000
12.250000 0.930019 0.504808 -0.336178 1.570796 0.400000 191.000000
12.250000 0.988145 0.526316 -0.291782 1.570796 0.400000 191.000000
12.250000 1.046271 0.538674 -0.423691 1.570796 0.400000 191.000000
12.250000 1.104397 0.494924 -0.349157 1.570796 0.400000 191.000000
12.250000 1.162524 0.493827 -0.321800 1.570796 0.400000 191.000000
12.250000 1.220650 0.535714 -0.323505 1.570796 0.400000 191.000000
12.250000 1.278776 0.500000 0.536007 1.570796 0.400000 191.000000
12.250000 1.336902 0.500000 1.474450 1.570796 0.400000 191.000000
12.250000 1.395028 0.501859 2.182668 1.570796 0.400000 191.000000
12.250000 1.453154 0.500000 2.918387 1.570796 0.400000 191.000000
12.250000 1.511281 0.500000 3.568365 1.570796 0.400000 191.000000
12.250000 1.569407 0.500000 4.190153 1.570796 0.400000 191.000000
12.250000 1.627533 0.517241 4.718625 1.570796 0.400000 191.000000
12.250000 1.685659 0.500000 5.286088 1.570796 0.400000 191.000000
12.250000 1.743785 0.519802 5.712445 1.570796 0.400000 191.000000
12.250000 1.801912 0.523256 6.215274 1.570796 0.400000 191.000000
12.250000 1.860038 0.523256 6.627954 1.570796 0.400000 191.000000
12.250000 1.918164 0.520833 7.143462 1.570796 0.400000 191.000000
12.250000 1.976290 0.543478 7.519169 1.570796 0.400000 191.000000
12.250000 2.034416 0.528169 7.883165 1.570796 0.400000 191.000000
12.250000 2.092542 0.500000 8.507044 1.570796 0.400000 191.000000
12.250000 2.150669 0.535714 8.768991 1.570796 0.400000 191.000000
12.250000 2.208795 0.555556 9.116714 1.570796 0.400000 191.000000
12.250000 2.266921 0.526316 9.440532 1.570796 0.400000 191.000000
12.250000 2.325047 0.545455 9.715165 1.570796 0.400000 191.000000
12.250000 2.383173 0.566038 10.078372 1.570796 0.400000 191.000000
12.250000 2.441299 0.535714 10.739857 1.570796 0.400000 191.000000
12.250000 2.499426 0.562500 10.979590 1.570796 0.400000 191.000000
12.250000 2.557552 0.576923 11.274452 1.570796 0.400000 191.000000
12.250000 2.615678 0.566038 11.591804 1.570796 0.400000 191.000000
12.250000 2.673804 0.535714 11.856869 1.570796 0.400000 191.000000
12.250000 2.731930 0.548780 12.118790 1.570796 0.400000 191.000000
12.250000 2.790057 0.562500 12.318411 1.570796 0.400000 191.000000
12.250000 2.848183 0.576923 12.648039 1.570796 0.400000 191.000000
12.250000 2.906309 0.592105 12.912737 1.570796 0.400000 191.000000
12.250000 2.964435 0.500000 14.076502 1.570796 0.400000 191.000000
12.250000 3.022561 0.555556 14.221681 1.570796 0.400000 191.000000
