7.500000 0.000000 1.018519 -0.217429 1.570796 0.400000 191.000000
7.500000 0.021788 1.006711 0.002197 1.570796 0.400000 191.000000
7.500000 0.043576 0.681818 -0.219920 1.570796 0.400000 191.000000
7.500000 0.065365 1.662562 -0.154762 1.570796 0.400000 191.000000
7.500000 0.087153 0.875912 -0.427329 1.570796 0.400000 191.000000
7.500000 0.108941 1.127168 -0.159866 1.570796 0.400000 191.000000
7.500000 0.130729 0.900000 -0.022992 1.570796 0.400000 191.000000
7.500000 0.152518 0.723684 -0.692758 1.570796 0.400000 191.000000
7.500000 0.174306 0.782609 -0.458605 1.570796 0.400000 191.000000
7.500000 0.196094 1.219880 -0.137136 1.570796 0.400000 191.000000
7.500000 0.217882 1.180203 -0.020321 1.570796 0.400000 191.000000
7.500000 0.239671 0.755396 -0.029748 1.570796 0.400000 191.000000
7.500000 0.261459 0.805785 -0.314495 1.570796 0.400000 191.000000
7.500000 0.283247 1.993671 -0.101353 1.570796 0.400000 191.000000
7.500000 0.305035 1.071429 -0.004968 1.570796 0.400000 191.000000
7.500000 0.326824 0.711679 -0.435093 1.570796 0.400000 191.000000
7.500000 0.348612 0.982759 -0.193498 1.570796 0.400000 191.000000
7.500000 0.370400 0.725806 -0.358557 1.570796 0.400000 191.000000
7.500000 0.392188 0.833333 -0.238197 1.570796 0.400000 191.000000
7.500000 0.413977 1.305970 0.014424 1.570796 0.400000 191.000000
7.500000 0.435765 0.828488 -0.210024 1.570796 0.400000 191.000000
7.500000 0.457553 0.900000 -0.113857 1.570796 0.400000 191.000000
7.500000 0.479341 0.789474 -0.450872 1.570796 0.400000 191.000000
7.500000 0.501129 1.823394 0.053307 1.570796 0.400000 191.000000
7.500000 0.522918 0.863636 -0.207797 1.570796 0.400000 191.000000
7.500000 0.544706 0.827922 -0.112820 1.570796 0.400000 191.000000
7.500000 0.566494 1.213235 -0.068758 1.570796 0.400000 191.000000
7.500000 0.588282 0.905172 -0.370486 1.570796 0.400000 191.000000
7.500000 0.610071 0.681818 0.011452 1.570796 0.400000 191.000000
7.500000 0.631859 0.796460 -0.599836 1.570796 0.400000 191.000000
7.500000 0.653647 0.792254 -0.130306 1.570796 0.400000 191.000000
7.500000 0.675435 0.853659 -0.095645 1.570796 0.400000 191.000000
7.500000 0.697224 0.783582 -0.194366 1.570796 0.400000 191.000000
7.500000 0.719012 0.954545 -0.078070 1.570796 0.400000 191.000000
7.500000 0.740800 0.738636 -0.142501 1.570796 0.400000 191.000000
7.500000 0.762588 1.200000 -0.478257 1.570796 0.400000 191.000000
7.500000 0.784377 1.083815 -0.258361 1.570796 0.400000 191.000000
7.500000 0.806165 1.169725 -0.182189 1.570796 0.400000 191.000000
7.500000 0.827953 0.963303 -0.200288 1.570796 0.400000 191.000000
7.500000 0.849741 1.071429 0.187606 1.570796 0.400000 191.000000
7.500000 0.871530 1.048951 0.333716 1.570796 0.400000 191.000000
7.500000 0.893318 0.756303 -0.294396 1.570796 0.400000 191.000000
7.500000 0.915106 0.821168 -0.305627 1.570796 0.400000 191.000000
7.500000 0.936894 0.649606 -0.687123 1.570796 0.400000 191.000000
7.500000 0.958682 0.658784 -0.325791 1.570796 0.400000 191.000000
7.500000 0.980471 0.700000 -0.100314 1.570796 0.400000 191.000000
7.500000 1.002259 0.703125 -0.181960 1.570796 0.400000 191.000000
7.500000 1.024047 1.041667 -0.030609 1.570796 0.400000 191.000000
7.500000 1.045835 0.827206 -0.075867 1.570796 0.400000 191.000000
7.500000 1.067624 0.700935 -0.826495 1.570796 0.400000 191.000000
7.500000 1.089412 0.506135 -0.334136 1.570796 0.400000 191.000000
7.500000 1.111200 0.500000 -0.061370 1.570796 0.400000 191.000000
7.500000 1.132988 0.500000 0.590441 1.570796 0.400000 191.000000
