7.250000 0.000000 0.761719 -0.115499 1.570796 0.400000 191.000000
7.250000 0.020360 0.833333 -0.120724 1.570796 0.400000 191.000000
7.250000 0.040720 0.676230 -0.071100 1.570796 0.400000 191.000000
7.250000 0.061080 0.817308 -0.130389 1.570796 0.400000 191.000000
7.250000 0.081440 0.733083 0.168175 1.570796 0.400000 191.000000
7.250000 0.101799 0.737705 -0.036232 1.570796 0.400000 191.000000
7.250000 0.122159 0.762712 -0.379188 1.570796 0.400000 191.000000
7.250000 0.142519 0.862832 -0.621023 1.570796 0.400000 191.000000
7.250000 0.162879 0.803571 -0.250423 1.570796 0.400000 191.000000
7.250000 0.183239 0.782609 -0.326127 1.570796 0.400000 191.000000
7.250000 0.203599 0.930657 -0.310557 1.570796 0.400000 191.000000
7.250000 0.223959 0.847826 -0.347592 1.570796 0.400000 191.000000
7.250000 0.244319 1.339286 -0.073686 1.570796 0.400000 191.000000
7.250000 0.264679 0.825688 -0.223009 1.570796 0.400000 191.000000
7.250000 0.285039 0.919811 -0.415408 1.570796 0.400000 191.000000
7.250000 0.305398 0.839552 -0.407774 1.570796 0.400000 191.000000
7.250000 0.325758 0.900000 -0.176693 1.570796 0.400000 191.000000
7.250000 0.346118 0.975000 -0.413604 1.570796 0.400000 191.000000
7.250000 0.366478 0.810811 -0.137165 1.570796 0.400000 191.000000
7.250000 0.386838 0.786290 -0.108848 1.570796 0.400000 191.000000
7.250000 0.407198 0.949367 -0.059807 1.570796 0.400000 191.000000
7.250000 0.427558 0.686620 -0.074779 1.570796 0.400000 191.000000
7.250000 0.447918 0.660000 -0.269283 1.570796 0.400000 191.000000
7.250000 0.468278 0.714286 -0.059432 1.570796 0.400000 191.000000
7.250000 0.488638 0.840000 -0.354419 1.570796 0.400000 191.000000
7.250000 0.508997 0.839161 -0.005073 1.570796 0.400000 191.000000
7.250000 0.529357 0.928571 -0.318743 1.570796 0.400000 191.000000
7.250000 0.549717 0.847826 -0.409451 1.570796 0.400000 191.000000
7.250000 0.570077 0.948795 -0.242425 1.570796 0.400000 191.000000
7.250000 0.590437 0.760870 0.001684 1.570796 0.400000 191.000000
7.250000 0.610797 1.020710 -0.023255 1.570796 0.400000 191.000000
7.250000 0.631157 0.937500 -0.009820 1.570796 0.400000 191.000000
7.250000 0.651517 1.034483 -0.086267 1.570796 0.400000 191.000000
7.250000 0.671877 0.705128 -0.269050 1.570796 0.400000 191.000000
7.250000 0.692237 0.885093 -0.034245 1.570796 0.400000 191.000000
7.250000 0.712596 1.053719 -0.231441 1.570796 0.400000 191.000000
7.250000 0.732956 0.750000 -0.142642 1.570796 0.400000 191.000000
7.250000 0.753316 1.019417 -0.569711 1.570796 0.400000 191.000000
7.250000 0.773676 1.100917 -0.293500 1.570796 0.400000 191.000000
7.250000 0.794036 0.819328 -0.295166 1.570796 0.400000 191.000000
7.250000 0.814396 0.681818 -0.000029 1.570796 0.400000 191.000000
7.250000 0.834756 0.756303 -0.201703 1.570796 0.400000 191.000000
7.250000 0.855116 1.813953 -0.102027 1.570796 0.400000 191.000000
7.250000 0.875476 0.969388 -0.009887 1.570796 0.400000 191.000000
7.250000 0.895836 0.807692 -0.384085 1.570796 0.400000 191.000000
7.250000 0.916195 0.923077 -0.426731 1.570796 0.400000 191.000000
7.250000 0.936555 1.024845 -0.069891 1.570796 0.400000 191.000000
7.250000 0.956915 0.801527 -0.156867 1.570796 0.400000 191.000000
7.250000 0.977275 1.050000 -0.073281 1.570796 0.400000 191.000000
7.250000 0.997635 1.034483 -0.098952 1.570796 0.400000 191.000000
7.250000 1.017995 0.869565 -0.264527 1.570796 0.400000 191.000000
7.250000 1.038355 0.743243 -0.298996 1.570796 0.400000 191.000000
7.250000 1.058715 0.937500 -0.541932 1.570796 0.400000 191.000000
