15.250000 0.000000 0.616883 -0.729278 1.570796 0.400000 191.000000
15.250000 0.090082 0.625000 -0.751326 1.570796 0.400000 191.000000
15.250000 0.180165 0.625000 -0.593730 1.570796 0.400000 191.000000
15.250000 0.270247 0.584016 -0.640079 1.570796 0.400000 191.000000
15.250000 0.360329 0.627907 -0.378592 1.570796 0.400000 191.000000
15.250000 0.450411 0.625000 -0.590464 1.570796 0.400000 191.000000
15.250000 0.540494 0.594714 -0.867100 1.570796 0.400000 191.000000
15.250000 0.630576 0.583333 -0.328883 1.570796 0.400000 191.000000
15.250000 0.720658 0.601045 -0.236960 1.570796 0.400000 191.000000
15.250000 0.810740 0.535714 -0.091440 1.570796 0.400000 191.000000
15.250000 0.900823 0.470711 -0.665520 1.570796 0.400000 191.000000
15.250000 0.990905 0.543893 -0.581267 1.570796 0.400000 191.000000
15.250000 1.080987 0.462963 -0.682145 1.570796 0.400000 191.000000
15.250000 1.171069 0.489130 -0.791439 1.570796 0.400000 191.000000
15.250000 1.261152 0.562500 -0.920905 1.570796 0.400000 191.000000
15.250000 1.351234 0.510000 -0.713056 1.570796 0.400000 191.000000
15.250000 1.441316 0.584416 -0.795530 1.570796 0.400000 191.000000
15.250000 1.531398 0.429389 -0.587020 1.570796 0.400000 191.000000
15.250000 1.621481 1.000000 -0.037359 4.712389 0.400000 191.000000
15.250000 1.711563 1.000000 1.512488 4.712389 0.400000 191.000000
15.250000 1.801645 1.000000 2.680313 4.712389 0.400000 191.000000
15.250000 1.891727 1.000000 3.652086 4.712389 0.400000 191.000000
15.250000 1.981810 1.000000 4.214552 4.712389 0.400000 191.000000
15.250000 2.071892 1.000000 4.743025 4.712389 0.400000 191.000000
15.250000 2.161974 1.000000 5.558564 4.712389 0.400000 191.000000
15.250000 2.252057 0.989011 6.901649 4.712389 0.400000 191.000000
15.250000 2.342139 0.888158 8.244966 3.141593 0.400000 191.000000
15.250000 2.432221 0.875000 9.500313 3.141593 0.400000 191.000000
15.250000 2.522303 0.750000 10.531003 3.141593 0.400000 191.000000
15.250000 2.612386 0.666667 11.880217 3.141593 0.400000 191.000000
15.250000 2.702468 0.511364 12.770119 3.141593 0.400000 191.000000
15.250000 2.792550 0.489130 13.740218 3.141593 0.400000 191.000000
15.250000 2.882632 0.535714 14.545772 3.141593 0.400000 191.000000
15.250000 2.972715 0.562500 15.584320 3.141593 0.400000 191.000000
15.250000 3.062797 0.500000 16.750162 3.141593 0.400000 191.000000
15.250000 3.152879 0.555556 16.907448 3.141593 0.400000 191.000000
15.250000 3.242961 0.576923 17.589346 3.141593 0.400000 191.000000
15.250000 3.333044 0.500000 18.896005 3.141593 0.400000 191.000000
15.250000 3.423126 0.500000 19.211825 3.141593 0.400000 191.000000
15.250000 3.513208 0.535714 19.606208 3.141593 0.400000 191.000000
15.250000 3.603290 0.555556 19.764098 3.141593 0.400000 191.000000
15.250000 3.693373 0.576923 20.300919 3.141593 0.400000 191.000000
15.250000 3.783455 0.576923 21.068272 3.141593 0.400000 191.000000
15.250000 3.873537 1.000000 24.662903 3.141593 0.400000 191.000000
15.250000 3.963619 1.000000 25.096966 3.141593 0.400000 191.000000
15.250000 4.053702 1.000000 24.943094 3.141593 0.400000 191.000000
15.250000 4.143784 1.000000 24.459226 3.141593 0.400000 191.000000
15.250000 4.233866 1.000000 23.839052 3.141593 0.400000 191.000000
15.250000 4.323949 1.000000 24.018849 3.141593 0.400000 191.000000
15.250000 4.414031 1.500000 24.089400 4.712389 0.400000 191.000000
15.250000 4.504113 1.125000 24.895097 4.712389 0.400000 191.000000
15.250000 4.594195 1.000000 27.741342 4.712389 0.400000 191.000000
15.250000 4.684278 1.000000 27.078713 4.712389 0.400000 191.000000
