18.500000 0.000000 0.510204 -0.750234 1.570796 0.400000 191.000000
18.500000 0.132569 0.539773 -0.767922 1.570796 0.400000 191.000000
18.500000 0.265139 0.364078 -0.499152 1.570796 0.400000 191.000000
18.500000 0.397708 0.433673 -0.525340 1.570796 0.400000 191.000000
18.500000 0.530277 0.433673 -0.478320 1.570796 0.400000 191.000000
18.500000 0.662847 0.421053 -0.517123 1.570796 0.400000 191.000000
18.500000 0.795416 0.500000 -0.059837 3.141593 0.400000 191.000000
18.500000 0.927985 0.500000 3.293009 3.141593 0.400000 191.000000
18.500000 1.060555 0.500000 5.286529 3.141593 0.400000 191.000000
18.500000 1.193124 0.512422 6.967280 3.141593 0.400000 191.000000
18.500000 1.325693 0.513699 8.395331 3.141593 0.400000 191.000000
18.500000 1.458263 0.526316 10.134279 3.141593 0.400000 191.000000
18.500000 1.590832 0.500000 11.568843 3.141593 0.400000 191.000000
18.500000 1.723401 0.500000 12.914597 3.141593 0.400000 191.000000
18.500000 1.855971 0.528169 14.146825 3.141593 0.400000 191.000000
18.500000 1.988540 0.545455 15.371107 3.141593 0.400000 191.000000
18.500000 2.121109 0.535714 16.556354 3.141593 0.400000 191.000000
18.500000 2.253679 0.523256 17.878323 3.141593 0.400000 191.000000
18.500000 2.386248 0.608108 19.039208 3.141593 0.400000 191.000000
18.500000 2.518817 0.535714 19.913673 3.141593 0.400000 191.000000
18.500000 2.651386 0.608108 21.030587 3.141593 0.400000 191.000000
18.500000 2.783956 0.555556 22.379956 3.141593 0.400000 191.000000
18.500000 2.916525 0.600000 23.013135 3.141593 0.400000 191.000000
18.500000 3.049094 0.608108 24.248750 3.141593 0.400000 191.000000
18.500000 3.181664 0.500000 24.891576 3.141593 0.400000 191.000000
18.500000 3.314233 0.576923 25.482826 3.141593 0.400000 191.000000
18.500000 3.446802 0.600000 26.329575 3.141593 0.400000 191.000000
18.500000 3.579372 0.625000 27.005659 3.141593 0.400000 191.000000
18.500000 3.711941 1.000000 30.196865 3.141593 0.400000 191.000000
18.500000 3.844510 1.000000 31.129272 3.141593 0.400000 191.000000
18.500000 3.977080 1.000000 31.119222 3.141593 0.400000 191.000000
18.500000 4.109649 1.000000 30.965416 3.141593 0.400000 191.000000
18.500000 4.242218 1.000000 31.000746 3.141593 0.400000 191.000000
18.500000 4.374788 1.000000 31.730963 3.141593 0.400000 191.000000
18.500000 4.507357 1.000000 32.252228 3.141593 0.400000 191.000000
18.500000 4.639926 1.000000 32.900257 3.141593 0.400000 191.000000
18.500000 4.772496 1.000000 33.552817 3.141593 0.400000 191.000000
18.500000 4.905065 0.750000 34.988301 3.141593 0.400000 191.000000
18.500000 5.037634 1.000000 35.190218 3.141593 0.400000 191.000000
18.500000 5.170204 1.000000 35.779321 3.141593 0.400000 191.000000
18.500000 5.302773 1.000000 34.908218 3.141593 0.400000 191.000000
18.500000 5.435342 1.000000 35.310781 3.141593 0.400000 191.000000
18.500000 5.567912 1.000000 34.949153 3.141593 0.400000 191.000000
18.500000 5.700481 1.000000 35.246856 3.141593 0.400000 191.000000
18.500000 5.833050 1.000000 32.913076 3.141593 0.400000 191.000000
18.500000 5.965620 1.000000 33.049520 3.141593 0.400000 191.000000
18.500000 6.098189 1.000000 33.131880 3.141593 0.400000 191.000000
18.500000 6.230758 1.000000 33.176887 3.141593 0.400000 191.000000
18.500000 6.363328 1.000000 33.670792 3.141593 0.400000 191.000000
18.500000 6.495897 1.000000 33.772280 3.141593 0.400000 191.000000
18.500000 6.628466 1.000000 33.886466 3.141593 0.400000 191.000000
18.500000 6.761036 1.000000 34.032295 3.141593 0.400000 191.000000
18.500000 6.893605 1.000000 34.221984 3.141593 0.400000 191.000000
