16.000000 0.000000 0.619565 -0.679727 1.570796 0.400000 191.000000
16.000000 0.099161 0.630531 -0.683442 1.570796 0.400000 191.000000
16.000000 0.198321 0.582192 -0.866904 1.570796 0.400000 191.000000
16.000000 0.297482 0.681818 -0.813632 1.570796 0.400000 191.000000
16.000000 0.396643 0.730088 -0.628620 1.570796 0.400000 191.000000
16.000000 0.495803 0.672170 -0.586779 1.570796 0.400000 191.000000
16.000000 0.594964 0.707547 -0.758334 1.570796 0.400000 191.000000
16.000000 0.694125 0.633803 -0.815659 1.570796 0.400000 191.000000
16.000000 0.793286 0.633803 -1.009381 1.570796 0.400000 191.000000
16.000000 0.892446 0.531496 -0.514539 1.570796 0.400000 191.000000
16.000000 0.991607 0.997984 -0.864322 1.570796 0.400000 191.000000
16.000000 1.090768 1.000000 -0.311132 4.712389 0.400000 191.000000
16.000000 1.189928 1.000000 0.216569 4.712389 0.400000 191.000000
16.000000 1.289089 1.000000 0.841329 4.712389 0.400000 191.000000
16.000000 1.388250 1.000000 1.447117 4.712389 0.400000 191.000000
16.000000 1.487410 1.000000 1.930962 4.712389 0.400000 191.000000
16.000000 1.586571 1.000000 2.261431 4.712389 0.400000 191.000000
16.000000 1.685732 1.000000 2.808369 4.712389 0.400000 191.000000
16.000000 1.784892 0.791667 4.335338 3.141593 0.400000 191.000000
16.000000 1.884053 0.950000 5.051746 3.141593 0.400000 191.000000
16.000000 1.983214 0.867769 6.557741 3.141593 0.400000 191.000000
16.000000 2.082375 0.606061 8.626802 3.141593 0.400000 191.000000
16.000000 2.181535 0.529412 10.227564 3.141593 0.400000 191.000000
16.000000 2.280696 0.520833 11.636926 3.141593 0.400000 191.000000
16.000000 2.379857 0.535714 12.784975 3.141593 0.400000 191.000000
16.000000 2.479017 0.526316 13.959620 3.141593 0.400000 191.000000
16.000000 2.578178 0.500000 15.225865 3.141593 0.400000 191.000000
16.000000 2.677339 0.562500 15.857779 3.141593 0.400000 191.000000
16.000000 2.776499 0.500000 16.813532 3.141593 0.400000 191.000000
16.000000 2.875660 0.548780 17.864624 3.141593 0.400000 191.000000
16.000000 2.974821 0.500000 19.251389 3.141593 0.400000 191.000000
16.000000 3.073981 0.535714 19.713318 3.141593 0.400000 191.000000
16.000000 3.173142 0.576923 20.020177 3.141593 0.400000 191.000000
16.000000 3.272303 0.600000 20.837198 3.141593 0.400000 191.000000
16.000000 3.371464 0.500000 21.643862 3.141593 0.400000 191.000000
16.000000 3.470624 0.555556 22.236296 3.141593 0.400000 191.000000
16.000000 3.569785 0.576923 22.419176 3.141593 0.400000 191.000000
16.000000 3.668946 0.600000 23.139601 3.141593 0.400000 191.000000
16.000000 3.768106 0.600000 23.646561 3.141593 0.400000 191.000000
16.000000 3.867267 0.625000 23.993499 3.141593 0.400000 191.000000
16.000000 3.966428 1.000000 27.235793 3.141593 0.400000 191.000000
16.000000 4.065588 1.000000 27.858159 3.141593 0.400000 191.000000
16.000000 4.164749 1.000000 26.453798 3.141593 0.400000 191.000000
16.000000 4.263910 1.000000 25.513458 3.141593 0.400000 191.000000
16.000000 4.363070 1.000000 26.032436 3.141593 0.400000 191.000000
16.000000 4.462231 1.000000 25.868364 3.141593 0.400000 191.000000
16.000000 4.561392 1.000000 26.461584 3.141593 0.400000 191.000000
16.000000 4.660553 1.000000 26.411670 3.141593 0.400000 191.000000
16.000000 4.759713 1.000000 28.899596 3.926991 0.400000 191.000000
16.000000 4.858874 1.000000 29.674121 4.712389 0.400000 191.000000
16.000000 4.958035 1.000000 28.866176 4.712389 0.400000 191.000000
16.000000 5.057195 1.153846 29.100052 4.712389 0.400000 191.000000
16.000000 5.156356 1.250000 27.448036 4.712389 0.400000 191.000000
