15.000000 0.000000 0.694444 -0.521013 1.570796 0.400000 191.000000
15.000000 0.087153 0.446429 -0.087936 1.570796 0.400000 191.000000
15.000000 0.174306 0.685484 -0.836087 1.570796 0.400000 191.000000
15.000000 0.261459 0.600000 -0.310079 1.570796 0.400000 191.000000
15.000000 0.348612 0.630531 -0.405737 1.570796 0.400000 191.000000
15.000000 0.435765 0.736607 -0.626180 1.570796 0.400000 191.000000
15.000000 0.522918 0.678571 -0.634341 1.570796 0.400000 191.000000
15.000000 0.610071 0.597345 -0.504241 1.570796 0.400000 191.000000
15.000000 0.697224 0.600000 -0.541638 1.570796 0.400000 191.000000
15.000000 0.784377 0.608108 -0.443687 1.570796 0.400000 191.000000
15.000000 0.871530 0.652174 -0.657560 1.570796 0.400000 191.000000
15.000000 0.958682 0.605381 -0.569414 1.570796 0.400000 191.000000
15.000000 1.045835 0.554187 -0.553088 1.570796 0.400000 191.000000
15.000000 1.132988 0.487013 -0.469379 1.570796 0.400000 191.000000
15.000000 1.220141 0.468750 -0.364670 1.570796 0.400000 191.000000
15.000000 1.307294 0.456989 -0.200304 1.570796 0.400000 191.000000
15.000000 1.394447 0.587687 -0.321640 1.570796 0.400000 191.000000
15.000000 1.481600 0.609756 -0.285273 1.570796 0.400000 191.000000
15.000000 1.568753 0.493827 -0.500044 1.570796 0.400000 191.000000
15.000000 1.655906 0.576923 -0.535615 1.570796 0.400000 191.000000
15.000000 1.743059 0.997230 -0.418336 4.712389 0.400000 191.000000
15.000000 1.830212 1.000000 1.332076 4.712389 0.400000 191.000000
15.000000 1.917365 1.000000 2.754128 4.712389 0.400000 191.000000
15.000000 2.004518 1.000000 3.898451 4.712389 0.400000 191.000000
15.000000 2.091671 1.000000 4.711241 4.712389 0.400000 191.000000
15.000000 2.178824 1.000000 5.159235 4.712389 0.400000 191.000000
15.000000 2.265977 1.000000 5.929109 4.712389 0.400000 191.000000
15.000000 2.353130 1.000000 7.073256 4.712389 0.400000 191.000000
15.000000 2.440283 0.986842 8.299245 4.712389 0.400000 191.000000
15.000000 2.527436 1.000000 9.515250 3.141593 0.400000 191.000000
15.000000 2.614589 0.875000 10.470831 3.141593 0.400000 191.000000
15.000000 2.701742 0.833333 11.751968 3.141593 0.400000 191.000000
15.000000 2.788894 0.576923 12.479445 3.141593 0.400000 191.000000
15.000000 2.876047 0.489130 13.422634 3.141593 0.400000 191.000000
15.000000 2.963200 0.523256 14.320083 3.141593 0.400000 191.000000
15.000000 3.050353 0.500000 15.904413 3.141593 0.400000 191.000000
15.000000 3.137506 0.500000 16.474165 3.141593 0.400000 191.000000
15.000000 3.224659 0.555556 16.516067 3.141593 0.400000 191.000000
15.000000 3.311812 0.576923 17.129331 3.141593 0.400000 191.000000
15.000000 3.398965 0.500000 18.362954 3.141593 0.400000 191.000000
15.000000 3.486118 0.500000 18.587214 3.141593 0.400000 191.000000
15.000000 3.573271 0.517241 18.760155 3.141593 0.400000 191.000000
15.000000 3.660424 0.535714 19.278125 3.141593 0.400000 191.000000
15.000000 3.747577 0.555556 19.322059 3.141593 0.400000 191.000000
15.000000 3.834730 0.576923 20.158834 3.141593 0.400000 191.000000
15.000000 3.921883 0.576923 20.925041 3.141593 0.400000 191.000000
15.000000 4.009036 1.000000 24.603720 3.141593 0.400000 191.000000
15.000000 4.096189 1.000000 24.570164 3.141593 0.400000 191.000000
15.000000 4.183342 1.000000 24.253483 3.141593 0.400000 191.000000
15.000000 4.270495 1.000000 23.775900 4.712389 0.400000 191.000000
15.000000 4.357648 1.363636 24.066926 4.712389 0.400000 191.000000
15.000000 4.444801 1.125000 24.098234 4.712389 0.400000 191.000000
15.000000 4.531954 1.000000 26.947768 4.712389 0.400000 191.000000
