0 0.902018 13.017092 1.197630 0.976346 -0.033933 -0.174893
1 0.560569 13.510326 1.610406 0.975411 -0.033341 -0.174302
2 0.382259 14.018061 2.451363 0.976418 -0.032059 -0.175189
3 0.258958 14.518102 0.957459 0.974779 -0.033045 -0.175584
4 0.362086 15.022631 1.036362 0.975776 -0.032651 -0.175880
5 0.593558 15.516158 -1.459059 0.975965 -0.032848 -0.174795
6 0.812774 16.009860 2.980144 0.979544 -0.033045 -0.176176
7 1.077831 16.512168 1.125290 0.977064 -0.032158 -0.176472
8 1.330479 17.013926 0.497034 0.977621 -0.033144 -0.175584
9 1.125776 17.515809 0.203941 0.979067 -0.032552 -0.175387
10 1.064464 18.016860 4.008173 0.979774 -0.032552 -0.175683
11 0.883365 18.521247 -0.722804 0.975985 -0.033045 -0.174598
12 0.737567 19.016704 0.920416 0.974500 -0.032848 -0.174696
13 0.564959 19.521541 3.537533 0.977899 -0.033243 -0.175781
14 0.432035 20.015973 3.727050 0.975242 -0.032651 -0.176274
15 0.313956 20.513802 -1.044068 0.975138 -0.032453 -0.175781
16 0.262453 21.018085 3.432576 0.976206 -0.032848 -0.176077
17 0.389239 21.518880 -0.334537 0.974806 -0.031763 -0.176472
18 0.541573 22.029517 0.199934 0.967193 -0.032749 -0.175288
19 0.721911 22.506286 1.078874 0.975513 -0.033933 -0.173907
20 0.908995 23.013391 0.989578 0.986333 -0.033045 -0.174400
21 1.015834 23.522635 -0.156993 0.974516 -0.033045 -0.174795
22 0.900516 24.012419 -1.559562 0.960892 -0.032947 -0.176176
23 0.685669 24.509258 3.833607 0.964105 -0.033933 -0.176077
24 0.583148 25.031167 4.261068 0.973406 -0.032651 -0.175683
25 0.426633 25.522886 1.204009 0.972605 -0.033637 -0.175880
26 0.338827 26.016536 0.412319 0.974021 -0.032158 -0.176373
27 0.293832 26.520598 0.490162 0.975054 -0.032947 -0.175288
28 0.352312 27.026370 2.942974 0.973996 -0.032848 -0.175683
29 0.488227 27.527263 3.935553 0.971407 -0.033440 -0.175880
30 0.607229 28.028999 2.792543 0.972268 -0.033243 -0.175584
31 0.810438 28.528403 -0.696125 0.980029 -0.032453 -0.176176
32 0.900677 29.034874 2.694325 0.978513 -0.032453 -0.175288
33 0.838181 29.516240 1.158160 0.977681 -0.032158 -0.175979
34 0.820807 30.020754 3.556212 0.975740 -0.032256 -0.175781
35 0.736533 30.021640 1.049950 0.977633 -0.031960 -0.175485
36 0.916629 29.526393 0.301947 0.975046 -0.033539 -0.176570
37 0.879913 29.019023 -1.544857 0.979650 -0.032453 -0.176176
38 0.717031 28.524056 3.952780 0.978986 -0.033341 -0.176669
39 0.519155 28.021664 0.967628 0.974642 -0.033144 -0.175189
40 0.409765 27.529339 2.197211 0.974329 -0.033736 -0.176274
41 0.275074 27.033028 3.923586 0.972506 -0.032256 -0.176768
42 0.320021 26.528911 -1.055360 0.973092 -0.033341 -0.175880
43 0.411791 26.017690 2.922074 0.974695 -0.033243 -0.174893
44 0.572176 25.526674 0.491752 0.974794 -0.033637 -0.175979
45 0.607680 25.028185 1.835920 0.970689 -0.033539 -0.175091
46 0.752571 24.542073 1.931143 0.976663 -0.032552 -0.175683
47 0.909844 24.037800 -0.262416 0.983735 -0.033440 -0.174992
48 1.018452 23.525258 0.433813 0.988478 -0.032158 -0.174992
49 0.863575 23.027834 1.969818 0.995026 -0.033045 -0.176570
50 0.665729 22.530286 -0.826703 0.962795 -0.032947 -0.174302
51 0.481896 22.017139 -0.946979 0.969399 -0.033440 -0.175288
52 0.330347 21.521180 3.131169 0.975537 -0.034328 -0.175880
53 0.244703 21.010686 2.114443 0.973442 -0.033834 -0.176768
54 0.348802 20.519027 -0.177729 0.974253 -0.033440 -0.176768
55 0.487548 20.015666 0.174406 0.974044 -0.033834 -0.176965
56 0.635870 19.511885 4.149021 0.975951 -0.033440 -0.176472
57 0.799904 19.011899 3.313838 0.978451 -0.033736 -0.173118
58 0.894101 18.514149 1.066972 0.975860 -0.034525 -0.180220
59 1.212495 18.018200 -0.548502 0.977498 -0.032749 -0.177064
60 1.344780 17.516161 0.948103 0.979514 -0.031960 -0.175880
61 1.104336 17.017618 2.055858 0.980599 -0.032453 -0.175979
62 0.905239 16.511819 -0.236051 0.973728 -0.033539 -0.176274
63 0.631003 16.010138 3.781038 0.976926 -0.033341 -0.176176
64 0.443469 15.516765 2.344441 0.975918 -0.033144 -0.176176
65 0.311278 15.017979 1.581147 0.975080 -0.032947 -0.176570
66 0.371743 14.515030 1.153903 0.975172 -0.032552 -0.175387
67 0.550333 14.013284 -0.129322 0.975424 -0.033243 -0.176373
68 0.742865 13.509387 -0.002437 0.973922 -0.033243 -0.175584
69 0.979658 13.002451 3.905135 0.979437 -0.032749 -0.176669
0 1.376617 13.006210 0.802632 0.984777 -0.033341 -0.174499
1 0.800925 13.518799 1.415592 0.978990 -0.032749 -0.174893
2 0.544240 14.020482 2.089289 0.977335 -0.032552 -0.174104
3 0.402939 14.505876 3.856504 0.975994 -0.032355 -0.175781
4 0.352667 15.005903 2.292179 0.976932 -0.032552 -0.174598
5 0.488075 15.510996 2.048464 0.975472 -0.032552 -0.174992
6 0.702326 16.016104 -1.457728 0.976975 -0.032453 -0.174696
7 0.702326 16.016104 -1.457728 0.976975 -0.032453 -0.174696
8 0.957818 16.507023 -1.414946 0.977913 -0.032947 -0.175189
9 1.119683 17.017465 1.836694 0.982176 -0.033834 -0.175288
10 1.405352 17.517882 3.922536 0.980174 -0.033539 -0.174893
11 1.387495 18.020256 2.872831 0.981633 -0.033736 -0.176373
12 1.387495 18.020256 2.872831 0.981633 -0.033736 -0.176373
13 1.346714 18.516920 -0.405342 0.976754 -0.033243 -0.175781
14 0.642502 19.021687 0.733608 0.973601 -0.033144 -0.175781
15 0.532512 19.520941 -0.324912 0.972764 -0.032947 -0.175880
16 0.395276 20.022796 -0.207620 0.973095 -0.033341 -0.176274
17 0.268762 20.510396 2.116070 0.975367 -0.033834 -0.176176
18 0.275990 21.014833 -1.569674 0.975939 -0.033736 -0.175683
19 0.343552 21.522365 -1.631656 0.976512 -0.032848 -0.176965
20 0.502094 22.013304 -1.024959 0.973079 -0.033539 -0.175683
21 0.673546 22.525775 3.233610 0.987812 -0.033834 -0.176077
22 0.863050 23.010604 4.211615 0.967757 -0.033440 -0.173710
23 1.043173 23.522640 -0.371800 0.968173 -0.033440 -0.174104
24 0.954744 24.030499 2.098036 0.987529 -0.033637 -0.176176
25 0.936162 24.511043 0.099290 0.993339 -0.032158 -0.175189
26 0.855319 25.013764 -0.024915 0.988065 -0.033243 -0.174992
27 0.827477 25.521425 -1.402531 0.981771 -0.034032 -0.176176
28 0.588000 26.021538 -0.575801 0.975906 -0.032453 -0.176472
29 0.731070 25.521118 1.062348 0.974683 -0.033440 -0.175880
30 0.468096 26.520478 0.224085 0.974363 -0.033440 -0.175584
31 0.287683 27.021437 4.740628 0.973722 -0.032749 -0.176669
32 0.294649 27.527814 2.440567 0.973494 -0.032453 -0.175781
33 0.384614 28.032030 -0.504732 0.977360 -0.033736 -0.175781
34 0.500681 28.521644 1.009565 0.973144 -0.033637 -0.175683
35 0.623562 29.029429 0.439474 0.973538 -0.033144 -0.176373
36 0.818720 29.516639 1.031445 0.976517 -0.032947 -0.176373
37 0.953608 30.037406 2.112099 0.980126 -0.033144 -0.176274
38 0.622459 30.021851 0.160633 0.976562 -0.032651 -0.176866
39 0.523090 29.513013 4.397798 0.975678 -0.033341 -0.175584
40 0.397615 29.030625 -1.035977 0.975612 -0.033834 -0.175880
41 0.361809 28.525388 1.702682 0.973156 -0.032947 -0.176570
42 0.298918 28.026443 2.679271 0.972661 -0.033637 -0.176472
43 0.401566 27.519650 4.558487 0.971543 -0.033933 -0.176965
44 0.476523 27.039571 3.338776 0.971795 -0.033243 -0.176866
45 0.597615 26.531411 1.033919 0.975209 -0.033440 -0.175683
46 0.742315 26.028918 2.677904 0.976053 -0.032453 -0.176373
47 0.879367 25.522248 1.570868 0.971963 -0.033933 -0.176274
48 1.053745 25.020639 3.488793 0.966010 -0.033933 -0.176768
49 1.106302 24.509048 4.039097 0.959440 -0.033539 -0.176866
50 0.924894 24.031996 3.155656 0.963889 -0.033933 -0.176373
51 0.733828 23.519489 -0.573704 0.965359 -0.033933 -0.176077
52 0.585532 23.023518 -0.689177 0.961895 -0.032552 -0.176274
53 0.431154 22.534123 2.692328 0.982667 -0.033637 -0.176176
54 0.303742 22.015751 2.392158 0.976800 -0.033045 -0.175880
56 0.272093 21.521051 0.555990 0.972022 -0.033440 -0.176274
57 0.393006 21.014133 4.257160 0.975255 -0.033045 -0.175584
58 0.591883 20.519658 0.935517 0.974875 -0.033243 -0.175584
59 0.722992 20.014737 -0.157323 0.972156 -0.033637 -0.176866
60 0.875676 19.520965 0.231181 0.971554 -0.034722 -0.175979
61 1.062444 19.020393 -0.686115 0.973280 -0.033834 -0.175485
62 1.080487 18.521615 2.426905 0.979258 -0.033144 -0.176669
63 1.158030 18.012685 -1.611450 0.977706 -0.033834 -0.174598
64 1.358623 17.519751 1.983440 0.981399 -0.033341 -0.173808
65 1.046559 17.011697 0.476198 0.974422 -0.032651 -0.176570
66 0.748567 16.519044 -0.084932 0.971949 -0.032749 -0.176373
0 0.489950 16.005072 0.167696 0.974121 -0.035807 -0.178247
1 0.368666 15.520878 2.309169 0.974301 -0.035906 -0.178445
2 0.296052 15.019775 3.710520 0.973738 -0.034920 -0.178050
3 0.479124 14.507041 3.013960 0.974918 -0.034920 -0.176669
4 0.644528 14.014689 3.558490 0.974018 -0.035413 -0.174696
5 0.908269 13.512469 4.205636 0.976123 -0.034328 -0.177557
7 0.895741 13.021063 -0.793447 0.974525 -0.033933 -0.176866
