2.280000 0.800000 1.477273 -0.973176 1.795196 0.400000 49.000000
2.560000 0.800000 1.377551 -1.074989 1.795196 0.400000 49.000000
2.840000 0.800000 1.250000 -0.759784 1.795196 0.400000 49.000000
3.120000 0.800000 1.097561 -0.718352 1.795196 0.400000 49.000000
3.400000 0.800000 0.997706 -0.345184 1.795196 0.400000 49.000000
3.680000 0.800000 1.009615 -0.633354 1.795196 0.400000 49.000000
3.960000 0.800000 0.889831 -1.083524 1.795196 0.400000 49.000000
4.240000 0.800000 0.833333 -1.323588 1.795196 0.400000 49.000000
4.520000 0.800000 0.772059 -1.022942 1.795196 0.400000 49.000000
4.800000 0.800000 0.725806 -1.185521 1.795196 0.400000 49.000000
5.080000 0.800000 0.664557 -1.203837 1.795196 0.400000 49.000000
5.360000 0.800000 0.638298 -1.045365 1.795196 0.400000 49.000000
5.640000 0.800000 0.588235 -1.140149 1.795196 0.400000 49.000000
5.920000 0.800000 0.553279 -0.338845 1.795196 0.400000 49.000000
6.200000 0.800000 0.500000 0.451165 1.795196 0.400000 49.000000
6.480000 0.800000 0.506329 1.465665 1.795196 0.400000 49.000000
6.760000 0.800000 0.500000 1.861551 1.795196 0.400000 49.000000
7.040000 0.800000 0.500000 2.048651 1.795196 0.400000 49.000000
7.320000 0.800000 0.505181 2.117550 1.795196 0.400000 49.000000
7.600000 0.800000 0.507246 1.976267 1.795196 0.400000 49.000000
7.880000 0.800000 0.504202 1.546270 1.795196 0.400000 49.000000
8.160000 0.800000 0.500000 0.643202 1.795196 0.400000 49.000000
8.440000 0.800000 0.481651 -2.663493 1.795196 0.400000 49.000000
8.720000 0.800000 0.468750 -0.818090 1.795196 0.400000 49.000000
9.000000 0.800000 0.430328 -1.219156 1.795196 0.400000 49.000000
9.280000 0.800000 0.420000 -1.089133 1.795196 0.400000 49.000000
9.560000 0.800000 0.394737 -1.184437 1.795196 0.400000 49.000000
9.840000 0.800000 0.375000 -1.199035 1.795196 0.400000 49.000000
10.120000 0.800000 1.000000 -0.663076 3.590392 0.400000 49.000000
10.400000 0.800000 0.997110 -0.478058 3.590392 0.400000 49.000000
10.680000 0.800000 0.351562 -1.313043 1.795196 0.400000 49.000000
10.960000 0.800000 0.340909 -1.341537 1.795196 0.400000 49.000000
11.240000 0.800000 0.334395 -1.303408 1.795196 0.400000 49.000000
11.520000 0.800000 0.326087 -1.289760 1.795196 0.400000 49.000000
11.800000 0.800000 0.316901 -1.359402 1.795196 0.400000 49.000000
12.080000 0.800000 0.310345 -1.253889 1.795196 0.400000 49.000000
12.360000 0.800000 0.300000 -1.082215 1.795196 0.400000 49.000000
12.640000 0.800000 0.500000 1.664137 2.692794 0.400000 49.000000
12.920000 0.800000 0.500000 2.732487 2.692794 0.400000 49.000000
13.200000 0.800000 0.508929 3.417134 2.692794 0.400000 49.000000
13.480000 0.800000 0.509434 3.871014 2.692794 0.400000 49.000000
13.760000 0.800000 0.507519 4.143779 2.692794 0.400000 49.000000
14.040000 0.800000 0.508929 4.269378 2.692794 0.400000 49.000000
14.320000 0.800000 0.506757 4.273165 2.692794 0.400000 49.000000
14.600000 0.800000 0.506431 4.148576 2.692794 0.400000 49.000000
14.880000 0.800000 0.500000 3.895750 2.692794 0.400000 49.000000
15.160000 0.800000 0.500000 3.473345 2.692794 0.400000 49.000000
15.440000 0.800000 0.498615 2.832103 2.692794 0.400000 49.000000
15.720000 0.800000 0.500000 1.826345 2.692794 0.400000 49.000000
16.000000 0.800000 0.407950 -0.799847 1.795196 0.400000 49.000000
16.280000 0.800000 0.225904 -1.456776 1.795196 0.400000 49.000000
16.560000 0.800000 0.224551 -1.272860 1.795196 0.400000 49.000000
16.840000 0.800000 0.219298 -1.347403 1.795196 0.400000 49.000000
17.120000 0.800000 0.218023 -1.337934 1.795196 0.400000 49.000000
17.400000 0.800000 0.211268 -1.365332 1.795196 0.400000 49.000000
17.680000 0.800000 0.203620 -1.336986 1.795196 0.400000 49.000000
17.960000 0.800000 0.199468 -1.320582 1.795196 0.400000 49.000000
18.240000 0.800000 0.197368 -1.509223 1.795196 0.400000 49.000000
18.520000 0.800000 0.266497 -1.879320 1.795196 0.400000 49.000000
18.800000 0.800000 0.500000 0.923557 3.590392 0.400000 49.000000
19.080000 0.800000 0.500000 2.464555 3.590392 0.400000 49.000000
19.360000 0.800000 0.500000 3.423880 3.590392 0.400000 49.000000
19.640000 0.800000 0.508929 4.090447 3.590392 0.400000 49.000000
19.920000 0.800000 0.500000 4.574973 3.590392 0.400000 49.000000
20.200000 0.800000 0.500000 4.896830 3.590392 0.400000 49.000000
20.480000 0.800000 0.500000 5.098463 3.590392 0.400000 49.000000
20.760000 0.800000 0.500000 5.173389 3.590392 0.400000 49.000000
21.040000 0.800000 0.500000 5.137786 3.590392 0.400000 49.000000
21.320000 0.800000 0.505051 4.989739 3.590392 0.400000 49.000000
21.600000 0.800000 0.506757 4.718550 3.590392 0.400000 49.000000
21.880000 0.800000 0.500000 4.312898 3.590392 0.400000 49.000000
22.160000 0.800000 0.500000 3.725225 3.590392 0.400000 49.000000
22.440000 0.800000 0.500000 2.898143 3.590392 0.400000 49.000000
22.720000 0.800000 0.500000 1.664685 3.590392 0.400000 49.000000
23.000000 0.800000 0.500000 -1.079170 3.590392 0.400000 49.000000
23.280000 0.800000 0.154959 -1.096271 1.795196 0.400000 49.000000
23.560000 0.800000 0.155602 -1.276471 1.795196 0.400000 49.000000
23.840000 0.800000 0.192308 -1.329318 1.795196 0.400000 49.000000
24.120000 0.800000 0.179283 -1.364337 1.795196 0.400000 49.000000
24.400000 0.800000 0.148221 -1.388631 1.795196 0.400000 49.000000
24.680000 0.800000 0.147638 -1.368861 1.795196 0.400000 49.000000
24.960000 0.800000 0.175781 -1.365820 1.795196 0.400000 49.000000
25.240000 0.800000 0.143541 -1.315421 1.795196 0.400000 49.000000
25.520000 0.800000 0.140449 -1.411160 1.795196 0.400000 49.000000
25.800000 0.800000 0.474138 -0.297482 1.795196 0.400000 49.000000
26.080000 0.800000 0.500000 1.837946 4.487990 0.400000 49.000000
26.360000 0.800000 0.500000 3.002359 4.487990 0.400000 49.000000
26.640000 0.800000 0.500000 3.786920 4.487990 0.400000 49.000000
26.920000 0.800000 0.500000 4.348882 4.487990 0.400000 49.000000
27.200000 0.800000 0.500000 4.744627 4.487990 0.400000 49.000000
27.480000 0.800000 0.501393 4.992918 4.487990 0.400000 49.000000
27.760000 0.800000 0.500000 4.989574 4.487990 0.400000 49.000000
28.040000 0.800000 0.502793 4.660827 4.487990 0.400000 49.000000
28.320000 0.800000 0.500000 5.099954 4.487990 0.400000 49.000000
28.600000 0.800000 0.500000 4.987460 4.487990 0.400000 49.000000
28.880000 0.800000 0.500000 4.711391 4.487990 0.400000 49.000000
29.160000 0.800000 0.500000 4.284026 4.487990 0.400000 49.000000
29.440000 0.800000 0.500000 3.680476 4.487990 0.400000 49.000000
29.720000 0.800000 0.498615 2.802467 4.487990 0.400000 49.000000
30.000000 0.800000 0.498615 1.415336 4.487990 0.400000 49.000000
