./faraday.py --filebase data/mode3_1 --frequency 25 --acceleration 0.5 --time 50 --iamp 1e-3 --xmesh 30 --zmesh 5 --length 4
Steps
15.000000
Height
0.500000
Length
4.000000
Mesh points
186
Surface points coordinates
155 156 157 158 159 160 161 162 163 164 165 166 167 168 169 170 171 172 173 174 175 176 177 178 179 180 181 182 183 184 185 
Interior surface points coordinates
156 157 158 159 160 161 162 163 164 165 166 167 168 169 170 171 172 173 174 175 176 177 178 179 180 181 182 183 184 
Substrate points coordinates
0 1 2 3 4 5 6 7 8 9 10 11 12 13 14 15 16 17 18 19 20 21 22 23 24 25 26 27 28 29 30 
Mesh cells
0 1 31 1 31 32 1 2 33 1 32 33 2 3 33 3 33 34 3 4 35 3 34 35 4 5 35 5 35 36 5 6 37 5 36 37 6 7 37 7 37 38 7 8 39 7 38 39 8 9 39 9 39 40 9 10 41 9 40 41 10 11 41 11 41 42 11 12 43 11 42 43 12 13 43 13 43 44 13 14 45 13 44 45 14 15 45 15 45 46 15 16 47 15 46 47 16 17 47 17 47 48 17 18 49 17 48 49 18 19 49 19 49 50 19 20 51 19 50 51 20 21 51 21 51 52 21 22 53 21 52 53 22 23 53 23 53 54 23 24 55 23 54 55 24 25 55 25 55 56 25 26 57 25 56 57 26 27 57 27 57 58 27 28 59 27 58 59 28 29 59 29 59 60 29 30 61 29 60 61 31 32 63 31 62 63 32 33 63 33 63 64 33 34 65 33 64 65 34 35 65 35 65 66 35 36 67 35 66 67 36 37 67 37 67 68 37 38 69 37 68 69 38 39 69 39 69 70 39 40 71 39 70 71 40 41 71 41 71 72 41 42 73 41 72 73 42 43 73 43 73 74 43 44 75 43 74 75 44 45 75 45 75 76 45 46 77 45 76 77 46 47 77 47 77 78 47 48 79 47 78 79 48 49 79 49 79 80 49 50 81 49 80 81 50 51 81 51 81 82 51 52 83 51 82 83 52 53 83 53 83 84 53 54 85 53 84 85 54 55 85 55 85 86 55 56 87 55 86 87 56 57 87 57 87 88 57 58 89 57 88 89 58 59 89 59 89 90 59 60 91 59 90 91 60 61 91 61 91 92 62 63 93 63 93 94 63 64 95 63 94 95 64 65 95 65 95 96 65 66 97 65 96 97 66 67 97 67 97 98 67 68 99 67 98 99 68 69 99 69 99 100 69 70 101 69 100 101 70 71 101 71 101 102 71 72 103 71 102 103 72 73 103 73 103 104 73 74 105 73 104 105 74 75 105 75 105 106 75 76 107 75 106 107 76 77 107 77 107 108 77 78 109 77 108 109 78 79 109 79 109 110 79 80 111 79 110 111 80 81 111 81 111 112 81 82 113 81 112 113 82 83 113 83 113 114 83 84 115 83 114 115 84 85 115 85 115 116 85 86 117 85 116 117 86 87 117 87 117 118 87 88 119 87 118 119 88 89 119 89 119 120 89 90 121 89 120 121 90 91 121 91 121 122 91 92 123 91 122 123 93 94 125 93 124 125 94 95 125 95 125 126 95 96 127 95 126 127 96 97 127 97 127 128 97 98 129 97 128 129 98 99 129 99 129 130 99 100 131 99 130 131 100 101 131 101 131 132 101 102 133 101 132 133 102 103 133 103 133 134 103 104 135 103 134 135 104 105 135 105 135 136 105 106 137 105 136 137 106 107 137 107 137 138 107 108 139 107 138 139 108 109 139 109 139 140 109 110 141 109 140 141 110 111 141 111 141 142 111 112 143 111 142 143 112 113 143 113 143 144 113 114 145 113 144 145 114 115 145 115 145 146 115 116 147 115 146 147 116 117 147 117 147 148 117 118 149 117 148 149 118 119 149 119 149 150 119 120 151 119 150 151 120 121 151 121 151 152 121 122 153 121 152 153 122 123 153 123 153 154 124 125 155 125 155 156 125 126 157 125 156 157 126 127 157 127 157 158 127 128 159 127 158 159 128 129 159 129 159 160 129 130 161 129 160 161 130 131 161 131 161 162 131 132 163 131 162 163 132 133 163 133 163 164 133 134 165 133 164 165 134 135 165 135 165 166 135 136 167 135 166 167 136 137 167 137 167 168 137 138 169 137 168 169 138 139 169 139 169 170 139 140 171 139 170 171 140 141 171 141 171 172 141 142 173 141 172 173 142 143 173 143 173 174 143 144 175 143 174 175 144 145 175 145 175 176 145 146 177 145 176 177 146 147 177 147 177 178 147 148 179 147 178 179 148 149 179 149 179 180 149 150 181 149 180 181 150 151 181 151 181 182 151 152 183 151 182 183 152 153 183 153 183 184 153 154 185 153 184 185 
Substrate modes
0.0 0.0 0.0 0.0 -0.0 0.0 -0.0 0.0 0.0 0.0 0.0 0.0 0.0 0.0 -0.0 0.0 
Results
25.000000 0.500000 0.500000 2.173453 3.926991 0.000000 0.000000
