./faraday.py --filebase data/random --xmesh 100 --zmesh 10 --time 0 --length 4 --samp 0.4 --smodes 12 --sseed 191
Steps
15.000000
Height
0.500000
Length
4.000000
Mesh points
1111
Surface points coordinates
1010 1011 1012 1013 1014 1015 1016 1017 1018 1019 1020 1021 1022 1023 1024 1025 1026 1027 1028 1029 1030 1031 1032 1033 1034 1035 1036 1037 1038 1039 1040 1041 1042 1043 1044 1045 1046 1047 1048 1049 1050 1051 1052 1053 1054 1055 1056 1057 1058 1059 1060 1061 1062 1063 1064 1065 1066 1067 1068 1069 1070 1071 1072 1073 1074 1075 1076 1077 1078 1079 1080 1081 1082 1083 1084 1085 1086 1087 1088 1089 1090 1091 1092 1093 1094 1095 1096 1097 1098 1099 1100 1101 1102 1103 1104 1105 1106 1107 1108 1109 1110 
Interior surface points coordinates
1011 1012 1013 1014 1015 1016 1017 1018 1019 1020 1021 1022 1023 1024 1025 1026 1027 1028 1029 1030 1031 1032 1033 1034 1035 1036 1037 1038 1039 1040 1041 1042 1043 1044 1045 1046 1047 1048 1049 1050 1051 1052 1053 1054 1055 1056 1057 1058 1059 1060 1061 1062 1063 1064 1065 1066 1067 1068 1069 1070 1071 1072 1073 1074 1075 1076 1077 1078 1079 1080 1081 1082 1083 1084 1085 1086 1087 1088 1089 1090 1091 1092 1093 1094 1095 1096 1097 1098 1099 1100 1101 1102 1103 1104 1105 1106 1107 1108 1109 
Substrate points coordinates
0 1 2 3 4 5 6 7 8 9 10 11 12 13 14 15 16 17 18 19 20 21 22 23 24 25 26 27 28 29 30 31 32 33 34 35 36 37 38 39 40 41 42 43 44 45 46 47 48 49 50 51 52 53 54 55 56 57 58 59 60 61 62 63 64 65 66 67 68 69 70 71 72 73 74 75 76 77 78 79 80 81 82 83 84 85 86 87 88 89 90 91 92 93 94 95 96 97 98 99 100 
Mesh cells
0 1 101 1 101 102 1 2 103 1 102 103 2 3 103 3 103 104 3 4 105 3 104 105 4 5 105 5 105 106 5 6 107 5 106 107 6 7 107 7 107 108 7 8 109 7 108 109 8 9 109 9 109 110 9 10 111 9 110 111 10 11 111 11 111 112 11 12 113 11 112 113 12 13 113 13 113 114 13 14 115 13 114 115 14 15 115 15 115 116 15 16 117 15 116 117 16 17 117 17 117 118 17 18 119 17 118 119 18 19 119 19 119 120 19 20 121 19 120 121 20 21 121 21 121 122 21 22 123 21 122 123 22 23 123 23 123 124 23 24 125 23 124 125 24 25 125 25 125 126 25 26 127 25 126 127 26 27 127 27 127 128 27 28 129 27 128 129 28 29 129 29 129 130 29 30 131 29 130 131 30 31 131 31 131 132 31 32 133 31 132 133 32 33 133 33 133 134 33 34 135 33 134 135 34 35 135 35 135 136 35 36 137 35 136 137 36 37 137 37 137 138 37 38 139 37 138 139 38 39 139 39 139 140 39 40 141 39 140 141 40 41 141 41 141 142 41 42 143 41 142 143 42 43 143 43 143 144 43 44 145 43 144 145 44 45 145 45 145 146 45 46 147 45 146 147 46 47 147 47 147 148 47 48 149 47 148 149 48 49 149 49 149 150 49 50 151 49 150 151 50 51 151 51 151 152 51 52 153 51 152 153 52 53 153 53 153 154 53 54 155 53 154 155 54 55 155 55 155 156 55 56 157 55 156 157 56 57 157 57 157 158 57 58 159 57 158 159 58 59 159 59 159 160 59 60 161 59 160 161 60 61 161 61 161 162 61 62 163 61 162 163 62 63 163 63 163 164 63 64 165 63 164 165 64 65 165 65 165 166 65 66 167 65 166 167 66 67 167 67 167 168 67 68 169 67 168 169 68 69 169 69 169 170 69 70 171 69 170 171 70 71 171 71 171 172 71 72 173 71 172 173 72 73 173 73 173 174 73 74 175 73 174 175 74 75 175 75 175 176 75 76 177 75 176 177 76 77 177 77 177 178 77 78 179 77 178 179 78 79 179 79 179 180 79 80 181 79 180 181 80 81 181 81 181 182 81 82 183 81 182 183 82 83 183 83 183 184 83 84 185 83 184 185 84 85 185 85 185 186 85 86 187 85 186 187 86 87 187 87 187 188 87 88 189 87 188 189 88 89 189 89 189 190 89 90 191 89 190 191 90 91 191 91 191 192 91 92 193 91 192 193 92 93 193 93 193 194 93 94 195 93 194 195 94 95 195 95 195 196 95 96 197 95 196 197 96 97 197 97 197 198 97 98 199 97 198 199 98 99 199 99 199 200 99 100 201 99 200 201 101 102 203 101 202 203 102 103 203 103 203 204 103 104 205 103 204 205 104 105 205 105 205 206 105 106 207 105 206 207 106 107 207 107 207 208 107 108 209 107 208 209 108 109 209 109 209 210 109 110 211 109 210 211 110 111 211 111 211 212 111 112 213 111 212 213 112 113 213 113 213 214 113 114 215 113 214 215 114 115 215 115 215 216 115 116 217 115 216 217 116 117 217 117 217 218 117 118 219 117 218 219 118 119 219 119 219 220 119 120 221 119 220 221 120 121 221 121 221 222 121 122 223 121 222 223 122 123 223 123 223 224 123 124 225 123 224 225 124 125 225 125 225 226 125 126 227 125 226 227 126 127 227 127 227 228 127 128 229 127 228 229 128 129 229 129 229 230 129 130 231 129 230 231 130 131 231 131 231 232 131 132 233 131 232 233 132 133 233 133 233 234 133 134 235 133 234 235 134 135 235 135 235 236 135 136 237 135 236 237 136 137 237 137 237 238 137 138 239 137 238 239 138 139 239 139 239 240 139 140 241 139 240 241 140 141 241 141 241 242 141 142 243 141 242 243 142 143 243 143 243 244 143 144 245 143 244 245 144 145 245 145 245 246 145 146 247 145 246 247 146 147 247 147 247 248 147 148 249 147 248 249 148 149 249 149 249 250 149 150 251 149 250 251 150 151 251 151 251 252 151 152 253 151 252 253 152 153 253 153 253 254 153 154 255 153 254 255 154 155 255 155 255 256 155 156 257 155 256 257 156 157 257 157 257 258 157 158 259 157 258 259 158 159 259 159 259 260 159 160 261 159 260 261 160 161 261 161 261 262 161 162 263 161 262 263 162 163 263 163 263 264 163 164 265 163 264 265 164 165 265 165 265 266 165 166 267 165 266 267 166 167 267 167 267 268 167 168 269 167 268 269 168 169 269 169 269 270 169 170 271 169 270 271 170 171 271 171 271 272 171 172 273 171 272 273 172 173 273 173 273 274 173 174 275 173 274 275 174 175 275 175 275 276 175 176 277 175 276 277 176 177 277 177 277 278 177 178 279 177 278 279 178 179 279 179 279 280 179 180 281 179 280 281 180 181 281 181 281 282 181 182 283 181 282 283 182 183 283 183 283 284 183 184 285 183 284 285 184 185 285 185 285 286 185 186 287 185 286 287 186 187 287 187 287 288 187 188 289 187 288 289 188 189 289 189 289 290 189 190 291 189 290 291 190 191 291 191 291 292 191 192 293 191 292 293 192 193 293 193 293 294 193 194 295 193 294 295 194 195 295 195 295 296 195 196 297 195 296 297 196 197 297 197 297 298 197 198 299 197 298 299 198 199 299 199 299 300 199 200 301 199 300 301 200 201 301 201 301 302 202 203 303 203 303 304 203 204 305 203 304 305 204 205 305 205 305 306 205 206 307 205 306 307 206 207 307 207 307 308 207 208 309 207 308 309 208 209 309 209 309 310 209 210 311 209 310 311 210 211 311 211 311 312 211 212 313 211 312 313 212 213 313 213 313 314 213 214 315 213 314 315 214 215 315 215 315 316 215 216 317 215 316 317 216 217 317 217 317 318 217 218 319 217 318 319 218 219 319 219 319 320 219 220 321 219 320 321 220 221 321 221 321 322 221 222 323 221 322 323 222 223 323 223 323 324 223 224 325 223 324 325 224 225 325 225 325 326 225 226 327 225 326 327 226 227 327 227 327 328 227 228 329 227 328 329 228 229 329 229 329 330 229 230 331 229 330 331 230 231 331 231 331 332 231 232 333 231 332 333 232 233 333 233 333 334 233 234 335 233 334 335 234 235 335 235 335 336 235 236 337 235 336 337 236 237 337 237 337 338 237 238 339 237 338 339 238 239 339 239 339 340 239 240 341 239 340 341 240 241 341 241 341 342 241 242 343 241 342 343 242 243 343 243 343 344 243 244 345 243 344 345 244 245 345 245 345 346 245 246 347 245 346 347 246 247 347 247 347 348 247 248 349 247 348 349 248 249 349 249 349 350 249 250 351 249 350 351 250 251 351 251 351 352 251 252 353 251 352 353 252 253 353 253 353 354 253 254 355 253 354 355 254 255 355 255 355 356 255 256 357 255 356 357 256 257 357 257 357 358 257 258 359 257 358 359 258 259 359 259 359 360 259 260 361 259 360 361 260 261 361 261 361 362 261 262 363 261 362 363 262 263 363 263 363 364 263 264 365 263 364 365 264 265 365 265 365 366 265 266 367 265 366 367 266 267 367 267 367 368 267 268 369 267 368 369 268 269 369 269 369 370 269 270 371 269 370 371 270 271 371 271 371 372 271 272 373 271 372 373 272 273 373 273 373 374 273 274 375 273 374 375 274 275 375 275 375 376 275 276 377 275 376 377 276 277 377 277 377 378 277 278 379 277 378 379 278 279 379 279 379 380 279 280 381 279 380 381 280 281 381 281 381 382 281 282 383 281 382 383 282 283 383 283 383 384 283 284 385 283 384 385 284 285 385 285 385 386 285 286 387 285 386 387 286 287 387 287 387 388 287 288 389 287 388 389 288 289 389 289 389 390 289 290 391 289 390 391 290 291 391 291 391 392 291 292 393 291 392 393 292 293 393 293 393 394 293 294 395 293 394 395 294 295 395 295 395 396 295 296 397 295 396 397 296 297 397 297 397 398 297 298 399 297 398 399 298 299 399 299 399 400 299 300 401 299 400 401 300 301 401 301 401 402 301 302 403 301 402 403 303 304 405 303 404 405 304 305 405 305 405 406 305 306 407 305 406 407 306 307 407 307 407 408 307 308 409 307 408 409 308 309 409 309 409 410 309 310 411 309 410 411 310 311 411 311 411 412 311 312 413 311 412 413 312 313 413 313 413 414 313 314 415 313 414 415 314 315 415 315 415 416 315 316 417 315 416 417 316 317 417 317 417 418 317 318 419 317 418 419 318 319 419 319 419 420 319 320 421 319 420 421 320 321 421 321 421 422 321 322 423 321 422 423 322 323 423 323 423 424 323 324 425 323 424 425 324 325 425 325 425 426 325 326 427 325 426 427 326 327 427 327 427 428 327 328 429 327 428 429 328 329 429 329 429 430 329 330 431 329 430 431 330 331 431 331 431 432 331 332 433 331 432 433 332 333 433 333 433 434 333 334 435 333 434 435 334 335 435 335 435 436 335 336 437 335 436 437 336 337 437 337 437 438 337 338 439 337 438 439 338 339 439 339 439 440 339 340 441 339 440 441 340 341 441 341 441 442 341 342 443 341 442 443 342 343 443 343 443 444 343 344 445 343 444 445 344 345 445 345 445 446 345 346 447 345 446 447 346 347 447 347 447 448 347 348 449 347 448 449 348 349 449 349 449 450 349 350 451 349 450 451 350 351 451 351 451 452 351 352 453 351 452 453 352 353 453 353 453 454 353 354 455 353 454 455 354 355 455 355 455 456 355 356 457 355 456 457 356 357 457 357 457 458 357 358 459 357 458 459 358 359 459 359 459 460 359 360 461 359 460 461 360 361 461 361 461 462 361 362 463 361 462 463 362 363 463 363 463 464 363 364 465 363 464 465 364 365 465 365 465 466 365 366 467 365 466 467 366 367 467 367 467 468 367 368 469 367 468 469 368 369 469 369 469 470 369 370 471 369 470 471 370 371 471 371 471 472 371 372 473 371 472 473 372 373 473 373 473 474 373 374 475 373 474 475 374 375 475 375 475 476 375 376 477 375 476 477 376 377 477 377 477 478 377 378 479 377 478 479 378 379 479 379 479 480 379 380 481 379 480 481 380 381 481 381 481 482 381 382 483 381 482 483 382 383 483 383 483 484 383 384 485 383 484 485 384 385 485 385 485 486 385 386 487 385 486 487 386 387 487 387 487 488 387 388 489 387 488 489 388 389 489 389 489 490 389 390 491 389 490 491 390 391 491 391 491 492 391 392 493 391 492 493 392 393 493 393 493 494 393 394 495 393 494 495 394 395 495 395 495 496 395 396 497 395 496 497 396 397 497 397 497 498 397 398 499 397 498 499 398 399 499 399 499 500 399 400 501 399 500 501 400 401 501 401 501 502 401 402 503 401 502 503 402 403 503 403 503 504 404 405 505 405 505 506 405 406 507 405 506 507 406 407 507 407 507 508 407 408 509 407 508 509 408 409 509 409 509 510 409 410 511 409 510 511 410 411 511 411 511 512 411 412 513 411 512 513 412 413 513 413 513 514 413 414 515 413 514 515 414 415 515 415 515 516 415 416 517 415 516 517 416 417 517 417 517 518 417 418 519 417 518 519 418 419 519 419 519 520 419 420 521 419 520 521 420 421 521 421 521 522 421 422 523 421 522 523 422 423 523 423 523 524 423 424 525 423 524 525 424 425 525 425 525 526 425 426 527 425 526 527 426 427 527 427 527 528 427 428 529 427 528 529 428 429 529 429 529 530 429 430 531 429 530 531 430 431 531 431 531 532 431 432 533 431 532 533 432 433 533 433 533 534 433 434 535 433 534 535 434 435 535 435 535 536 435 436 537 435 536 537 436 437 537 437 537 538 437 438 539 437 538 539 438 439 539 439 539 540 439 440 541 439 540 541 440 441 541 441 541 542 441 442 543 441 542 543 442 443 543 443 543 544 443 444 545 443 544 545 444 445 545 445 545 546 445 446 547 445 546 547 446 447 547 447 547 548 447 448 549 447 548 549 448 449 549 449 549 550 449 450 551 449 550 551 450 451 551 451 551 552 451 452 553 451 552 553 452 453 553 453 553 554 453 454 555 453 554 555 454 455 555 455 555 556 455 456 557 455 556 557 456 457 557 457 557 558 457 458 559 457 558 559 458 459 559 459 559 560 459 460 561 459 560 561 460 461 561 461 561 562 461 462 563 461 562 563 462 463 563 463 563 564 463 464 565 463 564 565 464 465 565 465 565 566 465 466 567 465 566 567 466 467 567 467 567 568 467 468 569 467 568 569 468 469 569 469 569 570 469 470 571 469 570 571 470 471 571 471 571 572 471 472 573 471 572 573 472 473 573 473 573 574 473 474 575 473 574 575 474 475 575 475 575 576 475 476 577 475 576 577 476 477 577 477 577 578 477 478 579 477 578 579 478 479 579 479 579 580 479 480 581 479 580 581 480 481 581 481 581 582 481 482 583 481 582 583 482 483 583 483 583 584 483 484 585 483 584 585 484 485 585 485 585 586 485 486 587 485 586 587 486 487 587 487 587 588 487 488 589 487 588 589 488 489 589 489 589 590 489 490 591 489 590 591 490 491 591 491 591 592 491 492 593 491 592 593 492 493 593 493 593 594 493 494 595 493 594 595 494 495 595 495 595 596 495 496 597 495 596 597 496 497 597 497 597 598 497 498 599 497 598 599 498 499 599 499 599 600 499 500 601 499 600 601 500 501 601 501 601 602 501 502 603 501 602 603 502 503 603 503 603 604 503 504 605 503 604 605 505 506 607 505 606 607 506 507 607 507 607 608 507 508 609 507 608 609 508 509 609 509 609 610 509 510 611 509 610 611 510 511 611 511 611 612 511 512 613 511 612 613 512 513 613 513 613 614 513 514 615 513 614 615 514 515 615 515 615 616 515 516 617 515 616 617 516 517 617 517 617 618 517 518 619 517 618 619 518 519 619 519 619 620 519 520 621 519 620 621 520 521 621 521 621 622 521 522 623 521 622 623 522 523 623 523 623 624 523 524 625 523 624 625 524 525 625 525 625 626 525 526 627 525 626 627 526 527 627 527 627 628 527 528 629 527 628 629 528 529 629 529 629 630 529 530 631 529 630 631 530 531 631 531 631 632 531 532 633 531 632 633 532 533 633 533 633 634 533 534 635 533 634 635 534 535 635 535 635 636 535 536 637 535 636 637 536 537 637 537 637 638 537 538 639 537 638 639 538 539 639 539 639 640 539 540 641 539 640 641 540 541 641 541 641 642 541 542 643 541 642 643 542 543 643 543 643 644 543 544 645 543 644 645 544 545 645 545 645 646 545 546 647 545 646 647 546 547 647 547 647 648 547 548 649 547 648 649 548 549 649 549 649 650 549 550 651 549 650 651 550 551 651 551 651 652 551 552 653 551 652 653 552 553 653 553 653 654 553 554 655 553 654 655 554 555 655 555 655 656 555 556 657 555 656 657 556 557 657 557 657 658 557 558 659 557 658 659 558 559 659 559 659 660 559 560 661 559 660 661 560 561 661 561 661 662 561 562 663 561 662 663 562 563 663 563 663 664 563 564 665 563 664 665 564 565 665 565 665 666 565 566 667 565 666 667 566 567 667 567 667 668 567 568 669 567 668 669 568 569 669 569 669 670 569 570 671 569 670 671 570 571 671 571 671 672 571 572 673 571 672 673 572 573 673 573 673 674 573 574 675 573 674 675 574 575 675 575 675 676 575 576 677 575 676 677 576 577 677 577 677 678 577 578 679 577 678 679 578 579 679 579 679 680 579 580 681 579 680 681 580 581 681 581 681 682 581 582 683 581 682 683 582 583 683 583 683 684 583 584 685 583 684 685 584 585 685 585 685 686 585 586 687 585 686 687 586 587 687 587 687 688 587 588 689 587 688 689 588 589 689 589 689 690 589 590 691 589 690 691 590 591 691 591 691 692 591 592 693 591 692 693 592 593 693 593 693 694 593 594 695 593 694 695 594 595 695 595 695 696 595 596 697 595 696 697 596 597 697 597 697 698 597 598 699 597 698 699 598 599 699 599 699 700 599 600 701 599 700 701 600 601 701 601 701 702 601 602 703 601 702 703 602 603 703 603 703 704 603 604 705 603 704 705 604 605 705 605 705 706 606 607 707 607 707 708 607 608 709 607 708 709 608 609 709 609 709 710 609 610 711 609 710 711 610 611 711 611 711 712 611 612 713 611 712 713 612 613 713 613 713 714 613 614 715 613 714 715 614 615 715 615 715 716 615 616 717 615 716 717 616 617 717 617 717 718 617 618 719 617 718 719 618 619 719 619 719 720 619 620 721 619 720 721 620 621 721 621 721 722 621 622 723 621 722 723 622 623 723 623 723 724 623 624 725 623 724 725 624 625 725 625 725 726 625 626 727 625 726 727 626 627 727 627 727 728 627 628 729 627 728 729 628 629 729 629 729 730 629 630 731 629 730 731 630 631 731 631 731 732 631 632 733 631 732 733 632 633 733 633 733 734 633 634 735 633 734 735 634 635 735 635 735 736 635 636 737 635 736 737 636 637 737 637 737 738 637 638 739 637 738 739 638 639 739 639 739 740 639 640 741 639 740 741 640 641 741 641 741 742 641 642 743 641 742 743 642 643 743 643 743 744 643 644 745 643 744 745 644 645 745 645 745 746 645 646 747 645 746 747 646 647 747 647 747 748 647 648 749 647 748 749 648 649 749 649 749 750 649 650 751 649 750 751 650 651 751 651 751 752 651 652 753 651 752 753 652 653 753 653 753 754 653 654 755 653 754 755 654 655 755 655 755 756 655 656 757 655 756 757 656 657 757 657 757 758 657 658 759 657 758 759 658 659 759 659 759 760 659 660 761 659 760 761 660 661 761 661 761 762 661 662 763 661 762 763 662 663 763 663 763 764 663 664 765 663 764 765 664 665 765 665 765 766 665 666 767 665 766 767 666 667 767 667 767 768 667 668 769 667 768 769 668 669 769 669 769 770 669 670 771 669 770 771 670 671 771 671 771 772 671 672 773 671 772 773 672 673 773 673 773 774 673 674 775 673 774 775 674 675 775 675 775 776 675 676 777 675 776 777 676 677 777 677 777 778 677 678 779 677 778 779 678 679 779 679 779 780 679 680 781 679 780 781 680 681 781 681 781 782 681 682 783 681 782 783 682 683 783 683 783 784 683 684 785 683 784 785 684 685 785 685 785 786 685 686 787 685 786 787 686 687 787 687 787 788 687 688 789 687 788 789 688 689 789 689 789 790 689 690 791 689 790 791 690 691 791 691 791 792 691 692 793 691 792 793 692 693 793 693 793 794 693 694 795 693 794 795 694 695 795 695 795 796 695 696 797 695 796 797 696 697 797 697 797 798 697 698 799 697 798 799 698 699 799 699 799 800 699 700 801 699 800 801 700 701 801 701 801 802 701 702 803 701 802 803 702 703 803 703 803 804 703 704 805 703 804 805 704 705 805 705 805 806 705 706 807 705 806 807 707 708 809 707 808 809 708 709 809 709 809 810 709 710 811 709 810 811 710 711 811 711 811 812 711 712 813 711 812 813 712 713 813 713 813 814 713 714 815 713 814 815 714 715 815 715 815 816 715 716 817 715 816 817 716 717 817 717 817 818 717 718 819 717 818 819 718 719 819 719 819 820 719 720 821 719 820 821 720 721 821 721 821 822 721 722 823 721 822 823 722 723 823 723 823 824 723 724 825 723 824 825 724 725 825 725 825 826 725 726 827 725 826 827 726 727 827 727 827 828 727 728 829 727 828 829 728 729 829 729 829 830 729 730 831 729 830 831 730 731 831 731 831 832 731 732 833 731 832 833 732 733 833 733 833 834 733 734 835 733 834 835 734 735 835 735 835 836 735 736 837 735 836 837 736 737 837 737 837 838 737 738 839 737 838 839 738 739 839 739 839 840 739 740 841 739 840 841 740 741 841 741 841 842 741 742 843 741 842 843 742 743 843 743 843 844 743 744 845 743 844 845 744 745 845 745 845 846 745 746 847 745 846 847 746 747 847 747 847 848 747 748 849 747 848 849 748 749 849 749 849 850 749 750 851 749 850 851 750 751 851 751 851 852 751 752 853 751 852 853 752 753 853 753 853 854 753 754 855 753 854 855 754 755 855 755 855 856 755 756 857 755 856 857 756 757 857 757 857 858 757 758 859 757 858 859 758 759 859 759 859 860 759 760 861 759 860 861 760 761 861 761 861 862 761 762 863 761 862 863 762 763 863 763 863 864 763 764 865 763 864 865 764 765 865 765 865 866 765 766 867 765 866 867 766 767 867 767 867 868 767 768 869 767 868 869 768 769 869 769 869 870 769 770 871 769 870 871 770 771 871 771 871 872 771 772 873 771 872 873 772 773 873 773 873 874 773 774 875 773 874 875 774 775 875 775 875 876 775 776 877 775 876 877 776 777 877 777 877 878 777 778 879 777 878 879 778 779 879 779 879 880 779 780 881 779 880 881 780 781 881 781 881 882 781 782 883 781 882 883 782 783 883 783 883 884 783 784 885 783 884 885 784 785 885 785 885 886 785 786 887 785 886 887 786 787 887 787 887 888 787 788 889 787 888 889 788 789 889 789 889 890 789 790 891 789 890 891 790 791 891 791 891 892 791 792 893 791 892 893 792 793 893 793 893 894 793 794 895 793 894 895 794 795 895 795 895 896 795 796 897 795 896 897 796 797 897 797 897 898 797 798 899 797 898 899 798 799 899 799 899 900 799 800 901 799 900 901 800 801 901 801 901 902 801 802 903 801 902 903 802 803 903 803 903 904 803 804 905 803 904 905 804 805 905 805 905 906 805 806 907 805 906 907 806 807 907 807 907 908 808 809 909 809 909 910 809 810 911 809 910 911 810 811 911 811 911 912 811 812 913 811 912 913 812 813 913 813 913 914 813 814 915 813 914 915 814 815 915 815 915 916 815 816 917 815 916 917 816 817 917 817 917 918 817 818 919 817 918 919 818 819 919 819 919 920 819 820 921 819 920 921 820 821 921 821 921 922 821 822 923 821 922 923 822 823 923 823 923 924 823 824 925 823 924 925 824 825 925 825 925 926 825 826 927 825 926 927 826 827 927 827 927 928 827 828 929 827 928 929 828 829 929 829 929 930 829 830 931 829 930 931 830 831 931 831 931 932 831 832 933 831 932 933 832 833 933 833 933 934 833 834 935 833 934 935 834 835 935 835 935 936 835 836 937 835 936 937 836 837 937 837 937 938 837 838 939 837 938 939 838 839 939 839 939 940 839 840 941 839 940 941 840 841 941 841 941 942 841 842 943 841 942 943 842 843 943 843 943 944 843 844 945 843 944 945 844 845 945 845 945 946 845 846 947 845 946 947 846 847 947 847 947 948 847 848 949 847 948 949 848 849 949 849 949 950 849 850 951 849 950 951 850 851 951 851 951 952 851 852 953 851 952 953 852 853 953 853 953 954 853 854 955 853 954 955 854 855 955 855 955 956 855 856 957 855 956 957 856 857 957 857 957 958 857 858 959 857 958 959 858 859 959 859 959 960 859 860 961 859 960 961 860 861 961 861 961 962 861 862 963 861 962 963 862 863 963 863 963 964 863 864 965 863 964 965 864 865 965 865 965 966 865 866 967 865 966 967 866 867 967 867 967 968 867 868 969 867 968 969 868 869 969 869 969 970 869 870 971 869 970 971 870 871 971 871 971 972 871 872 973 871 972 973 872 873 973 873 973 974 873 874 975 873 974 975 874 875 975 875 975 976 875 876 977 875 976 977 876 877 977 877 977 978 877 878 979 877 978 979 878 879 979 879 979 980 879 880 981 879 980 981 880 881 981 881 981 982 881 882 983 881 982 983 882 883 983 883 983 984 883 884 985 883 984 985 884 885 985 885 985 986 885 886 987 885 986 987 886 887 987 887 987 988 887 888 989 887 988 989 888 889 989 889 989 990 889 890 991 889 990 991 890 891 991 891 991 992 891 892 993 891 992 993 892 893 993 893 993 994 893 894 995 893 994 995 894 895 995 895 995 996 895 896 997 895 996 997 896 897 997 897 997 998 897 898 999 897 998 999 898 899 999 899 999 1000 899 900 1001 899 1000 1001 900 901 1001 901 1001 1002 901 902 1003 901 1002 1003 902 903 1003 903 1003 1004 903 904 1005 903 1004 1005 904 905 1005 905 1005 1006 905 906 1007 905 1006 1007 906 907 1007 907 1007 1008 907 908 1009 907 1008 1009 909 910 1011 909 1010 1011 910 911 1011 911 1011 1012 911 912 1013 911 1012 1013 912 913 1013 913 1013 1014 913 914 1015 913 1014 1015 914 915 1015 915 1015 1016 915 916 1017 915 1016 1017 916 917 1017 917 1017 1018 917 918 1019 917 1018 1019 918 919 1019 919 1019 1020 919 920 1021 919 1020 1021 920 921 1021 921 1021 1022 921 922 1023 921 1022 1023 922 923 1023 923 1023 1024 923 924 1025 923 1024 1025 924 925 1025 925 1025 1026 925 926 1027 925 1026 1027 926 927 1027 927 1027 1028 927 928 1029 927 1028 1029 928 929 1029 929 1029 1030 929 930 1031 929 1030 1031 930 931 1031 931 1031 1032 931 932 1033 931 1032 1033 932 933 1033 933 1033 1034 933 934 1035 933 1034 1035 934 935 1035 935 1035 1036 935 936 1037 935 1036 1037 936 937 1037 937 1037 1038 937 938 1039 937 1038 1039 938 939 1039 939 1039 1040 939 940 1041 939 1040 1041 940 941 1041 941 1041 1042 941 942 1043 941 1042 1043 942 943 1043 943 1043 1044 943 944 1045 943 1044 1045 944 945 1045 945 1045 1046 945 946 1047 945 1046 1047 946 947 1047 947 1047 1048 947 948 1049 947 1048 1049 948 949 1049 949 1049 1050 949 950 1051 949 1050 1051 950 951 1051 951 1051 1052 951 952 1053 951 1052 1053 952 953 1053 953 1053 1054 953 954 1055 953 1054 1055 954 955 1055 955 1055 1056 955 956 1057 955 1056 1057 956 957 1057 957 1057 1058 957 958 1059 957 1058 1059 958 959 1059 959 1059 1060 959 960 1061 959 1060 1061 960 961 1061 961 1061 1062 961 962 1063 961 1062 1063 962 963 1063 963 1063 1064 963 964 1065 963 1064 1065 964 965 1065 965 1065 1066 965 966 1067 965 1066 1067 966 967 1067 967 1067 1068 967 968 1069 967 1068 1069 968 969 1069 969 1069 1070 969 970 1071 969 1070 1071 970 971 1071 971 1071 1072 971 972 1073 971 1072 1073 972 973 1073 973 1073 1074 973 974 1075 973 1074 1075 974 975 1075 975 1075 1076 975 976 1077 975 1076 1077 976 977 1077 977 1077 1078 977 978 1079 977 1078 1079 978 979 1079 979 1079 1080 979 980 1081 979 1080 1081 980 981 1081 981 1081 1082 981 982 1083 981 1082 1083 982 983 1083 983 1083 1084 983 984 1085 983 1084 1085 984 985 1085 985 1085 1086 985 986 1087 985 1086 1087 986 987 1087 987 1087 1088 987 988 1089 987 1088 1089 988 989 1089 989 1089 1090 989 990 1091 989 1090 1091 990 991 1091 991 1091 1092 991 992 1093 991 1092 1093 992 993 1093 993 1093 1094 993 994 1095 993 1094 1095 994 995 1095 995 1095 1096 995 996 1097 995 1096 1097 996 997 1097 997 1097 1098 997 998 1099 997 1098 1099 998 999 1099 999 1099 1100 999 1000 1101 999 1100 1101 1000 1001 1101 1001 1101 1102 1001 1002 1103 1001 1102 1103 1002 1003 1103 1003 1103 1104 1003 1004 1105 1003 1104 1105 1004 1005 1105 1005 1105 1106 1005 1006 1107 1005 1106 1107 1006 1007 1107 1007 1107 1108 1007 1008 1109 1007 1108 1109 1008 1009 1109 1009 1109 1110 
Substrate modes
0.033287798559263136 0.0 -0.2886331897336355 0.0 -0.14889778826965908 0.0 -0.2131424834314573 0.0 0.3205364197730929 0.0 -0.24595924125549795 0.0 0.0 0.0 0.1165198548517962 0.0 -0.22560268438133316 0.0 -0.26754123678980646 0.0 0.34197209067457734 0.0 -0.3536223604526848 0.0 
Results
24.000000 1.000000 