./faraday.py --length 4 --height 0.5 --contact periodic --time 0 --filebase data/sharp502 --samp 0.4 --xmesh 100 --zmesh 5
Steps
15.000000
Height
0.500000
Length
4.000000
Mesh points
606
Surface points coordinates
505 506 507 508 509 510 511 512 513 514 515 516 517 518 519 520 521 522 523 524 525 526 527 528 529 530 531 532 533 534 535 536 537 538 539 540 541 542 543 544 545 546 547 548 549 550 551 552 553 554 555 556 557 558 559 560 561 562 563 564 565 566 567 568 569 570 571 572 573 574 575 576 577 578 579 580 581 582 583 584 585 586 587 588 589 590 591 592 593 594 595 596 597 598 599 600 601 602 603 604 605 
Interior surface points coordinates
506 507 508 509 510 511 512 513 514 515 516 517 518 519 520 521 522 523 524 525 526 527 528 529 530 531 532 533 534 535 536 537 538 539 540 541 542 543 544 545 546 547 548 549 550 551 552 553 554 555 556 557 558 559 560 561 562 563 564 565 566 567 568 569 570 571 572 573 574 575 576 577 578 579 580 581 582 583 584 585 586 587 588 589 590 591 592 593 594 595 596 597 598 599 600 601 602 603 604 
Substrate points coordinates
0 1 2 3 4 5 6 7 8 9 10 11 12 13 14 15 16 17 18 19 20 21 22 23 24 25 26 27 28 29 30 31 32 33 34 35 36 37 38 39 40 41 42 43 44 45 46 47 48 49 50 51 52 53 54 55 56 57 58 59 60 61 62 63 64 65 66 67 68 69 70 71 72 73 74 75 76 77 78 79 80 81 82 83 84 85 86 87 88 89 90 91 92 93 94 95 96 97 98 99 100 
Mesh cells
0 1 101 1 101 102 1 2 103 1 102 103 2 3 103 3 103 104 3 4 105 3 104 105 4 5 105 5 105 106 5 6 107 5 106 107 6 7 107 7 107 108 7 8 109 7 108 109 8 9 109 9 109 110 9 10 111 9 110 111 10 11 111 11 111 112 11 12 113 11 112 113 12 13 113 13 113 114 13 14 115 13 114 115 14 15 115 15 115 116 15 16 117 15 116 117 16 17 117 17 117 118 17 18 119 17 118 119 18 19 119 19 119 120 19 20 121 19 120 121 20 21 121 21 121 122 21 22 123 21 122 123 22 23 123 23 123 124 23 24 125 23 124 125 24 25 125 25 125 126 25 26 127 25 126 127 26 27 127 27 127 128 27 28 129 27 128 129 28 29 129 29 129 130 29 30 131 29 130 131 30 31 131 31 131 132 31 32 133 31 132 133 32 33 133 33 133 134 33 34 135 33 134 135 34 35 135 35 135 136 35 36 137 35 136 137 36 37 137 37 137 138 37 38 139 37 138 139 38 39 139 39 139 140 39 40 141 39 140 141 40 41 141 41 141 142 41 42 143 41 142 143 42 43 143 43 143 144 43 44 145 43 144 145 44 45 145 45 145 146 45 46 147 45 146 147 46 47 147 47 147 148 47 48 149 47 148 149 48 49 149 49 149 150 49 50 151 49 150 151 50 51 151 51 151 152 51 52 153 51 152 153 52 53 153 53 153 154 53 54 155 53 154 155 54 55 155 55 155 156 55 56 157 55 156 157 56 57 157 57 157 158 57 58 159 57 158 159 58 59 159 59 159 160 59 60 161 59 160 161 60 61 161 61 161 162 61 62 163 61 162 163 62 63 163 63 163 164 63 64 165 63 164 165 64 65 165 65 165 166 65 66 167 65 166 167 66 67 167 67 167 168 67 68 169 67 168 169 68 69 169 69 169 170 69 70 171 69 170 171 70 71 171 71 171 172 71 72 173 71 172 173 72 73 173 73 173 174 73 74 175 73 174 175 74 75 175 75 175 176 75 76 177 75 176 177 76 77 177 77 177 178 77 78 179 77 178 179 78 79 179 79 179 180 79 80 181 79 180 181 80 81 181 81 181 182 81 82 183 81 182 183 82 83 183 83 183 184 83 84 185 83 184 185 84 85 185 85 185 186 85 86 187 85 186 187 86 87 187 87 187 188 87 88 189 87 188 189 88 89 189 89 189 190 89 90 191 89 190 191 90 91 191 91 191 192 91 92 193 91 192 193 92 93 193 93 193 194 93 94 195 93 194 195 94 95 195 95 195 196 95 96 197 95 196 197 96 97 197 97 197 198 97 98 199 97 198 199 98 99 199 99 199 200 99 100 201 99 200 201 101 102 203 101 202 203 102 103 203 103 203 204 103 104 205 103 204 205 104 105 205 105 205 206 105 106 207 105 206 207 106 107 207 107 207 208 107 108 209 107 208 209 108 109 209 109 209 210 109 110 211 109 210 211 110 111 211 111 211 212 111 112 213 111 212 213 112 113 213 113 213 214 113 114 215 113 214 215 114 115 215 115 215 216 115 116 217 115 216 217 116 117 217 117 217 218 117 118 219 117 218 219 118 119 219 119 219 220 119 120 221 119 220 221 120 121 221 121 221 222 121 122 223 121 222 223 122 123 223 123 223 224 123 124 225 123 224 225 124 125 225 125 225 226 125 126 227 125 226 227 126 127 227 127 227 228 127 128 229 127 228 229 128 129 229 129 229 230 129 130 231 129 230 231 130 131 231 131 231 232 131 132 233 131 232 233 132 133 233 133 233 234 133 134 235 133 234 235 134 135 235 135 235 236 135 136 237 135 236 237 136 137 237 137 237 238 137 138 239 137 238 239 138 139 239 139 239 240 139 140 241 139 240 241 140 141 241 141 241 242 141 142 243 141 242 243 142 143 243 143 243 244 143 144 245 143 244 245 144 145 245 145 245 246 145 146 247 145 246 247 146 147 247 147 247 248 147 148 249 147 248 249 148 149 249 149 249 250 149 150 251 149 250 251 150 151 251 151 251 252 151 152 253 151 252 253 152 153 253 153 253 254 153 154 255 153 254 255 154 155 255 155 255 256 155 156 257 155 256 257 156 157 257 157 257 258 157 158 259 157 258 259 158 159 259 159 259 260 159 160 261 159 260 261 160 161 261 161 261 262 161 162 263 161 262 263 162 163 263 163 263 264 163 164 265 163 264 265 164 165 265 165 265 266 165 166 267 165 266 267 166 167 267 167 267 268 167 168 269 167 268 269 168 169 269 169 269 270 169 170 271 169 270 271 170 171 271 171 271 272 171 172 273 171 272 273 172 173 273 173 273 274 173 174 275 173 274 275 174 175 275 175 275 276 175 176 277 175 276 277 176 177 277 177 277 278 177 178 279 177 278 279 178 179 279 179 279 280 179 180 281 179 280 281 180 181 281 181 281 282 181 182 283 181 282 283 182 183 283 183 283 284 183 184 285 183 284 285 184 185 285 185 285 286 185 186 287 185 286 287 186 187 287 187 287 288 187 188 289 187 288 289 188 189 289 189 289 290 189 190 291 189 290 291 190 191 291 191 291 292 191 192 293 191 292 293 192 193 293 193 293 294 193 194 295 193 294 295 194 195 295 195 295 296 195 196 297 195 296 297 196 197 297 197 297 298 197 198 299 197 298 299 198 199 299 199 299 300 199 200 301 199 300 301 200 201 301 201 301 302 202 203 303 203 303 304 203 204 305 203 304 305 204 205 305 205 305 306 205 206 307 205 306 307 206 207 307 207 307 308 207 208 309 207 308 309 208 209 309 209 309 310 209 210 311 209 310 311 210 211 311 211 311 312 211 212 313 211 312 313 212 213 313 213 313 314 213 214 315 213 314 315 214 215 315 215 315 316 215 216 317 215 316 317 216 217 317 217 317 318 217 218 319 217 318 319 218 219 319 219 319 320 219 220 321 219 320 321 220 221 321 221 321 322 221 222 323 221 322 323 222 223 323 223 323 324 223 224 325 223 324 325 224 225 325 225 325 326 225 226 327 225 326 327 226 227 327 227 327 328 227 228 329 227 328 329 228 229 329 229 329 330 229 230 331 229 330 331 230 231 331 231 331 332 231 232 333 231 332 333 232 233 333 233 333 334 233 234 335 233 334 335 234 235 335 235 335 336 235 236 337 235 336 337 236 237 337 237 337 338 237 238 339 237 338 339 238 239 339 239 339 340 239 240 341 239 340 341 240 241 341 241 341 342 241 242 343 241 342 343 242 243 343 243 343 344 243 244 345 243 344 345 244 245 345 245 345 346 245 246 347 245 346 347 246 247 347 247 347 348 247 248 349 247 348 349 248 249 349 249 349 350 249 250 351 249 350 351 250 251 351 251 351 352 251 252 353 251 352 353 252 253 353 253 353 354 253 254 355 253 354 355 254 255 355 255 355 356 255 256 357 255 356 357 256 257 357 257 357 358 257 258 359 257 358 359 258 259 359 259 359 360 259 260 361 259 360 361 260 261 361 261 361 362 261 262 363 261 362 363 262 263 363 263 363 364 263 264 365 263 364 365 264 265 365 265 365 366 265 266 367 265 366 367 266 267 367 267 367 368 267 268 369 267 368 369 268 269 369 269 369 370 269 270 371 269 370 371 270 271 371 271 371 372 271 272 373 271 372 373 272 273 373 273 373 374 273 274 375 273 374 375 274 275 375 275 375 376 275 276 377 275 376 377 276 277 377 277 377 378 277 278 379 277 378 379 278 279 379 279 379 380 279 280 381 279 380 381 280 281 381 281 381 382 281 282 383 281 382 383 282 283 383 283 383 384 283 284 385 283 384 385 284 285 385 285 385 386 285 286 387 285 386 387 286 287 387 287 387 388 287 288 389 287 388 389 288 289 389 289 389 390 289 290 391 289 390 391 290 291 391 291 391 392 291 292 393 291 392 393 292 293 393 293 393 394 293 294 395 293 394 395 294 295 395 295 395 396 295 296 397 295 396 397 296 297 397 297 397 398 297 298 399 297 398 399 298 299 399 299 399 400 299 300 401 299 400 401 300 301 401 301 401 402 301 302 403 301 402 403 303 304 405 303 404 405 304 305 405 305 405 406 305 306 407 305 406 407 306 307 407 307 407 408 307 308 409 307 408 409 308 309 409 309 409 410 309 310 411 309 410 411 310 311 411 311 411 412 311 312 413 311 412 413 312 313 413 313 413 414 313 314 415 313 414 415 314 315 415 315 415 416 315 316 417 315 416 417 316 317 417 317 417 418 317 318 419 317 418 419 318 319 419 319 419 420 319 320 421 319 420 421 320 321 421 321 421 422 321 322 423 321 422 423 322 323 423 323 423 424 323 324 425 323 424 425 324 325 425 325 425 426 325 326 427 325 426 427 326 327 427 327 427 428 327 328 429 327 428 429 328 329 429 329 429 430 329 330 431 329 430 431 330 331 431 331 431 432 331 332 433 331 432 433 332 333 433 333 433 434 333 334 435 333 434 435 334 335 435 335 435 436 335 336 437 335 436 437 336 337 437 337 437 438 337 338 439 337 438 439 338 339 439 339 439 440 339 340 441 339 440 441 340 341 441 341 441 442 341 342 443 341 442 443 342 343 443 343 443 444 343 344 445 343 444 445 344 345 445 345 445 446 345 346 447 345 446 447 346 347 447 347 447 448 347 348 449 347 448 449 348 349 449 349 449 450 349 350 451 349 450 451 350 351 451 351 451 452 351 352 453 351 452 453 352 353 453 353 453 454 353 354 455 353 454 455 354 355 455 355 455 456 355 356 457 355 456 457 356 357 457 357 457 458 357 358 459 357 458 459 358 359 459 359 459 460 359 360 461 359 460 461 360 361 461 361 461 462 361 362 463 361 462 463 362 363 463 363 463 464 363 364 465 363 464 465 364 365 465 365 465 466 365 366 467 365 466 467 366 367 467 367 467 468 367 368 469 367 468 469 368 369 469 369 469 470 369 370 471 369 470 471 370 371 471 371 471 472 371 372 473 371 472 473 372 373 473 373 473 474 373 374 475 373 474 475 374 375 475 375 475 476 375 376 477 375 476 477 376 377 477 377 477 478 377 378 479 377 478 479 378 379 479 379 479 480 379 380 481 379 480 481 380 381 481 381 481 482 381 382 483 381 482 483 382 383 483 383 483 484 383 384 485 383 484 485 384 385 485 385 485 486 385 386 487 385 486 487 386 387 487 387 487 488 387 388 489 387 488 489 388 389 489 389 489 490 389 390 491 389 490 491 390 391 491 391 491 492 391 392 493 391 492 493 392 393 493 393 493 494 393 394 495 393 494 495 394 395 495 395 495 496 395 396 497 395 496 497 396 397 497 397 497 498 397 398 499 397 498 499 398 399 499 399 499 500 399 400 501 399 500 501 400 401 501 401 501 502 401 402 503 401 502 503 402 403 503 403 503 504 404 405 505 405 505 506 405 406 507 405 506 507 406 407 507 407 507 508 407 408 509 407 508 509 408 409 509 409 509 510 409 410 511 409 510 511 410 411 511 411 511 512 411 412 513 411 512 513 412 413 513 413 513 514 413 414 515 413 514 515 414 415 515 415 515 516 415 416 517 415 516 517 416 417 517 417 517 518 417 418 519 417 518 519 418 419 519 419 519 520 419 420 521 419 520 521 420 421 521 421 521 522 421 422 523 421 522 523 422 423 523 423 523 524 423 424 525 423 524 525 424 425 525 425 525 526 425 426 527 425 526 527 426 427 527 427 527 528 427 428 529 427 528 529 428 429 529 429 529 530 429 430 531 429 530 531 430 431 531 431 531 532 431 432 533 431 532 533 432 433 533 433 533 534 433 434 535 433 534 535 434 435 535 435 535 536 435 436 537 435 536 537 436 437 537 437 537 538 437 438 539 437 538 539 438 439 539 439 539 540 439 440 541 439 540 541 440 441 541 441 541 542 441 442 543 441 542 543 442 443 543 443 543 544 443 444 545 443 544 545 444 445 545 445 545 546 445 446 547 445 546 547 446 447 547 447 547 548 447 448 549 447 548 549 448 449 549 449 549 550 449 450 551 449 550 551 450 451 551 451 551 552 451 452 553 451 552 553 452 453 553 453 553 554 453 454 555 453 554 555 454 455 555 455 555 556 455 456 557 455 556 557 456 457 557 457 557 558 457 458 559 457 558 559 458 459 559 459 559 560 459 460 561 459 560 561 460 461 561 461 561 562 461 462 563 461 562 563 462 463 563 463 563 564 463 464 565 463 564 565 464 465 565 465 565 566 465 466 567 465 566 567 466 467 567 467 567 568 467 468 569 467 568 569 468 469 569 469 569 570 469 470 571 469 570 571 470 471 571 471 571 572 471 472 573 471 572 573 472 473 573 473 573 574 473 474 575 473 574 575 474 475 575 475 575 576 475 476 577 475 576 577 476 477 577 477 577 578 477 478 579 477 578 579 478 479 579 479 579 580 479 480 581 479 580 581 480 481 581 481 581 582 481 482 583 481 582 583 482 483 583 483 583 584 483 484 585 483 584 585 484 485 585 485 585 586 485 486 587 485 586 587 486 487 587 487 587 588 487 488 589 487 588 589 488 489 589 489 589 590 489 490 591 489 590 591 490 491 591 491 591 592 491 492 593 491 592 593 492 493 593 493 593 594 493 494 595 493 594 595 494 495 595 495 595 596 495 496 597 495 596 597 496 497 597 497 597 598 497 498 599 497 598 599 498 499 599 499 599 600 499 500 601 499 600 601 500 501 601 501 601 602 501 502 603 501 602 603 502 503 603 503 603 604 503 504 605 503 604 605 
Substrate modes
0.0 0.0 9.165570261235435e-05 0.0 0.0003592230450370471 0.0 0.022456177412595348 0.0 -0.0014766351684782199 0.0 -0.002170170785109327 0.0 -0.04394272455804993 0.0 0.004491986762619602 0.0 0.005296360957691831 0.0 0.06353993814369453 0.0 -0.008980559531591702 0.0 -0.009410780204611117 0.0 -0.08042514822129677 0.0 0.014655775040844476 0.0 0.014113868768671451 0.0 0.09391435051850297 0.0 -0.021116214890320173 0.0 -0.018964204934780127 0.0 -0.10349603547291922 0.0 0.027868507958055636 0.0 0.023511410091698933 0.0 0.10885534618532436 0.0 -0.03435722388512552 0.0 -0.027329023757093236 0.0 -0.10988726825585225 0.0 0.04000000000000001 0.0 0.030045129981590524 0.0 0.10669819986225147 0.0 -0.044225756173169574 0.0 -0.031368693295033875 0.0 -0.09959593139531121 0.0 0.04651361091300449 0.0 0.03110987127563763 0.0 0.0890687393382892 0.0 -0.04643001914984102 0.0 -0.02919299096850718 0.0 -0.0757549281907346 0.0 0.043661715152868444 0.0 0.025661379747001656 0.0 0.06040469938450628 0.0 -0.038042260651806145 0.0 -0.020673794545374796 0.0 -0.04383665488582906 0.0 0.02957035656258622 0.0 0.014492760343275674 0.0 0.02689153033510512 0.0 -0.018418555804710184 0.0 -0.007465672245737372 0.0 -0.010385881730181396 0.0 0.004931585859732715 0.0 -1.7763568394002508e-17 0.0 -0.004931585859732704 0.0 0.010385881730181387 0.0 0.007465672245737372 0.0 0.01841855580471018 0.0 -0.026891530335105114 0.0 -0.014492760343275688 0.0 -0.029570356562586237 0.0 0.04383665488582903 0.0 0.020673794545374807 0.0 0.038042260651806145 0.0 -0.060404699384506294 0.0 -0.025661379747001667 0.0 -0.04366171515286846 0.0 0.07575492819073461 0.0 0.029192990968507165 0.0 0.04643001914984103 0.0 -0.08906873933828924 0.0 -0.03110987127563763 0.0 -0.04651361091300446 0.0 0.09959593139531121 0.0 0.03136869329503387 0.0 0.04422575617316958 0.0 -0.10669819986225147 0.0 -0.030045129981590524 0.0 -0.04000000000000001 0.0 0.10988726825585225 0.0 0.027329023757093247 0.0 0.034357223885125535 0.0 -0.10885534618532436 0.0 -0.023511410091698933 0.0 -0.027868507958055636 0.0 0.10349603547291919 0.0 0.018964204934780127 0.0 0.021116214890320173 0.0 -0.09391435051850297 0.0 -0.014113868768671465 0.0 -0.01465577504084446 0.0 0.08042514822129677 0.0 0.009410780204611098 0.0 0.008980559531591705 0.0 -0.06353993814369455 0.0 -0.00529636095769184 0.0 -0.0044919867626195846 0.0 0.04394272455804993 0.0 0.002170170785109329 0.0 0.001476635168478211 0.0 -0.022456177412595337 0.0 -0.0003592230450370449 0.0 -9.165570261234103e-05 0.0 0.12000000000000002 0.0 -0.0014568256753680854 0.0 -0.0028435431999713815 0.0 -0.11771940452687193 0.0 0.005751114271768683 0.0 0.006679098898189655 0.0 0.11098665308242983 0.0 -0.00954595778295687 0.0 -0.009634044817204496 0.0 -0.10012292155246712 0.0 0.01236067977499791 0.0 0.01137567912272008 0.0 0.08564408409777088 0.0 -0.013762688834552856 0.0 -0.011676007681458996 0.0 -0.06823276964169471 0.0 0.013400757460486258 0.0 0.010425659888032464 0.0 0.0487015375406319 0.0 -0.011033922863996418 0.0 -0.007639320225002098 0.0 -0.027949302493112782 0.0 0.006553990975995121 0.0 0.003452458584772502 0.0 0.006913520917729498 0.0 -4.440892098500627e-18 0.0 0.0018902793553844264 0.0 0.013479117269916852 0.0 -0.008436514190862835 0.0 -0.008054111519924443 0.0 -0.0323606797749979 0.0 0.018416041350777814 0.0 0.014639194215426086 0.0 0.04896595381616969 0.0 -0.029465386137833467 0.0 -0.021209949458296865 0.0 -0.06266992686135417 0.0 0.04100107963974223 0.0 0.027326593904057957 0.0 0.07301673854478323 0.0 -0.05236067977499789 0.0 -0.03257668751230593 0.0 -0.07973857922071359 0.0 0.06284020641432472 0.0 0.036604534211369735 0.0 0.08276362020180193 0.0 -0.07173553861852182 0.0 -0.03913642446857682 0.0 -0.08221271930512962 0.0 0.07838531259889364 0.0 0.039999999999999994 0.0 0.07838531259889364 0.0 -0.08221271930512962 0.0 -0.03913642446857682 0.0 -0.07173553861852185 0.0 0.08276362020180193 0.0 0.036604534211369735 0.0 0.06284020641432472 0.0 -0.07973857922071358 0.0 -0.03257668751230591 0.0 -0.05236067977499789 0.0 0.07301673854478322 0.0 0.02732659390405795 0.0 0.04100107963974223 0.0 -0.06266992686135418 0.0 -0.02120994945829688 0.0 -0.029465386137833446 0.0 0.048965953816169694 0.0 0.014639194215426083 0.0 0.018416041350777818 0.0 -0.0323606797749979 0.0 -0.008054111519924412 0.0 -0.008436514190862852 0.0 0.01347911726991685 0.0 0.0018902793553844434 0.0 -1.7763568394002508e-17 0.0 0.006913520917729499 0.0 0.0034524585847725 0.0 0.006553990975995131 0.0 -0.0279493024931128 0.0 -0.007639320225002098 0.0 -0.011033922863996421 0.0 0.04870153754063192 0.0 0.01042565988803245 0.0 0.013400757460486272 0.0 -0.06823276964169471 0.0 -0.011676007681458989 0.0 -0.013762688834552866 0.0 0.08564408409777086 0.0 0.01137567912272008 0.0 0.012360679774997904 0.0 -0.10012292155246712 0.0 -0.009634044817204493 0.0 -0.009545957782956863 0.0 0.11098665308242983 0.0 0.006679098898189651 0.0 0.005751114271768687 0.0 -0.1177194045268719 0.0 -0.002843543199971395 0.0 -0.0014568256753680988 0.0 
Results
24.000000 1.000000 