0.	0.	3.3	0.68	-1.
1.7671458676442586	0.0032	3.3	0.68	-1.
0.	0.0064	3.3	0.68	-1.
0.	0.009600000000000001	3.3	0.68	-1.
0.	0.0128	3.3	0.68	-1.
1.3744467859455345	0.016	3.3	0.68	-1.
1.3744467859455345	0.019200000000000002	3.3	0.5	-1.
1.3744467859455345	0.022400000000000003	3.3	0.5	-1.
1.3744467859455345	0.0256	3.3	0.5	-1.
1.3744467859455345	0.028800000000000003	3.3	0.5	-1.
1.3744467859455345	0.032	3.3	0.5	-1.
1.3744467859455345	0.0352	3.3	0.5	-1.
1.3744467859455345	0.038400000000000004	3.3	0.5	0.0023086121691562496
1.3744467859455345	0.041600000000000005	3.3	0.5	0.006128864625523483
1.3744467859455345	0.0448	3.3	0.5	0.009844853545333656
1.3744467859455345	0.048	3.3	0.5	0.013484129228077233
1.3744467859455345	0.0512	3.3	0.5	0.017064200687004982
1.3744467859455345	0.054400000000000004	3.3	0.5	0.02059714624844009
1.3744467859455345	0.057600000000000005	3.3	0.5	0.024091779795797016
1.3744467859455345	0.06080000000000001	3.3	0.5	0.0275546753847013
1.3744467859455345	0.064	3.3	0.5	0.030990838974767947
1.3744467859455345	0.0672	3.3	0.5	0.03440416165307925
1.3744467859455345	0.0704	3.3	0.5	0.03779771166705186
1.3744467859455345	0.0736	3.3	0.5	0.04117393840674342
1.3744467859455345	0.0768	3.3	0.5	0.044534807320830684
1.3744467859455345	0.08	3.3	0.5	0.04788195313292166
0.	0.	3.316	0.66	-1.
3.141592653589793	0.0032	3.316	0.66	-1.
3.141592653589793	0.0064	3.316	0.66	-1.
3.141592653589793	0.009600000000000001	3.316	0.66	-1.
3.141592653589793	0.0128	3.316	0.66	-1.
3.141592653589793	0.016	3.316	0.66	-1.
0.	0.019200000000000002	3.316	0.66	-1.
1.3744467859455345	0.022400000000000003	3.316	0.66	-1.
1.3744467859455345	0.0256	3.316	0.5	-1.
1.3744467859455345	0.028800000000000003	3.316	0.5	-1.
1.3744467859455345	0.032	3.316	0.5	-1.
1.3744467859455345	0.0352	3.316	0.5	-1.
1.3744467859455345	0.038400000000000004	3.316	0.5	-1.
1.3744467859455345	0.041600000000000005	3.316	0.5	0.0032490160715861797
1.3744467859455345	0.0448	3.316	0.5	0.00729459063359305
1.3744467859455345	0.048	3.316	0.5	0.011198684511489634
1.3744467859455345	0.0512	3.316	0.5	0.014998132201504848
1.3744467859455345	0.054400000000000004	3.316	0.5	0.018716968349825953
1.3744467859455345	0.057600000000000005	3.316	0.5	0.02237184241105935
1.3744467859455345	0.06080000000000001	3.316	0.5	0.025974837513578566
1.3744467859455345	0.064	3.316	0.5	0.029534953373250905
1.3744467859455345	0.0672	3.316	0.5	0.033059044889867856
1.3744467859455345	0.0704	3.316	0.5	0.0365524444403312
1.3744467859455345	0.0736	3.316	0.5	0.04001935007702595
1.3744467859455345	0.0768	3.316	0.5	0.04346269125599686
1.3744467859455345	0.08	3.316	0.5	0.04688601663446936
3.141592653589793	0.	3.332	0.66	-1.
1.3744467859455345	0.0032	3.332	0.66	-1.
1.3744467859455345	0.0064	3.332	0.66	-1.
1.3744467859455345	0.009600000000000001	3.332	0.66	-1.
1.3744467859455345	0.0128	3.332	0.66	-1.
1.3744467859455345	0.016	3.332	0.66	-1.
1.3744467859455345	0.019200000000000002	3.332	0.66	-1.
3.141592653589793	0.022400000000000003	3.332	0.66	-1.
1.3744467859455345	0.0256	3.332	0.66	-1.
3.141592653589793	0.028800000000000003	3.332	0.5	-1.
1.3744467859455345	0.032	3.332	0.5	-1.
1.3744467859455345	0.0352	3.332	0.5	-1.
1.3744467859455345	0.038400000000000004	3.332	0.5	-1.
1.3744467859455345	0.041600000000000005	3.332	0.5	-1.
1.3744467859455345	0.0448	3.332	0.5	0.003921350260965392
1.3744467859455345	0.048	3.332	0.5	0.008215390002265278
1.3744467859455345	0.0512	3.332	0.5	0.012323231459056005
1.3744467859455345	0.054400000000000004	3.332	0.5	0.016294084876067875
1.3744467859455345	0.057600000000000005	3.332	0.5	0.020160300838913285
1.3744467859455345	0.06080000000000001	3.332	0.5	0.02394402719615062
1.3744467859455345	0.064	3.332	0.5	0.02766117454899958
1.3744467859455345	0.0672	3.332	0.5	0.03132356606146493
1.3744467859455345	0.0704	3.332	0.5	0.0349401552092607
1.3744467859455345	0.0736	3.332	0.5	0.03851788564731686
1.3744467859455345	0.0768	3.332	0.5	0.04206222148877168
1.3744467859455345	0.08	3.332	0.5	0.04557753057419093
1.3744467859455345	0.	3.348	0.66	-1.
1.3744467859455345	0.0032	3.348	0.66	-1.
1.3744467859455345	0.0064	3.348	0.66	-1.
1.3744467859455345	0.009600000000000001	3.348	0.66	-1.
0.	0.0128	3.348	0.66	-1.
1.1780972450961724	0.016	3.348	0.66	-1.
0.	0.019200000000000002	3.348	0.66	-1.
0.9817477042468103	0.022400000000000003	3.348	0.66	-1.
1.3744467859455345	0.0256	3.348	0.66	-1.
0.	0.028800000000000003	3.348	0.66	-1.
1.3744467859455345	0.032	3.348	0.66	-1.
1.3744467859455345	0.0352	3.348	0.5	-1.
1.3744467859455345	0.038400000000000004	3.348	0.5	-1.
1.3744467859455345	0.041600000000000005	3.348	0.5	-1.
1.3744467859455345	0.0448	3.348	0.5	-1.
1.3744467859455345	0.048	3.348	0.5	0.004292169944695869
1.3744467859455345	0.0512	3.348	0.5	0.008850450044691944
1.3744467859455345	0.054400000000000004	3.348	0.5	0.013167459776088113
1.3744467859455345	0.057600000000000005	3.348	0.5	0.017314687185099258
1.3744467859455345	0.06080000000000001	3.348	0.5	0.021333269468435764
1.3744467859455345	0.064	3.348	0.5	0.02525125754299605
1.3744467859455345	0.0672	3.348	0.5	0.02908854272286497
1.3744467859455345	0.0704	3.348	0.5	0.03285967301028092
1.3744467859455345	0.0736	3.348	0.5	0.03657562583875625
1.3744467859455345	0.0768	3.348	0.5	0.04024484434880213
1.3744467859455345	0.08	3.348	0.5	0.043873952144075655
0.7853981633974483	0.	3.364	0.66	-1.
0.	0.0032	3.364	0.66	-1.
0.	0.0064	3.364	0.66	-1.
3.141592653589793	0.009600000000000001	3.364	0.66	-1.
3.141592653589793	0.0128	3.364	0.66	-1.
3.141592653589793	0.016	3.364	0.66	-1.
1.3744467859455345	0.019200000000000002	3.364	0.66	-1.
1.3744467859455345	0.022400000000000003	3.364	0.66	-1.
3.141592653589793	0.0256	3.364	0.66	-1.
3.141592653589793	0.028800000000000003	3.364	0.66	-1.
1.5707963267948966	0.032	3.364	0.5	-1.
1.5707963267948966	0.0352	3.364	0.5	-1.
1.5707963267948966	0.038400000000000004	3.364	0.5	-1.
1.5707963267948966	0.041600000000000005	3.364	0.5	-1.
1.5707963267948966	0.0448	3.364	0.5	0.002532465271949913
1.5707963267948966	0.048	3.364	0.5	0.006429361418931923
1.5707963267948966	0.0512	3.364	0.5	0.010051600632820632
1.5707963267948966	0.054400000000000004	3.364	0.5	0.013706808734961856
1.3744467859455345	0.057600000000000005	3.364	0.5	0.017204312008591984
1.3744467859455345	0.06080000000000001	3.364	0.5	0.020728954412218916
1.3744467859455345	0.064	3.364	0.5	0.024325414982697118
1.3744467859455345	0.0672	3.364	0.5	0.027957281192335204
1.3744467859455345	0.0704	3.364	0.5	0.031441975219710094
1.3744467859455345	0.0736	3.364	0.5	0.03505920235002046
1.3744467859455345	0.0768	3.364	0.5	0.038669376048092396
1.3744467859455345	0.08	3.364	0.5	0.04227042008711628
3.141592653589793	0.	3.38	0.66	-1.
3.141592653589793	0.0032	3.38	0.66	-1.
3.141592653589793	0.0064	3.38	0.66	-1.
3.141592653589793	0.009600000000000001	3.38	0.66	-1.
0.	0.0128	3.38	0.66	-1.
0.	0.016	3.38	0.66	-1.
0.	0.019200000000000002	3.38	0.66	-1.
0.	0.022400000000000003	3.38	0.66	-1.
1.5707963267948966	0.0256	3.38	0.5	-1.
1.5707963267948966	0.028800000000000003	3.38	0.5	-1.
1.5707963267948966	0.032	3.38	0.5	-1.
1.5707963267948966	0.0352	3.38	0.5	-1.
1.5707963267948966	0.038400000000000004	3.38	0.5	-1.
1.5707963267948966	0.041600000000000005	3.38	0.5	0.0030969199961431593
1.5707963267948966	0.0448	3.38	0.5	0.006932804284730222
1.5707963267948966	0.048	3.38	0.5	0.010646324984462874
1.5707963267948966	0.0512	3.38	0.5	0.014254229634740184
1.5707963267948966	0.054400000000000004	3.38	0.5	0.017780893258556744
1.5707963267948966	0.057600000000000005	3.38	0.5	0.021238027684105737
1.5707963267948966	0.06080000000000001	3.38	0.5	0.024635634808342223
1.5707963267948966	0.064	3.38	0.5	0.02798207306429181
1.5707963267948966	0.0672	3.38	0.5	0.031284889850902275
1.5707963267948966	0.0704	3.38	0.5	0.03460514149306679
1.5707963267948966	0.0736	3.38	0.5	0.03777834201980472
1.5707963267948966	0.0768	3.38	0.5	0.04092798492210324
1.5707963267948966	0.08	3.38	0.5	0.04412580454335178
1.7671458676442586	0.	3.396	0.66	-1.
1.7671458676442586	0.0032	3.396	0.66	-1.
1.7671458676442586	0.0064	3.396	0.66	-1.
0.7853981633974483	0.009600000000000001	3.396	0.66	-1.
0.7853981633974483	0.0128	3.396	0.66	-1.
0.7853981633974483	0.016	3.396	0.66	-1.
0.7853981633974483	0.019200000000000002	3.396	0.66	-1.
1.5707963267948966	0.022400000000000003	3.396	0.5	-1.
1.5707963267948966	0.0256	3.396	0.5	-1.
1.5707963267948966	0.028800000000000003	3.396	0.5	-1.
1.5707963267948966	0.032	3.396	0.5	-1.
1.5707963267948966	0.0352	3.396	0.5	-1.
1.5707963267948966	0.038400000000000004	3.396	0.5	0.002873204378890848
1.5707963267948966	0.041600000000000005	3.396	0.5	0.006506115061503613
1.5707963267948966	0.0448	3.396	0.5	0.010055106528454876
1.5707963267948966	0.048	3.396	0.5	0.013538485916665498
1.5707963267948966	0.0512	3.396	0.5	0.01697124863275313
1.5707963267948966	0.054400000000000004	3.396	0.5	0.02036365936376843
1.5707963267948966	0.057600000000000005	3.396	0.5	0.02372230753667387
1.5707963267948966	0.06080000000000001	3.396	0.5	0.0270518459102988
1.5707963267948966	0.064	3.396	0.5	0.03035551983227819
1.5707963267948966	0.0672	3.396	0.5	0.033635541728463
1.5707963267948966	0.0704	3.396	0.5	0.036885919464472214
1.5707963267948966	0.0736	3.396	0.5	0.040119638003198996
1.5707963267948966	0.0768	3.396	0.5	0.04333258274845969
1.5707963267948966	0.08	3.396	0.5	0.04652556980905831
0.	0.	3.412	0.64	-1.
0.	0.0032	3.412	0.66	-1.
0.	0.0064	3.412	0.64	-1.
0.	0.009600000000000001	3.412	0.64	-1.
0.	0.0128	3.412	0.64	-1.
1.5707963267948966	0.016	3.412	0.5	-1.
1.5707963267948966	0.019200000000000002	3.412	0.5	-1.
1.5707963267948966	0.022400000000000003	3.412	0.5	-1.
1.5707963267948966	0.0256	3.412	0.5	-1.
1.5707963267948966	0.028800000000000003	3.412	0.5	-1.
1.5707963267948966	0.032	3.412	0.5	-1.
1.5707963267948966	0.0352	3.412	0.5	0.0021524019983974077
1.5707963267948966	0.038400000000000004	3.412	0.5	0.005614742728364466
1.5707963267948966	0.041600000000000005	3.412	0.5	0.009024831076869102
1.5707963267948966	0.0448	3.412	0.5	0.012393550961770387
1.5707963267948966	0.048	3.412	0.5	0.015728972317946538
1.5707963267948966	0.0512	3.412	0.5	0.019038850980327753
1.5707963267948966	0.054400000000000004	3.412	0.5	0.022327741599852926
1.5707963267948966	0.057600000000000005	3.412	0.5	0.025599044954500653
1.5707963267948966	0.06080000000000001	3.412	0.5	0.028855233383155366
1.5707963267948966	0.064	3.412	0.5	0.032098188136497445
1.5707963267948966	0.0672	3.412	0.5	0.03532925008607071
1.5707963267948966	0.0704	3.412	0.5	0.038549339172979126
1.5707963267948966	0.0736	3.412	0.5	0.04175902800899087
1.5707963267948966	0.0768	3.412	0.5	0.04495860527378901
1.5707963267948966	0.08	3.412	0.5	0.04814814703088508
0.	0.	3.428	0.64	-1.
0.	0.0032	3.428	0.64	-1.
0.	0.0064	3.428	0.64	-1.
0.	0.009600000000000001	3.428	0.64	-1.
1.5707963267948966	0.0128	3.428	0.5	-1.
1.5707963267948966	0.016	3.428	0.5	-1.
1.5707963267948966	0.019200000000000002	3.428	0.5	-1.
1.5707963267948966	0.022400000000000003	3.428	0.5	-1.
1.5707963267948966	0.0256	3.428	0.5	-1.
1.5707963267948966	0.028800000000000003	3.428	0.5	-1.
1.5707963267948966	0.032	3.428	0.5	0.0009147367921956391
1.5707963267948966	0.0352	3.428	0.5	0.004242999076986259
1.5707963267948966	0.038400000000000004	3.428	0.5	0.007545004176901107
1.5707963267948966	0.041600000000000005	3.428	0.5	0.010824226861703477
1.5707963267948966	0.0448	3.428	0.5	0.014084335014771509
1.5707963267948966	0.048	3.428	0.5	0.01733026221220035
1.5707963267948966	0.0512	3.428	0.5	0.020564595779113518
1.5707963267948966	0.054400000000000004	3.428	0.5	0.02378909408348385
1.5707963267948966	0.057600000000000005	3.428	0.5	0.027005134777544137
1.5707963267948966	0.06080000000000001	3.428	0.5	0.03021374950171498
1.5707963267948966	0.064	3.428	0.5	0.03341572723748156
1.5707963267948966	0.0672	3.428	0.5	0.036611686237678145
1.5707963267948966	0.0704	3.428	0.5	0.03980205028564262
1.5707963267948966	0.0736	3.428	0.5	0.042987133359175485
1.5707963267948966	0.0768	3.428	0.5	0.04616710302960591
1.5707963267948966	0.08	3.428	0.5	0.049342017530059686
3.141592653589793	0.	3.444	0.64	-1.
3.141592653589793	0.0032	3.444	0.64	-1.
3.141592653589793	0.0064	3.444	0.64	-1.
1.5707963267948966	0.009600000000000001	3.444	0.5	-1.
1.5707963267948966	0.0128	3.444	0.5	-1.
1.5707963267948966	0.016	3.444	0.5	-1.
1.5707963267948966	0.019200000000000002	3.444	0.5	-1.
1.5707963267948966	0.022400000000000003	3.444	0.5	-1.
1.5707963267948966	0.0256	3.444	0.5	-1.
1.5707963267948966	0.028800000000000003	3.444	0.5	-1.
1.5707963267948966	0.032	3.444	0.5	0.002350819881042567
1.5707963267948966	0.0352	3.444	0.5	0.005576701664065517
1.5707963267948966	0.038400000000000004	3.444	0.5	0.008795028921296598
1.5707963267948966	0.041600000000000005	3.444	0.5	0.012006167488959303
1.5707963267948966	0.0448	3.444	0.5	0.01521064076870231
1.5707963267948966	0.048	3.444	0.5	0.018410301983286373
1.5707963267948966	0.0512	3.444	0.5	0.021605807670038196
1.5707963267948966	0.054400000000000004	3.444	0.5	0.024797565895756126
1.5707963267948966	0.057600000000000005	3.444	0.5	0.02798588014207308
1.5707963267948966	0.06080000000000001	3.444	0.5	0.03117095519051264
1.5707963267948966	0.064	3.444	0.5	0.034352955526731926
1.5707963267948966	0.0672	3.444	0.5	0.03753198501980626
1.5707963267948966	0.0704	3.444	0.5	0.04070812566291418
1.5707963267948966	0.0736	3.444	0.5	0.04388139613212818
1.5707963267948966	0.0768	3.444	0.5	0.04705180078517836
1.5707963267948966	0.08	3.444	0.5	0.05021930279169448
0.	0.	3.46	0.64	-1.
0.	0.0032	3.46	0.64	-1.
1.5707963267948966	0.0064	3.46	0.5	-1.
1.5707963267948966	0.009600000000000001	3.46	0.5	-1.
1.5707963267948966	0.0128	3.46	0.5	-1.
1.5707963267948966	0.016	3.46	0.5	-1.
1.5707963267948966	0.019200000000000002	3.46	0.5	-1.
1.5707963267948966	0.022400000000000003	3.46	0.5	-1.
1.5707963267948966	0.0256	3.46	0.5	-1.
1.5707963267948966	0.028800000000000003	3.46	0.5	-1.
1.5707963267948966	0.032	3.46	0.5	0.0030510457801453798
1.5707963267948966	0.0352	3.46	0.5	0.006246666044905103
1.5707963267948966	0.038400000000000004	3.46	0.5	0.009440788696859558
1.5707963267948966	0.041600000000000005	3.46	0.5	0.012633444314649885
1.5707963267948966	0.0448	3.46	0.5	0.015823797296859704
1.5707963267948966	0.048	3.46	0.5	0.01901279806260765
1.5707963267948966	0.0512	3.46	0.5	0.022200357328306757
1.5707963267948966	0.054400000000000004	3.46	0.5	0.025386404104561822
1.5707963267948966	0.057600000000000005	3.46	0.5	0.028570865817779567
1.5707963267948966	0.06080000000000001	3.46	0.5	0.0317536375690733
1.5707963267948966	0.064	3.46	0.5	0.03493466039755273
1.5707963267948966	0.0672	3.46	0.5	0.03811384850465302
1.5707963267948966	0.0704	3.46	0.5	0.04129112306070278
1.5707963267948966	0.0736	3.46	0.5	0.04446638504814481
1.5707963267948966	0.0768	3.46	0.5	0.0476395548143705
1.5707963267948966	0.08	3.46	0.5	0.05081054064532226
0.19634954084936207	0.	3.476	0.64	-1.
1.5707963267948966	0.0032	3.476	0.5	-1.
1.5707963267948966	0.0064	3.476	0.5	-1.
1.5707963267948966	0.009600000000000001	3.476	0.5	-1.
1.5707963267948966	0.0128	3.476	0.5	-1.
1.5707963267948966	0.016	3.476	0.5	-1.
1.5707963267948966	0.019200000000000002	3.476	0.5	-1.
1.5707963267948966	0.022400000000000003	3.476	0.5	-1.
1.5707963267948966	0.0256	3.476	0.5	-1.
1.5707963267948966	0.028800000000000003	3.476	0.5	-1.
1.5707963267948966	0.032	3.476	0.5	0.0030739643887984017
1.5707963267948966	0.0352	3.476	0.5	0.00630082968370814
1.5707963267948966	0.038400000000000004	3.476	0.5	0.009522691915055972
1.5707963267948966	0.041600000000000005	3.476	0.5	0.012740292956560793
1.5707963267948966	0.0448	3.476	0.5	0.01595378801926639
1.5707963267948966	0.048	3.476	0.5	0.01916432453002478
1.5707963267948966	0.0512	3.476	0.5	0.02237207593740043
1.5707963267948966	0.054400000000000004	3.476	0.5	0.025577217110973653
1.5707963267948966	0.057600000000000005	3.476	0.5	0.02877984212930255
1.5707963267948966	0.06080000000000001	3.476	0.5	0.03198001378156467
1.5707963267948966	0.064	3.476	0.5	0.03517776291668458
1.5707963267948966	0.0672	3.476	0.5	0.038373112875009954
1.5707963267948966	0.0704	3.476	0.5	0.0415660424391486
1.5707963267948966	0.0736	3.476	0.5	0.044756531908567564
1.5707963267948966	0.0768	3.476	0.5	0.04794455345809818
1.5707963267948966	0.08	3.476	0.5	0.05113005716061261
3.141592653589793	0.	3.492	0.64	-1.
3.141592653589793	0.0032	3.492	0.64	-1.
1.5707963267948966	0.0064	3.492	0.5	-1.
1.5707963267948966	0.009600000000000001	3.492	0.5	-1.
1.5707963267948966	0.0128	3.492	0.5	-1.
1.5707963267948966	0.016	3.492	0.5	-1.
1.5707963267948966	0.019200000000000002	3.492	0.5	-1.
1.5707963267948966	0.022400000000000003	3.492	0.5	-1.
1.5707963267948966	0.0256	3.492	0.5	-1.
1.5707963267948966	0.028800000000000003	3.492	0.5	-1.
1.5707963267948966	0.032	3.492	0.5	0.0024307276204821576
1.5707963267948966	0.0352	3.492	0.5	0.005751718980650639
1.5707963267948966	0.038400000000000004	3.492	0.5	0.009053664643083126
1.5707963267948966	0.041600000000000005	3.492	0.5	0.012340048787773785
1.5707963267948966	0.0448	3.492	0.5	0.015613765872676265
1.5707963267948966	0.048	3.492	0.5	0.01887776169987146
1.5707963267948966	0.0512	3.492	0.5	0.02213349956846066
1.5707963267948966	0.054400000000000004	3.492	0.5	0.02538214899783573
1.5707963267948966	0.057600000000000005	3.492	0.5	0.02862457650450878
1.5707963267948966	0.06080000000000001	3.492	0.5	0.031861432732303116
1.5707963267948966	0.064	3.492	0.5	0.03509322908715981
1.5707963267948966	0.0672	3.492	0.5	0.03832036389964379
1.5707963267948966	0.0704	3.492	0.5	0.04154313161555604
1.5707963267948966	0.0736	3.492	0.5	0.04476177491810933
1.5707963267948966	0.0768	3.492	0.5	0.04797645788548845
1.5707963267948966	0.08	3.492	0.5	0.05118732353262654
3.141592653589793	0.	3.508	0.64	-1.
1.5707963267948966	0.0032	3.508	0.64	-1.
1.5707963267948966	0.0064	3.508	0.64	-1.
1.5707963267948966	0.009600000000000001	3.508	0.5	-1.
1.5707963267948966	0.0128	3.508	0.5	-1.
1.5707963267948966	0.016	3.508	0.5	-1.
1.5707963267948966	0.019200000000000002	3.508	0.5	-1.
1.5707963267948966	0.022400000000000003	3.508	0.5	-1.
1.5707963267948966	0.0256	3.508	0.5	-1.
1.5707963267948966	0.028800000000000003	3.508	0.5	-1.
1.5707963267948966	0.032	3.508	0.5	0.001088877482921834
1.5707963267948966	0.0352	3.508	0.5	0.004580377444621853
1.5707963267948966	0.038400000000000004	3.508	0.5	0.008022243937116254
1.5707963267948966	0.041600000000000005	3.508	0.5	0.01142679733038647
1.5707963267948966	0.0448	3.508	0.5	0.014801594182905269
1.5707963267948966	0.048	3.508	0.5	0.0181535976770866
1.5707963267948966	0.0512	3.508	0.5	0.021486961553282065
1.5707963267948966	0.054400000000000004	3.508	0.5	0.024804848510370216
1.5707963267948966	0.057600000000000005	3.508	0.5	0.02810963183629175
1.5707963267948966	0.06080000000000001	3.508	0.5	0.0314031216553005
1.5707963267948966	0.064	3.508	0.5	0.034686739769371915
1.5707963267948966	0.0672	3.508	0.5	0.03796160363405907
1.5707963267948966	0.0704	3.508	0.5	0.04122858744825067
1.5707963267948966	0.0736	3.508	0.5	0.044488405249715396
1.5707963267948966	0.0768	3.508	0.5	0.04774162087842816
1.5707963267948966	0.08	3.508	0.5	0.05098869345381809
3.141592653589793	0.	3.524	0.62	-1.
3.141592653589793	0.0032	3.524	0.62	-1.
3.141592653589793	0.0064	3.524	0.62	-1.
0.	0.009600000000000001	3.524	0.62	-1.
0.	0.0128	3.524	0.62	-1.
1.5707963267948966	0.016	3.524	0.5	-1.
1.5707963267948966	0.019200000000000002	3.524	0.5	-1.
1.5707963267948966	0.022400000000000003	3.524	0.5	-1.
1.5707963267948966	0.0256	3.524	0.5	-1.
1.5707963267948966	0.028800000000000003	3.524	0.5	-1.
1.5707963267948966	0.032	3.524	0.5	-1.
1.5707963267948966	0.0352	3.524	0.5	0.002725549241031368
1.5707963267948966	0.038400000000000004	3.524	0.5	0.006388418999499402
1.5707963267948966	0.041600000000000005	3.524	0.5	0.009973234765466028
1.5707963267948966	0.0448	3.524	0.5	0.01349876284296521
1.5707963267948966	0.048	3.524	0.5	0.016979412219182054
1.5707963267948966	0.0512	3.524	0.5	0.02042441611099233
1.5707963267948966	0.054400000000000004	3.524	0.5	0.023840447449649336
1.5707963267948966	0.057600000000000005	3.524	0.5	0.02723247566114485
1.5707963267948966	0.06080000000000001	3.524	0.5	0.030604265665782
1.5707963267948966	0.064	3.524	0.5	0.033958737783212505
1.5707963267948966	0.0672	3.524	0.5	0.03729818409261199
1.5707963267948966	0.0704	3.524	0.5	0.040624409230077894
1.5707963267948966	0.0736	3.524	0.5	0.04393887868511895
1.5707963267948966	0.0768	3.524	0.5	0.0472427741292524
1.5707963267948966	0.08	3.524	0.5	0.050537068995072966
0.	0.	3.54	0.62	-1.
0.	0.0032	3.54	0.62	-1.
0.	0.0064	3.54	0.62	-1.
0.	0.009600000000000001	3.54	0.62	-1.
0.	0.0128	3.54	0.62	-1.
1.5707963267948966	0.016	3.54	0.62	-1.
1.5707963267948966	0.019200000000000002	3.54	0.5	-1.
1.5707963267948966	0.022400000000000003	3.54	0.5	-1.
1.5707963267948966	0.0256	3.54	0.5	-1.
1.5707963267948966	0.028800000000000003	3.54	0.5	-1.
1.5707963267948966	0.032	3.54	0.5	-1.
1.5707963267948966	0.0352	3.54	0.5	0.00006536626700171629
1.5707963267948966	0.038400000000000004	3.54	0.5	0.004070507110040413
1.5707963267948966	0.041600000000000005	3.54	0.5	0.007922982400854869
1.5707963267948966	0.0448	3.54	0.5	0.01166609210758008
1.5707963267948966	0.048	3.54	0.5	0.015327242428270198
1.5707963267948966	0.0512	3.54	0.5	0.01892560916319187
1.5707963267948966	0.054400000000000004	3.54	0.5	0.022474069682371058
1.5707963267948966	0.057600000000000005	3.54	0.5	0.02598173249515435
1.5707963267948966	0.06080000000000001	3.54	0.5	0.029456000924248237
1.5707963267948966	0.064	3.54	0.5	0.03290205045712744
1.5707963267948966	0.0672	3.54	0.5	0.036324033801314604
1.5707963267948966	0.0704	3.54	0.5	0.03972523241126893
1.5707963267948966	0.0736	3.54	0.5	0.04310826442589356
1.5707963267948966	0.0768	3.54	0.5	0.04647526044355816
1.5707963267948966	0.08	3.54	0.5	0.049827947247456345
0.	0.	3.556	0.62	-1.
0.	0.0032	3.556	0.62	-1.
0.	0.0064	3.556	0.62	-1.
0.	0.009600000000000001	3.556	0.62	-1.
1.5707963267948966	0.0128	3.556	0.62	-1.
0.9817477042468103	0.016	3.556	0.62	-1.
0.	0.019200000000000002	3.556	0.62	-1.
1.5707963267948966	0.022400000000000003	3.556	0.62	-1.
1.5707963267948966	0.0256	3.556	0.5	-1.
1.5707963267948966	0.028800000000000003	3.556	0.5	-1.
1.5707963267948966	0.032	3.556	0.5	-1.
1.5707963267948966	0.0352	3.556	0.5	-1.
1.5707963267948966	0.038400000000000004	3.556	0.5	0.0009157231904105761
1.5707963267948966	0.041600000000000005	3.556	0.5	0.005174776816084469
1.5707963267948966	0.0448	3.556	0.5	0.009231162287765207
1.5707963267948966	0.048	3.556	0.5	0.01314239241935193
1.5707963267948966	0.0512	3.556	0.5	0.016946374523888554
1.5707963267948966	0.054400000000000004	3.556	0.5	0.02066790444114554
1.5707963267948966	0.057600000000000005	3.556	0.5	0.02432426829441699
1.5707963267948966	0.06080000000000001	3.556	0.5	0.027927966849501922
1.5707963267948966	0.064	3.556	0.5	0.031488321952670054
1.5707963267948966	0.0672	3.556	0.5	0.035012409811713954
1.5707963267948966	0.0704	3.556	0.5	0.038505711191673446
1.5707963267948966	0.0736	3.556	0.5	0.04193781812467871
1.5707963267948966	0.0768	3.556	0.5	0.04540967786418007
1.5707963267948966	0.08	3.556	0.5	0.04883312167804018
3.141592653589793	0.	3.572	0.62	-1.
3.141592653589793	0.0032	3.572	0.62	-1.
1.5707963267948966	0.0064	3.572	0.62	-1.
1.5707963267948966	0.009600000000000001	3.572	0.62	-1.
1.5707963267948966	0.0128	3.572	0.62	-1.
3.141592653589793	0.016	3.572	0.62	-1.
3.141592653589793	0.019200000000000002	3.572	0.62	-1.
0.19634954084936207	0.022400000000000003	3.572	0.62	-1.
1.5707963267948966	0.0256	3.572	0.62	-1.
1.5707963267948966	0.028800000000000003	3.572	0.5	-1.
1.5707963267948966	0.032	3.572	0.5	-1.
1.5707963267948966	0.0352	3.572	0.5	-1.
1.5707963267948966	0.038400000000000004	3.572	0.5	-1.
1.5707963267948966	0.041600000000000005	3.572	0.5	0.0014876172382232687
1.5707963267948966	0.0448	3.572	0.5	0.0060054815234813425
1.5707963267948966	0.048	3.572	0.5	0.010267471742073002
1.5707963267948966	0.0512	3.572	0.5	0.014349503847639129
1.5707963267948966	0.054400000000000004	3.572	0.5	0.018299615444355682
1.5707963267948966	0.057600000000000005	3.572	0.5	0.02214871631066015
1.5707963267948966	0.06080000000000001	3.572	0.5	0.025918404857312945
1.5707963267948966	0.064	3.572	0.5	0.029624094210564406
1.5707963267948966	0.0672	3.572	0.5	0.033277182365535556
1.5707963267948966	0.0704	3.572	0.5	0.036886276512563376
1.5707963267948966	0.0736	3.572	0.5	0.04045805342483923
1.5707963267948966	0.0768	3.572	0.5	0.04399772009875824
1.5707963267948966	0.08	3.572	0.5	0.047452552555045054
3.141592653589793	0.	3.588	0.62	-1.
3.141592653589793	0.0032	3.588	0.62	-1.
3.141592653589793	0.0064	3.588	0.62	-1.
0.	0.009600000000000001	3.588	0.62	-1.
3.141592653589793	0.0128	3.588	0.62	-1.
3.141592653589793	0.016	3.588	0.62	-1.
3.141592653589793	0.019200000000000002	3.588	0.62	-1.
1.5707963267948966	0.022400000000000003	3.588	0.62	-1.
1.5707963267948966	0.0256	3.588	0.62	-1.
1.7671458676442586	0.028800000000000003	3.588	0.5	-1.
1.7671458676442586	0.032	3.588	0.5	-1.
1.7671458676442586	0.0352	3.588	0.5	-1.
1.7671458676442586	0.038400000000000004	3.588	0.5	-1.
1.7671458676442586	0.041600000000000005	3.588	0.5	0.0028688341321940107
1.7671458676442586	0.0448	3.588	0.5	0.00659213172853963
1.5707963267948966	0.048	3.588	0.5	0.010242245555478922
1.5707963267948966	0.0512	3.588	0.5	0.013809133566235811
1.5707963267948966	0.054400000000000004	3.588	0.5	0.017474414053723245
1.5707963267948966	0.057600000000000005	3.588	0.5	0.02114497913966964
1.5707963267948966	0.06080000000000001	3.588	0.5	0.024721838507666016
1.5707963267948966	0.064	3.588	0.5	0.028287220621120518
1.5707963267948966	0.0672	3.588	0.5	0.03189493173884372
1.5707963267948966	0.0704	3.588	0.5	0.035482684432010636
1.5707963267948966	0.0736	3.588	0.5	0.03905148728049648
1.5707963267948966	0.0768	3.588	0.5	0.042602293993512876
1.5707963267948966	0.08	3.588	0.5	0.046135958169548186
1.1780972450961724	0.	3.604	0.62	-1.
1.1780972450961724	0.0032	3.604	0.62	-1.
1.1780972450961724	0.0064	3.604	0.62	-1.
1.1780972450961724	0.009600000000000001	3.604	0.62	-1.
0.19634954084936207	0.0128	3.604	0.62	-1.
1.5707963267948966	0.016	3.604	0.62	-1.
1.5707963267948966	0.019200000000000002	3.604	0.62	-1.
1.7671458676442586	0.022400000000000003	3.604	0.5	-1.
1.7671458676442586	0.0256	3.604	0.5	-1.
1.7671458676442586	0.028800000000000003	3.604	0.5	-1.
1.7671458676442586	0.032	3.604	0.5	-1.
1.7671458676442586	0.0352	3.604	0.5	-1.
1.7671458676442586	0.038400000000000004	3.604	0.5	0.0033657432739780013
1.7671458676442586	0.041600000000000005	3.604	0.5	0.00710800340085993
1.7671458676442586	0.0448	3.604	0.5	0.010718548125723662
1.7671458676442586	0.048	3.604	0.5	0.014234675079778294
1.7671458676442586	0.0512	3.604	0.5	0.01767170577974049
1.7671458676442586	0.054400000000000004	3.604	0.5	0.021045214946931463
1.7671458676442586	0.057600000000000005	3.604	0.5	0.02436802793981319
1.7671458676442586	0.06080000000000001	3.604	0.5	0.0276508700213065
1.7671458676442586	0.064	3.604	0.5	0.030944363374119235
1.7671458676442586	0.0672	3.604	0.5	0.034054999306937145
1.7671458676442586	0.0704	3.604	0.5	0.03726984583188859
1.7671458676442586	0.0736	3.604	0.5	0.040481704073102316
1.7671458676442586	0.0768	3.604	0.5	0.043697053648033266
1.7671458676442586	0.08	3.604	0.5	0.04692069856028595
0.19634954084936207	0.	3.62	0.62	-1.
0.19634954084936207	0.0032	3.62	0.62	-1.
0.19634954084936207	0.0064	3.62	0.62	-1.
2.356194490192345	0.009600000000000001	3.62	0.62	-1.
3.141592653589793	0.0128	3.62	0.62	-1.
0.	0.016	3.62	0.62	-1.
1.7671458676442586	0.019200000000000002	3.62	0.5	-1.
1.7671458676442586	0.022400000000000003	3.62	0.5	-1.
1.7671458676442586	0.0256	3.62	0.5	-1.
1.7671458676442586	0.028800000000000003	3.62	0.5	-1.
1.7671458676442586	0.032	3.62	0.5	-1.
1.7671458676442586	0.0352	3.62	0.5	0.0027299742595758283
1.7671458676442586	0.038400000000000004	3.62	0.5	0.006295865260041787
1.7671458676442586	0.041600000000000005	3.62	0.5	0.009787176074561298
1.7671458676442586	0.0448	3.62	0.5	0.013221434510640706
1.7671458676442586	0.048	3.62	0.5	0.01660974768787507
1.7671458676442586	0.0512	3.62	0.5	0.019961188907049943
1.7671458676442586	0.054400000000000004	3.62	0.5	0.023280973035284563
1.7671458676442586	0.057600000000000005	3.62	0.5	0.02657268240953621
1.7671458676442586	0.06080000000000001	3.62	0.5	0.02983890890309515
1.7671458676442586	0.064	3.62	0.5	0.03306887525237713
1.7671458676442586	0.0672	3.62	0.5	0.03628529035032009
1.7671458676442586	0.0704	3.62	0.5	0.039480982916367355
1.7671458676442586	0.0736	3.62	0.5	0.0426578199569275
1.7671458676442586	0.0768	3.62	0.5	0.045817693541360685
1.7671458676442586	0.08	3.62	0.5	0.04896297336607999
3.141592653589793	0.	3.636	0.62	-1.
3.141592653589793	0.0032	3.636	0.62	-1.
3.141592653589793	0.0064	3.636	0.6	-1.
3.141592653589793	0.009600000000000001	3.636	0.6	-1.
3.141592653589793	0.0128	3.636	0.6	-1.
1.7671458676442586	0.016	3.636	0.5	-1.
1.7671458676442586	0.019200000000000002	3.636	0.5	-1.
1.7671458676442586	0.022400000000000003	3.636	0.5	-1.
1.7671458676442586	0.0256	3.636	0.5	-1.
1.7671458676442586	0.028800000000000003	3.636	0.5	-1.
1.7671458676442586	0.032	3.636	0.5	0.0016501641289622285
1.7671458676442586	0.0352	3.636	0.5	0.0050633259278106075
1.7671458676442586	0.038400000000000004	3.636	0.5	0.008432348947800485
1.7671458676442586	0.041600000000000005	3.636	0.5	0.011765811828819498
1.7671458676442586	0.0448	3.636	0.5	0.015070681421673058
1.7671458676442586	0.048	3.636	0.5	0.018354125738954525
1.7671458676442586	0.0512	3.636	0.5	0.0216199544010147
1.7671458676442586	0.054400000000000004	3.636	0.5	0.02487076327098171
1.7671458676442586	0.057600000000000005	3.636	0.5	0.028108499391450145
1.7671458676442586	0.06080000000000001	3.636	0.5	0.03133427695186647
1.7671458676442586	0.064	3.636	0.5	0.03454883894267927
1.7671458676442586	0.0672	3.636	0.5	0.037752565445619765
1.7671458676442586	0.0704	3.636	0.5	0.04094561124642319
1.7671458676442586	0.0736	3.636	0.5	0.04412797262380042
1.7671458676442586	0.0768	3.636	0.5	0.047299545332653
1.7671458676442586	0.08	3.636	0.5	0.050460227805275835
3.141592653589793	0.	3.652	0.6	-1.
3.141592653589793	0.0032	3.652	0.6	-1.
3.141592653589793	0.0064	3.652	0.6	-1.
1.7671458676442586	0.009600000000000001	3.652	0.5	-1.
1.7671458676442586	0.0128	3.652	0.5	-1.
1.7671458676442586	0.016	3.652	0.5	-1.
1.7671458676442586	0.019200000000000002	3.652	0.5	-1.
1.7671458676442586	0.022400000000000003	3.652	0.5	-1.
1.7671458676442586	0.0256	3.652	0.5	-1.
1.7671458676442586	0.028800000000000003	3.652	0.5	0.00012393965694363322
1.7671458676442586	0.032	3.652	0.5	0.003390839795126755
1.7671458676442586	0.0352	3.652	0.5	0.006663622443729088
1.7671458676442586	0.038400000000000004	3.652	0.5	0.009918806732000934
1.7671458676442586	0.041600000000000005	3.652	0.5	0.013159968877274851
1.7671458676442586	0.0448	3.652	0.5	0.01638910019661386
1.7671458676442586	0.048	3.652	0.5	0.019609268787312065
1.7671458676442586	0.0512	3.652	0.5	0.02282185604559832
1.7671458676442586	0.054400000000000004	3.652	0.5	0.026027907795520958
1.7671458676442586	0.057600000000000005	3.652	0.5	0.029228128513957265
1.7671458676442586	0.06080000000000001	3.652	0.5	0.03242303408640974
1.7671458676442586	0.064	3.652	0.5	0.03561290469532395
1.7671458676442586	0.0672	3.652	0.5	0.0387979087004674
1.7671458676442586	0.0704	3.652	0.5	0.041978033983627386
1.7671458676442586	0.0736	3.652	0.5	0.04515315622308147
1.7671458676442586	0.0768	3.652	0.5	0.04832303898435147
1.7671458676442586	0.08	3.652	0.5	0.051487387679905815
0.	0.	3.668	0.6	-1.
0.	0.0032	3.668	0.6	-1.
3.141592653589793	0.0064	3.668	0.5	-1.
1.7671458676442586	0.009600000000000001	3.668	0.5	-1.
1.7671458676442586	0.0128	3.668	0.5	-1.
1.7671458676442586	0.016	3.668	0.5	-1.
1.7671458676442586	0.019200000000000002	3.668	0.5	-1.
1.7671458676442586	0.022400000000000003	3.668	0.5	-1.
1.7671458676442586	0.0256	3.668	0.5	-1.
1.7671458676442586	0.028800000000000003	3.668	0.5	0.0012204397619996182
1.7671458676442586	0.032	3.668	0.5	0.00443035844964572
1.7671458676442586	0.0352	3.668	0.5	0.007637596985305089
1.7671458676442586	0.038400000000000004	3.668	0.5	0.010839421500575347
1.7671458676442586	0.041600000000000005	3.668	0.5	0.014037455056565827
1.7671458676442586	0.0448	3.668	0.5	0.01723167550894695
1.7671458676442586	0.048	3.668	0.5	0.020423129127228462
1.7671458676442586	0.0512	3.668	0.5	0.02361201781623267
1.7671458676442586	0.054400000000000004	3.668	0.5	0.026798467511797396
1.7671458676442586	0.057600000000000005	3.668	0.5	0.029982537556847846
1.7671458676442586	0.06080000000000001	3.668	0.5	0.033164266300366785
1.7671458676442586	0.064	3.668	0.5	0.036343654447677405
1.7671458676442586	0.0672	3.668	0.5	0.0395206609174749
1.7671458676442586	0.0704	3.668	0.5	0.04269519873328303
1.7671458676442586	0.0736	3.668	0.5	0.045867131426083084
1.7671458676442586	0.0768	3.668	0.5	0.04903628494006543
1.7671458676442586	0.08	3.668	0.5	0.05220243544429859
0.	0.	3.684	0.6	-1.
0.	0.0032	3.684	0.6	-1.
1.7671458676442586	0.0064	3.684	0.5	-1.
1.7671458676442586	0.009600000000000001	3.684	0.5	-1.
1.7671458676442586	0.0128	3.684	0.5	-1.
1.7671458676442586	0.016	3.684	0.5	-1.
1.7671458676442586	0.019200000000000002	3.684	0.5	-1.
1.7671458676442586	0.022400000000000003	3.684	0.5	-1.
1.7671458676442586	0.0256	3.684	0.5	-1.
1.7671458676442586	0.028800000000000003	3.684	0.5	0.0016464529404732141
1.7671458676442586	0.032	3.684	0.5	0.004845680148482128
1.7671458676442586	0.0352	3.684	0.5	0.008045491822167912
1.7671458676442586	0.038400000000000004	3.684	0.5	0.011243363918690219
1.7671458676442586	0.041600000000000005	3.684	0.5	0.014438811438820438
1.7671458676442586	0.0448	3.684	0.5	0.0176328543276475
1.7671458676442586	0.048	3.684	0.5	0.020825513072697234
1.7671458676442586	0.0512	3.684	0.5	0.02401674829323886
1.7671458676442586	0.054400000000000004	3.684	0.5	0.027206471527865067
1.7671458676442586	0.057600000000000005	3.684	0.5	0.030394611628374254
1.7671458676442586	0.06080000000000001	3.684	0.5	0.03358105968187801
1.7671458676442586	0.064	3.684	0.5	0.03676574692664287
1.7671458676442586	0.0672	3.684	0.5	0.03994858251564676
1.7671458676442586	0.0704	3.684	0.5	0.04312947743936468
1.7671458676442586	0.0736	3.684	0.5	0.046308310651396775
1.7671458676442586	0.0768	3.684	0.5	0.049484927568755256
1.7671458676442586	0.08	3.684	0.5	0.05265922637904877
3.141592653589793	0.	3.7	0.6	-1.
1.7671458676442586	0.0032	3.7	0.6	-1.
1.7671458676442586	0.0064	3.7	0.5	-1.
1.7671458676442586	0.009600000000000001	3.7	0.5	-1.
1.7671458676442586	0.0128	3.7	0.5	-1.
1.7671458676442586	0.016	3.7	0.5	-1.
1.7671458676442586	0.019200000000000002	3.7	0.5	-1.
1.7671458676442586	0.022400000000000003	3.7	0.5	-1.
1.7671458676442586	0.0256	3.7	0.5	-1.
1.7671458676442586	0.028800000000000003	3.7	0.5	0.001420954897782614
1.7671458676442586	0.032	3.7	0.5	0.004669291912532384
1.7671458676442586	0.0352	3.7	0.5	0.007915899143058657
1.7671458676442586	0.038400000000000004	3.7	0.5	0.011154431776292304
1.7671458676442586	0.041600000000000005	3.7	0.5	0.014385801419675241
1.7671458676442586	0.0448	3.7	0.5	0.017612111291634116
1.7671458676442586	0.048	3.7	0.5	0.020834114271768
1.7671458676442586	0.0512	3.7	0.5	0.024052262954413588
1.7671458676442586	0.054400000000000004	3.7	0.5	0.02726692587882159
1.7671458676442586	0.057600000000000005	3.7	0.5	0.030478341630628635
1.7671458676442586	0.06080000000000001	3.7	0.5	0.03368667531864162
1.7671458676442586	0.064	3.7	0.5	0.036892063775854855
1.7671458676442586	0.0672	3.7	0.5	0.04009459574776059
1.7671458676442586	0.0704	3.7	0.5	0.043294304317675045
1.7671458676442586	0.0736	3.7	0.5	0.04649121599811916
1.7671458676442586	0.0768	3.7	0.5	0.049685325709533865
1.7671458676442586	0.08	3.7	0.5	0.05287661215739124