0 0.473547 23.009904 3.544491 0.974815 -0.032749 -0.171638
1 0.674563 23.518315 -1.545814 0.957177 -0.032749 -0.171737
2 0.884937 24.025453 0.189954 0.989518 -0.031072 -0.170750
3 1.094507 24.533000 -1.507098 0.969388 -0.031960 -0.171737
4 1.104281 25.024209 2.145905 0.964493 -0.032651 -0.171342
5 0.569341 25.527543 0.252309 0.974383 -0.031566 -0.171046
6 0.483741 26.025350 0.232921 0.971391 -0.032059 -0.170455
7 0.393377 26.526838 2.056981 0.974776 -0.032158 -0.170060
8 0.296222 27.034065 3.350384 0.971704 -0.032158 -0.172526
9 0.328568 27.534778 0.146869 0.975817 -0.031763 -0.171342
10 0.435184 28.015011 4.290509 0.973622 -0.032651 -0.170849
11 0.609912 28.526032 1.271266 0.970925 -0.032158 -0.171737
12 0.730353 29.027915 0.883416 0.971420 -0.032059 -0.171638
13 0.887927 29.517451 4.270744 0.976139 -0.031763 -0.171046
14 0.929932 30.019276 0.537413 0.976676 -0.031960 -0.171836
15 0.809524 30.531704 1.620041 0.975787 -0.032158 -0.170652
16 0.732359 31.028992 1.827859 0.974283 -0.032059 -0.172230
17 0.595994 31.522489 3.648016 0.974807 -0.032256 -0.170948
18 0.454217 32.025975 4.261576 0.973737 -0.031270 -0.170948
19 0.817351 25.031714 -1.592066 0.978521 -0.032256 -0.170652
20 0.551728 22.505992 4.268064 0.974554 -0.031467 -0.171342
21 0.478810 22.009116 1.432293 0.971490 -0.032651 -0.170652
22 0.371507 21.520264 2.375241 0.975697 -0.032355 -0.171540
23 0.322481 21.016373 -1.099243 0.975004 -0.032355 -0.170948
24 0.387755 20.513540 1.773871 0.975938 -0.033045 -0.170356
25 0.504819 20.016306 4.369620 0.973370 -0.031664 -0.171836
26 0.703455 19.517856 2.207343 0.979018 -0.032651 -0.170948
27 0.887724 19.019424 -0.339950 0.973167 -0.032059 -0.169468
28 0.338863 32.527727 -1.678938 0.974609 -0.032453 -0.171638
29 0.408325 33.041392 -1.250563 0.973979 -0.032355 -0.171836
30 0.508897 33.538949 -0.128775 0.975687 -0.032158 -0.171145
31 0.556697 34.027452 0.313888 0.974044 -0.033243 -0.170257
0 1.237053 12.995043 0.340309 0.979851 -0.033243 -0.174696
1 1.237053 12.995043 0.340309 0.979851 -0.033243 -0.174696
2 0.416495 14.002373 1.242984 0.976938 -0.032158 -0.176274
3 0.359732 15.024983 1.228333 0.975833 -0.032947 -0.174302
4 0.822387 16.009929 3.098716 0.980306 -0.033144 -0.175880
5 1.314678 17.017820 -0.519415 0.977619 -0.032256 -0.175288
