0 0.627565 13.022716 -0.859401 0.974999 -0.032651 -0.173019
1 0.895746 13.508019 -0.923955 0.975985 -0.033144 -0.176669
2 1.360863 14.016094 -0.253144 0.980732 -0.032552 -0.174104
3 1.643704 14.515817 2.443561 0.985295 -0.033539 -0.176274
4 1.456601 15.012942 -1.441996 0.983502 -0.033045 -0.172526
5 1.247130 15.510279 -1.661320 0.982290 -0.032552 -0.173414
6 1.014473 16.015241 2.143470 0.979786 -0.033243 -0.174992
7 0.858303 16.518135 0.163802 0.976209 -0.032651 -0.174104
8 0.759691 17.007254 0.267459 0.975492 -0.033341 -0.174893
9 0.737552 17.508887 4.155962 0.975478 -0.033736 -0.176077
10 0.847285 18.022217 -0.507939 0.975482 -0.032059 -0.174400
11 1.087327 18.521231 3.080258 0.982866 -0.033637 -0.177557
12 1.265872 19.014895 2.330078 0.983817 -0.032552 -0.175584
13 1.434700 19.510998 1.050402 0.981169 -0.033637 -0.175189
14 1.762067 20.012637 0.575803 0.983355 -0.033243 -0.175683
15 2.140944 20.521327 -0.137358 0.987757 -0.033440 -0.176274
16 2.195012 21.014509 -1.347140 0.995389 -0.030777 -0.174598
17 1.830561 21.521315 -0.662304 0.981110 -0.030974 -0.174104
18 1.666007 22.014153 2.328763 1.000487 -0.033933 -0.176570
19 1.519522 22.507738 1.040618 0.981575 -0.034032 -0.176274
21 0.877413 23.512456 -1.223162 0.960776 -0.033637 -0.175584
22 1.099781 23.023234 2.848167 0.999747 -0.032749 -0.175485
23 0.606280 24.027567 0.207207 0.988258 -0.032158 -0.174795
24 0.500912 24.513721 0.906402 0.985230 -0.033539 -0.176176
25 0.412956 25.030888 1.961267 0.974735 -0.033933 -0.175485
26 0.421867 25.524349 1.760335 0.976034 -0.033440 -0.176570
27 0.431928 26.015425 0.805127 0.977221 -0.033440 -0.176176
28 0.599448 26.531751 4.272932 0.977842 -0.033440 -0.174302
29 0.748580 27.022965 -0.757275 0.978950 -0.033736 -0.175781
30 0.820896 27.533013 -0.314828 0.983687 -0.034032 -0.175781
31 0.718714 28.030087 3.335203 0.975959 -0.034624 -0.175091
32 0.585786 28.533886 3.038494 0.978692 -0.033637 -0.176176
33 0.514399 29.020257 1.870862 0.977952 -0.033834 -0.176570
34 0.489161 29.540469 3.123768 0.980944 -0.034229 -0.175485
35 0.530664 30.017376 0.527575 0.978805 -0.033736 -0.176965
36 0.923237 30.036371 2.386943 0.983185 -0.033440 -0.176077
37 0.842498 29.538150 2.561110 0.983290 -0.033834 -0.175189
38 0.626168 29.020760 1.285808 0.977885 -0.033736 -0.174795
39 0.555879 28.526879 0.484868 0.977560 -0.034624 -0.174992
40 0.497086 28.032852 2.371440 0.975260 -0.033736 -0.176373
41 0.405935 27.530031 3.445290 0.976080 -0.033243 -0.175683
42 0.449477 27.023834 -0.376741 0.978691 -0.034229 -0.175880
43 0.547498 26.515240 0.038564 0.977688 -0.033144 -0.175880
44 0.663834 26.025546 -0.911004 0.977844 -0.034328 -0.175091
45 0.822916 25.524934 -0.613114 0.985892 -0.034328 -0.176274
46 0.953995 25.013610 0.282859 0.991451 -0.033144 -0.176373
47 1.157721 24.502920 0.419482 1.002516 -0.033933 -0.174598
48 1.388092 24.030865 0.156688 1.001986 -0.034032 -0.174598
49 1.434813 23.521531 4.279598 0.951683 -0.035215 -0.175288
56 1.951189 20.020591 -0.834324 0.978971 -0.033440 -0.176077
0 1.983314 20.524520 3.285472 0.991229 -0.034920 -0.179135
1 1.765093 21.024513 3.001902 0.987953 -0.035413 -0.177064
2 1.556549 21.521791 1.802471 0.977939 -0.036005 -0.171540
3 1.113530 22.511027 -1.399343 0.966776 -0.032651 -0.175584
4 1.027423 23.017343 4.344051 0.963926 -0.034920 -0.175781
5 2.148475 19.507375 1.446314 0.991889 -0.033736 -0.172625
6 1.553879 19.018566 4.371680 0.985791 -0.033243 -0.174203
7 1.277733 18.514566 0.798750 0.977404 -0.034426 -0.174499
8 1.069005 18.021096 -0.413219 0.977622 -0.033834 -0.173414
9 0.917815 17.509667 0.341611 0.978135 -0.034032 -0.176965
10 0.745578 17.024092 3.381790 0.978037 -0.033933 -0.174598
11 0.669592 16.510624 -1.331574 0.976358 -0.034130 -0.174696
12 0.648587 16.015794 4.249591 0.979097 -0.033933 -0.176866
13 0.694488 15.517085 -0.821342 0.977058 -0.033341 -0.175189
14 0.820772 15.014730 1.090832 0.976122 -0.033341 -0.174598
15 1.003399 14.518723 -1.343345 0.979010 -0.034920 -0.175781
16 1.149682 14.014710 -1.262498 0.978186 -0.034821 -0.175979
17 1.318367 13.518804 4.401241 0.982096 -0.034722 -0.174893
18 1.485027 12.998395 0.275623 0.978671 -0.033736 -0.174992
0 1.068859 13.028929 1.488677 0.982981 -0.035117 -0.175288
1 1.536056 13.514815 0.819711 0.984364 -0.035314 -0.176077
2 1.549308 14.008446 -1.742304 0.983685 -0.036202 -0.174598
3 1.417723 14.010805 1.540306 0.982835 -0.034032 -0.174598
4 1.216850 14.514780 0.950489 0.981873 -0.035314 -0.176965
5 1.059069 15.010206 -0.359159 0.980091 -0.035117 -0.175288
6 0.880543 15.516991 -0.806038 0.978728 -0.034525 -0.176669
7 0.790990 16.014428 0.085474 0.976032 -0.034920 -0.176669
8 0.613188 16.514181 -0.559554 0.975559 -0.034426 -0.176077
9 0.636535 17.014658 2.686275 0.979871 -0.034722 -0.176472
10 0.744413 17.514947 -1.065280 0.976645 -0.034525 -0.176570
11 0.908011 18.020678 0.250225 0.976598 -0.034328 -0.175485
12 1.159054 18.514207 4.030598 0.983819 -0.034920 -0.176274
13 1.420526 19.017413 0.440317 0.974063 -0.035511 -0.177162
14 1.737790 19.518259 3.648804 0.990395 -0.033539 -0.175781
15 2.032307 20.014929 4.019334 0.985517 -0.033440 -0.174992
16 1.638065 20.518270 -0.576992 0.978725 -0.034229 -0.174302
17 1.490639 21.017026 -1.130868 0.982413 -0.032749 -0.175979
19 1.228430 21.520649 1.598854 0.974124 -0.035807 -0.176866
0 1.150415 22.028010 0.720076 0.964786 -0.034722 -0.174992
1 1.020101 22.520714 2.007502 0.991976 -0.034920 -0.174203
2 0.912420 23.027813 -1.351783 0.957341 -0.034229 -0.175485
3 0.735203 23.515330 -0.872805 0.961845 -0.033933 -0.176176
4 0.633846 24.005859 1.432408 0.986997 -0.034032 -0.175091
5 0.493937 24.534452 1.551604 0.976426 -0.033933 -0.175781
6 0.350808 25.027640 -1.066728 0.975930 -0.034821 -0.176077
7 0.359971 25.521811 4.249236 0.973430 -0.034821 -0.176373
8 0.447990 26.018226 -0.019463 0.971952 -0.034229 -0.175880
9 0.567123 26.521437 -0.992589 0.969962 -0.034920 -0.176866
10 0.688659 27.030645 0.462321 0.978225 -0.033834 -0.174992
11 0.790064 27.529695 2.676864 0.969602 -0.034722 -0.176768
12 0.708254 28.021678 1.283201 0.973854 -0.033637 -0.176274
13 0.667298 28.520665 -1.696042 0.977023 -0.034525 -0.177064
14 0.497834 29.032073 -0.690323 0.973245 -0.034130 -0.176768
15 0.539709 29.521290 0.923436 0.971991 -0.034032 -0.175387
16 0.580571 30.019838 0.353661 0.974161 -0.034525 -0.174795
17 0.518214 30.020295 1.259772 0.974650 -0.034525 -0.175880
18 0.536314 29.536975 -0.242989 0.972473 -0.034229 -0.176373
19 0.680809 29.023909 -1.106237 0.974734 -0.034821 -0.176274
20 0.725269 28.526051 -1.483806 0.977262 -0.033834 -0.175584
21 0.825226 28.024426 -1.362619 0.977316 -0.034426 -0.175880
22 0.757439 27.508694 3.693331 0.969677 -0.035117 -0.177754
23 0.630882 27.032144 0.928582 0.978150 -0.033933 -0.175189
24 0.508730 26.528202 -1.271096 0.971497 -0.036103 -0.177655
25 0.362881 26.025647 3.121830 0.974171 -0.034624 -0.176176
26 0.380171 25.518240 1.853703 0.970466 -0.034821 -0.176274
27 0.396217 25.032703 1.455259 0.971677 -0.035018 -0.176965
28 0.565795 24.518133 4.164141 0.964814 -0.035018 -0.177064
29 0.652130 24.021708 1.846454 0.983129 -0.034130 -0.175781
30 0.796013 23.522922 -0.283764 0.968196 -0.033834 -0.175584
31 1.007746 23.010188 4.117474 0.965991 -0.034920 -0.176472
32 1.277813 22.531811 2.853705 1.002856 -0.036005 -0.175880
33 1.496770 22.015082 4.366448 0.987379 -0.034821 -0.177064
34 1.399801 21.519917 3.536375 0.991014 -0.034920 -0.174696
35 1.488860 21.023550 -0.796378 0.979235 -0.032749 -0.174006
36 1.690859 20.519260 2.869139 0.984147 -0.035511 -0.176768
37 1.937352 20.015299 1.089977 0.987358 -0.034624 -0.175979
38 2.035403 19.521914 3.062269 0.995406 -0.033736 -0.176570
39 1.445452 19.013995 1.749688 0.979754 -0.033933 -0.175091
40 1.238661 18.514369 3.414126 0.974439 -0.034624 -0.176176
41 0.947424 18.012836 2.138398 0.975480 -0.035117 -0.175979
42 0.798703 17.517147 -0.340519 0.973510 -0.033933 -0.176274
43 0.657211 17.011733 -0.626592 0.972535 -0.034920 -0.176274
44 0.584811 16.516526 -0.883318 0.971774 -0.034920 -0.176373
45 0.640700 16.014398 -1.629993 0.972211 -0.033834 -0.176669
46 0.748528 15.507014 3.757734 0.973374 -0.033834 -0.176472
47 0.893634 15.009018 0.468316 0.974910 -0.034624 -0.177655
48 1.029648 14.512914 1.660172 0.976394 -0.034229 -0.174795
49 1.210585 14.011561 3.180157 0.977501 -0.035117 -0.176965
50 1.371415 13.502359 1.463969 0.977292 -0.034624 -0.174696
51 1.512485 13.005385 3.260805 0.976556 -0.030777 -0.173217
52 1.506016 13.005653 -0.566487 0.969006 -0.033834 -0.173907
53 1.613096 13.010901 0.568588 0.974064 -0.033637 -0.172526
