32 0.500000 3.500000 0.050000 0.000000 0.000000 0.000000 0.000000
32 0.500000 3.500000 0.050000 0.000000 0.253496 -0.500000 3.351032
32 0.500000 3.500000 0.050000 0.000000 0.000000 0.000000 0.000000
32 0.500000 3.500000 0.050000 0.000000 0.253495 0.500000 3.351032
32 0.500000 3.500000 0.050000 0.000000 0.121936 0.500000 2.932153
32 0.500000 3.500000 0.050000 0.000000 0.300873 0.500000 3.351032
32 0.500000 3.500000 0.050000 0.000000 0.247790 0.500000 3.351032
32 0.500000 3.500000 0.050000 0.000000 0.121789 0.500000 2.932153
32 0.500000 3.500000 0.050000 0.000000 0.302423 0.500000 3.351032
32 0.500000 3.500000 0.050000 0.000000 0.000000 0.000000 0.000000
32 0.500000 3.500000 0.050000 0.000000 0.245886 -0.500000 3.351032
32 0.500000 3.500000 0.050000 0.000000 0.000000 0.000000 0.000000
32 0.500000 3.500000 0.050000 0.000000 0.247709 0.500000 3.351032
32 0.500000 3.500000 0.050000 0.000000 0.075083 0.500000 3.351032
32 0.500000 3.500000 0.050000 0.000000 0.121789 0.500000 2.932153
32 0.500000 3.500000 0.050000 0.000000 0.253477 0.500000 3.351032
32 0.500000 3.500000 0.050000 0.000000 0.251896 0.500000 3.351032
32 0.500000 3.500000 0.050000 0.000000 0.253496 0.500000 3.351032
32 0.500000 3.500000 0.050000 0.000000 0.000000 0.000000 0.000000
32 0.500000 3.500000 0.050000 0.000000 0.000000 0.000000 0.000000
32 0.500000 3.500000 0.050000 0.000000 0.296528 0.500000 3.351032
32 0.500000 3.500000 0.050000 0.000000 0.000000 0.000000 0.000000
32 0.500000 3.500000 0.050000 0.000000 0.300999 0.500000 3.351032
32 0.500000 3.500000 0.050000 0.000000 0.121789 0.500000 2.932153
32 0.500000 3.500000 0.050000 0.000000 0.075081 0.500000 3.351032
32 0.500000 3.500000 0.050000 0.000000 0.000000 0.000000 0.000000
32 0.500000 3.500000 0.050000 0.000000 0.302275 0.500000 3.351032
32 0.500000 3.500000 0.050000 0.000000 0.302172 0.500000 3.351032
32 0.500000 3.500000 0.050000 0.000000 0.075081 0.500000 3.351032
32 0.500000 3.500000 0.050000 0.000000 0.075081 -0.500000 3.351032
32 0.500000 3.500000 0.050000 0.000000 0.308806 0.500000 3.351032
32 0.500000 3.500000 0.050000 0.000000 0.121789 0.500000 2.932153
32 0.500000 3.500000 0.050000 0.000000 0.197038 0.500000 3.351032
32 0.500000 3.500000 0.050000 0.000000 0.196641 -0.500000 3.351032
32 0.500000 3.500000 0.050000 0.000000 0.196641 0.500000 3.351032
32 0.500000 3.500000 0.050000 0.000000 0.302295 0.500000 3.351032
32 0.500000 3.500000 0.050000 0.000000 0.254769 0.500000 3.351032
32 0.500000 3.500000 0.050000 0.000000 0.308839 0.500000 3.351032
32 0.500000 3.500000 0.050000 0.000000 0.000000 0.000000 0.000000
32 0.500000 3.500000 0.050000 0.000000 0.121936 0.500000 2.932153
32 0.500000 3.500000 0.050000 0.000000 0.253478 0.500000 3.351032
32 0.500000 3.500000 0.050000 0.000000 0.247308 0.500000 3.351032
32 0.500000 3.500000 0.050000 0.000000 0.000000 0.000000 0.000000
32 0.500000 3.500000 0.050000 0.000000 0.247399 0.500000 3.351032
32 0.500000 3.500000 0.050000 0.000000 0.000000 0.000000 0.000000
32 0.500000 3.500000 0.050000 0.000000 0.253479 0.500000 3.351032
32 0.500000 3.500000 0.050000 0.000000 0.302292 0.500000 3.351032
32 0.500000 3.500000 0.050000 0.000000 0.252172 0.500000 3.351032
32 0.500000 3.500000 0.050000 0.000000 0.000000 0.000000 0.000000
32 0.500000 3.500000 0.050000 0.000000 0.245887 0.500000 3.351032
32 0.500000 3.500000 0.050000 0.000000 0.253494 0.500000 3.351032
32 0.500000 3.500000 0.050000 0.000000 0.302275 0.500000 3.351032
32 0.500000 3.500000 0.050000 0.000000 0.302292 0.500000 3.351032
32 0.500000 3.500000 0.050000 0.000000 0.308839 0.500000 3.351032
32 0.500000 3.500000 0.050000 0.000000 0.245886 0.500000 3.351032
32 0.500000 3.500000 0.050000 0.000000 0.196703 0.500000 3.351032
32 0.500000 3.500000 0.050000 0.000000 0.000000 0.000000 0.000000
32 0.500000 3.500000 0.050000 0.000000 0.245897 0.500000 3.351032
32 0.500000 3.500000 0.050000 0.000000 0.196703 0.500000 3.351032
32 0.500000 3.500000 0.050000 0.000000 0.197038 0.500000 3.351032
32 0.500000 3.500000 0.050000 0.000000 0.253496 0.500000 3.351032
32 0.500000 3.500000 0.050000 0.000000 0.300874 -0.500000 3.351032
32 0.500000 3.500000 0.050000 0.000000 0.134970 0.500000 3.351032
32 0.500000 3.500000 0.050000 0.000000 0.000000 0.000000 0.000000
32 0.500000 3.500000 0.050000 0.000000 0.000000 0.000000 0.000000
32 0.500000 3.500000 0.050000 0.000000 0.196248 -0.500000 3.351032
32 0.500000 3.500000 0.050000 0.000000 0.253479 0.500000 3.351032
32 0.500000 3.500000 0.050000 0.000000 0.196642 -0.500000 3.351032
32 0.500000 3.500000 0.050000 0.000000 0.245454 -0.500000 3.351032
32 0.500000 3.500000 0.050000 0.000000 0.000000 0.000000 0.000000
32 0.500000 3.500000 0.050000 0.000000 0.251896 -0.500000 3.351032
32 0.500000 3.500000 0.050000 0.000000 0.296529 0.500000 3.351032
32 0.500000 3.500000 0.050000 0.000000 0.000000 -0.354082 0.000000
32 0.500000 3.500000 0.050000 0.000000 0.000000 0.000000 0.000000
32 0.500000 3.500000 0.050000 0.000000 0.246234 0.500000 3.351032
32 0.500000 3.500000 0.050000 0.000000 0.253495 0.500000 3.351032
32 0.500000 3.500000 0.050000 0.000000 0.308701 0.500000 3.351032
32 0.500000 3.500000 0.050000 0.000000 0.253495 0.500000 3.351032
32 0.500000 3.500000 0.050000 0.000000 0.253495 0.500000 3.351032
32 0.500000 3.500000 0.050000 0.000000 0.121317 -0.500000 2.932153
32 0.500000 3.500000 0.050000 0.000000 0.251828 0.500000 3.351032
32 0.500000 3.500000 0.050000 0.000000 0.253494 -0.500000 3.351032
32 0.500000 3.500000 0.050000 0.000000 0.196702 0.500000 3.351032
32 0.500000 3.500000 0.050000 0.000000 0.000000 0.000000 0.000000
32 0.500000 3.500000 0.050000 0.000000 0.000000 0.000000 0.000000
32 0.500000 3.500000 0.050000 0.000000 0.245896 0.500000 3.351032
32 0.500000 3.500000 0.050000 0.000000 0.253495 0.500000 3.351032
32 0.500000 3.500000 0.050000 0.000000 0.121789 0.500000 2.932153
32 0.500000 3.500000 0.050000 0.000000 0.247790 0.500000 3.351032
32 0.500000 3.500000 0.050000 0.000000 0.250129 0.500000 3.351032
32 0.500000 3.500000 0.050000 0.000000 0.245756 0.500000 3.351032
32 0.500000 3.500000 0.050000 0.000000 0.302275 0.500000 3.351032
32 0.500000 3.500000 0.050000 0.000000 0.302426 0.500000 3.351032
32 0.500000 3.500000 0.050000 0.000000 0.000000 0.000000 0.000000
32 0.500000 3.500000 0.050000 0.000000 0.254769 0.500000 3.351032
32 0.500000 3.500000 0.050000 0.000000 0.253478 -0.500000 3.351032
32 0.500000 3.500000 0.050000 0.000000 0.253478 0.500000 3.351032
32 0.500000 3.500000 0.050000 0.000000 0.000000 0.000000 0.000000
32 0.500000 3.500000 0.050000 0.000000 0.302293 0.500000 3.351032
32 0.500000 3.500000 0.050000 0.000000 0.196641 0.500000 3.351032
32 0.500000 3.500000 0.050000 0.000000 0.253495 -0.500000 3.351032
32 0.500000 3.500000 0.050000 0.000000 0.247308 0.500000 3.351032
32 0.500000 3.500000 0.050000 0.000000 0.308710 0.500000 3.351032
32 0.500000 3.500000 0.050000 0.000000 0.308646 0.500000 3.351032
32 0.500000 3.500000 0.050000 0.000000 0.251827 0.500000 3.351032
32 0.500000 3.500000 0.050000 0.000000 0.296406 0.500000 3.351032
32 0.500000 3.500000 0.050000 0.000000 0.247707 0.500000 3.351032
32 0.500000 3.500000 0.050000 0.000000 0.000000 0.000000 0.000000
32 0.500000 3.500000 0.050000 0.000000 0.075081 0.500000 3.351032
32 0.500000 3.500000 0.050000 0.000000 0.308868 0.500000 3.351032
32 0.500000 3.500000 0.050000 0.000000 0.254767 0.500000 3.351032
32 0.500000 3.500000 0.050000 0.000000 0.250128 0.500000 3.351032
32 0.500000 3.500000 0.050000 0.000000 0.246236 -0.500000 3.351032
32 0.500000 3.500000 0.050000 0.000000 0.197038 0.500000 3.351032
32 0.500000 3.500000 0.050000 0.000000 0.173919 0.500000 2.932153
32 0.500000 3.500000 0.050000 0.000000 0.000000 0.000000 0.000000
32 0.500000 3.500000 0.050000 0.000000 0.121318 0.500000 2.932153
32 0.500000 3.500000 0.050000 0.000000 0.254768 0.500000 3.351032
32 0.500000 3.500000 0.050000 0.000000 0.121789 0.500000 2.932153
32 0.500000 3.500000 0.050000 0.000000 0.253478 -0.500000 3.351032
32 0.500000 3.500000 0.050000 0.000000 0.000000 0.000000 0.000000
32 0.500000 3.500000 0.050000 0.000000 0.196702 0.500000 3.351032
32 0.500000 3.500000 0.050000 0.000000 0.197036 0.500000 3.351032
32 0.500000 3.500000 0.050000 0.000000 0.253494 0.500000 3.351032
32 0.500000 3.500000 0.050000 0.000000 0.254768 0.500000 3.351032
32 0.500000 3.500000 0.050000 0.000000 0.302278 0.500000 3.351032
32 0.500000 3.500000 0.050000 0.000000 0.296527 0.500000 3.351032
32 0.500000 3.500000 0.050000 0.000000 0.121938 0.500000 2.932153
32 0.500000 3.500000 0.050000 0.000000 0.254767 0.500000 3.351032
32 0.500000 3.500000 0.050000 0.000000 0.247707 0.500000 3.351032
32 0.500000 3.500000 0.050000 0.000000 0.075083 0.500000 3.351032
32 0.500000 3.500000 0.050000 0.000000 0.195053 0.500000 3.351032
32 0.500000 3.500000 0.050000 0.000000 0.000000 0.000000 0.000000
32 0.500000 3.500000 0.050000 0.000000 0.000000 0.000000 0.000000
32 0.500000 3.500000 0.050000 0.000000 0.000000 0.000000 0.000000
32 0.500000 3.500000 0.050000 0.000000 0.197038 0.500000 3.351032
32 0.500000 3.500000 0.050000 0.000000 0.000000 0.000000 0.000000
32 0.500000 3.500000 0.050000 0.000000 0.134970 0.500000 3.351032
32 0.500000 3.500000 0.050000 0.000000 0.253496 0.500000 3.351032
32 0.500000 3.500000 0.050000 0.000000 0.000000 0.000000 0.000000
32 0.500000 3.500000 0.050000 0.000000 0.075086 0.500000 3.351032
32 0.500000 3.500000 0.050000 0.000000 0.121317 0.500000 2.932153
32 0.500000 3.500000 0.050000 0.000000 0.302292 0.500000 3.351032
32 0.500000 3.500000 0.050000 0.000000 0.247708 0.500000 3.351032
32 0.500000 3.500000 0.050000 0.000000 0.120421 0.500000 2.932153
32 0.500000 3.500000 0.050000 0.000000 0.302293 0.500000 3.351032
32 0.500000 3.500000 0.050000 0.000000 0.121937 -0.500000 2.932153
32 0.500000 3.500000 0.050000 0.000000 0.247708 0.500000 3.351032
32 0.500000 3.500000 0.050000 0.000000 0.000000 0.000000 0.000000
32 0.500000 3.500000 0.050000 0.000000 0.247709 0.500000 3.351032
32 0.500000 3.500000 0.050000 0.000000 0.302276 0.500000 3.351032
32 0.500000 3.500000 0.050000 0.000000 0.247790 0.500000 3.351032
32 0.500000 3.500000 0.050000 0.000000 0.196702 0.500000 3.351032
32 0.500000 3.500000 0.050000 0.000000 0.251827 0.500000 3.351032
32 0.500000 3.500000 0.050000 0.000000 0.000000 0.000000 0.000000
32 0.500000 3.500000 0.050000 0.000000 0.000000 0.000000 0.000000
32 0.500000 3.500000 0.050000 0.000000 0.000000 0.000000 0.000000
32 0.500000 3.500000 0.050000 0.000000 0.000000 0.000000 0.000000
32 0.500000 3.500000 0.050000 0.000000 0.195054 0.500000 3.351032
32 0.500000 3.500000 0.050000 0.000000 0.245886 0.500000 3.351032
32 0.500000 3.500000 0.050000 0.000000 0.000000 0.000000 0.000000
32 0.500000 3.500000 0.050000 0.000000 0.253495 -0.500000 3.351032
32 0.500000 3.500000 0.050000 0.000000 0.253495 0.500000 3.351032
32 0.500000 3.500000 0.050000 0.000000 0.300875 -0.500000 3.351032
32 0.500000 3.500000 0.050000 0.000000 0.253478 0.500000 3.351032
32 0.500000 3.500000 0.050000 0.000000 0.252170 0.500000 3.351032
32 0.500000 3.500000 0.050000 0.000000 0.308829 0.500000 3.351032
32 0.500000 3.500000 0.050000 0.000000 0.302293 -0.500000 3.351032
32 0.500000 3.500000 0.050000 0.000000 0.302173 0.500000 3.351032
32 0.500000 3.500000 0.050000 0.000000 0.247309 0.500000 3.351032
32 0.500000 3.500000 0.050000 0.000000 0.253479 0.500000 3.351032
32 0.500000 3.500000 0.050000 0.000000 0.245897 0.500000 3.351032
32 0.500000 3.500000 0.050000 0.000000 0.302275 0.500000 3.351032
32 0.500000 3.500000 0.050000 0.000000 0.251828 0.500000 3.351032
32 0.500000 3.500000 0.050000 0.000000 0.302276 0.500000 3.351032
32 0.500000 3.500000 0.050000 0.000000 0.075084 0.500000 3.351032
32 0.500000 3.500000 0.050000 0.000000 0.247709 0.500000 3.351032
32 0.500000 3.500000 0.050000 0.000000 0.300997 0.500000 3.351032
32 0.500000 3.500000 0.050000 0.000000 0.000000 0.000000 0.000000
32 0.500000 3.500000 0.050000 0.000000 0.247708 0.500000 3.351032
32 0.500000 3.500000 0.050000 0.000000 0.302293 0.500000 3.351032
32 0.500000 3.500000 0.050000 0.000000 0.253495 0.500000 3.351032
32 0.500000 3.500000 0.050000 0.000000 0.121317 0.500000 2.932153
32 0.500000 3.500000 0.050000 0.000000 0.253478 0.500000 3.351032
32 0.500000 3.500000 0.050000 0.000000 0.075081 0.500000 3.351032
32 0.500000 3.500000 0.050000 0.000000 0.000000 0.000000 0.000000
32 0.500000 3.500000 0.050000 0.000000 0.000000 0.000000 0.000000
32 0.500000 3.500000 0.050000 0.000000 0.075081 -0.500000 3.351032
32 0.500000 3.500000 0.050000 0.000000 0.000000 0.000000 0.000000
32 0.500000 3.500000 0.050000 0.000000 0.308986 -0.500000 3.351032
32 0.500000 3.500000 0.050000 0.000000 0.302293 0.500000 3.351032
32 0.500000 3.500000 0.050000 0.000000 0.171495 0.500000 2.932153
32 0.500000 3.500000 0.050000 0.000000 0.000000 0.000000 0.000000
32 0.500000 3.500000 0.050000 0.000000 0.000000 0.000000 0.000000
32 0.500000 3.500000 0.050000 0.000000 0.302172 0.500000 3.351032
32 0.500000 3.500000 0.050000 0.000000 0.247708 0.500000 3.351032
32 0.500000 3.500000 0.050000 0.000000 0.195054 0.500000 3.351032
32 0.500000 3.500000 0.050000 0.000000 0.302426 0.500000 3.351032
32 0.500000 3.500000 0.050000 0.000000 0.253477 -0.500000 3.351032
32 0.500000 3.500000 0.050000 0.000000 0.195054 0.500000 3.351032
32 0.500000 3.500000 0.050000 0.000000 0.253477 0.500000 3.351032
32 0.500000 3.500000 0.050000 0.000000 0.000000 0.000000 0.000000
32 0.500000 3.500000 0.050000 0.000000 0.253494 0.500000 3.351032
32 0.500000 3.500000 0.050000 0.000000 0.120421 0.500000 2.932153
32 0.500000 3.500000 0.050000 0.000000 0.000000 0.000000 0.000000
32 0.500000 3.500000 0.050000 0.000000 0.247789 0.500000 3.351032
32 0.500000 3.500000 0.050000 0.000000 0.245887 0.500000 3.351032
32 0.500000 3.500000 0.050000 0.000000 0.302278 0.500000 3.351032
32 0.500000 3.500000 0.050000 0.000000 0.302173 -0.500000 3.351032
32 0.500000 3.500000 0.050000 0.000000 0.121317 0.500000 2.932153
32 0.500000 3.500000 0.050000 0.000000 0.302294 0.500000 3.351032
32 0.500000 3.500000 0.050000 0.000000 0.254768 0.500000 3.351032
32 0.500000 3.500000 0.050000 0.000000 0.296558 0.500000 3.351032
32 0.500000 3.500000 0.050000 0.000000 0.253495 0.500000 3.351032
32 0.500000 3.500000 0.050000 0.000000 0.121789 0.500000 2.932153
32 0.500000 3.500000 0.050000 0.000000 0.302170 0.500000 3.351032
32 0.500000 3.500000 0.050000 0.000000 0.000000 0.480829 0.000000
32 0.500000 3.500000 0.050000 0.000000 0.000000 0.000000 0.000000
32 0.500000 3.500000 0.050000 0.000000 0.251827 0.500000 3.351032
32 0.500000 3.500000 0.050000 0.000000 0.000000 0.000000 0.000000
32 0.500000 3.500000 0.050000 0.000000 0.000000 0.000000 0.000000
32 0.500000 3.500000 0.050000 0.000000 0.121317 0.500000 2.932153
32 0.500000 3.500000 0.050000 0.000000 0.308648 0.500000 3.351032
32 0.500000 3.500000 0.050000 0.000000 0.254766 0.500000 3.351032
32 0.500000 3.500000 0.050000 0.000000 0.196703 -0.500000 3.351032
32 0.500000 3.500000 0.050000 0.000000 0.252172 0.500000 3.351032
32 0.500000 3.500000 0.050000 0.000000 0.245897 0.500000 3.351032
32 0.500000 3.500000 0.050000 0.000000 0.302170 0.500000 3.351032
32 0.500000 3.500000 0.050000 0.000000 0.252172 0.500000 3.351032
32 0.500000 3.500000 0.050000 0.000000 0.196702 0.500000 3.351032
32 0.500000 3.500000 0.050000 0.000000 0.294602 -0.500000 3.351032
32 0.500000 3.500000 0.050000 0.000000 0.000000 0.000000 0.000000
32 0.500000 3.500000 0.050000 0.000000 0.302292 0.500000 3.351032
32 0.500000 3.500000 0.050000 0.000000 0.196702 0.500000 3.351032
32 0.500000 3.500000 0.050000 0.000000 0.171495 0.500000 2.932153
32 0.500000 3.500000 0.050000 0.000000 0.075082 0.500000 3.351032
32 0.500000 3.500000 0.050000 0.000000 0.302295 0.500000 3.351032
32 0.500000 3.500000 0.050000 0.000000 0.246236 0.500000 3.351032
32 0.500000 3.500000 0.050000 0.000000 0.252171 0.500000 3.351032
32 0.500000 3.500000 0.050000 0.000000 0.195054 0.500000 3.351032
32 0.500000 3.500000 0.050000 0.000000 0.000000 0.000000 0.000000
32 0.500000 3.500000 0.050000 0.000000 0.252172 0.500000 3.351032
32 0.500000 3.500000 0.050000 0.000000 0.197038 0.500000 3.351032
32 0.500000 3.500000 0.050000 0.000000 0.247400 0.500000 3.351032
32 0.500000 3.500000 0.050000 0.000000 0.245455 -0.500000 3.351032
32 0.500000 3.500000 0.050000 0.000000 0.251828 0.500000 3.351032
32 0.500000 3.500000 0.050000 0.000000 0.349534 0.500000 3.351032
32 0.500000 3.500000 0.050000 0.000000 0.253495 0.500000 3.351032
32 0.500000 3.500000 0.050000 0.000000 0.253477 -0.500000 3.351032
32 0.500000 3.500000 0.050000 0.000000 0.000000 0.000000 0.000000
32 0.500000 3.500000 0.050000 0.000000 0.196641 0.500000 3.351032
32 0.500000 3.500000 0.050000 0.000000 0.253478 -0.500000 3.351032
32 0.500000 3.500000 0.050000 0.000000 0.000000 0.000000 0.000000
32 0.500000 3.500000 0.050000 0.000000 0.000000 0.000000 0.000000
32 0.500000 3.500000 0.050000 0.000000 0.247400 0.500000 3.351032
32 0.500000 3.500000 0.050000 0.000000 0.302425 -0.500000 3.351032
32 0.500000 3.500000 0.050000 0.000000 0.302172 0.500000 3.351032
32 0.500000 3.500000 0.050000 0.000000 0.254766 0.500000 3.351032
32 0.500000 3.500000 0.050000 0.000000 0.300873 0.500000 3.351032
32 0.500000 3.500000 0.050000 0.000000 0.253477 0.500000 3.351032
32 0.500000 3.500000 0.050000 0.000000 0.000000 0.000000 0.000000
32 0.500000 3.500000 0.050000 0.000000 0.251827 0.500000 3.351032
32 0.500000 3.500000 0.050000 0.000000 0.300873 0.500000 3.351032
32 0.500000 3.500000 0.050000 0.000000 0.300875 0.500000 3.351032
32 0.500000 3.500000 0.050000 0.000000 0.247709 0.500000 3.351032
32 0.500000 3.500000 0.050000 0.000000 0.247708 0.500000 3.351032
32 0.500000 3.500000 0.050000 0.000000 0.253478 0.500000 3.351032
32 0.500000 3.500000 0.050000 0.000000 0.252171 0.500000 3.351032
32 0.500000 3.500000 0.050000 0.000000 0.075081 0.500000 3.351032
32 0.500000 3.500000 0.050000 0.000000 0.121789 0.500000 2.932153
32 0.500000 3.500000 0.050000 0.000000 0.253496 0.500000 3.351032
32 0.500000 3.500000 0.050000 0.000000 0.000000 0.000000 0.000000
32 0.500000 3.500000 0.050000 0.000000 0.245897 -0.500000 3.351032
32 0.500000 3.500000 0.050000 0.000000 0.247307 0.500000 3.351032
32 0.500000 3.500000 0.050000 0.000000 0.121790 0.500000 2.932153
32 0.500000 3.500000 0.050000 0.000000 0.252171 0.500000 3.351032
32 0.500000 3.500000 0.050000 0.000000 0.308937 0.500000 3.351032
32 0.500000 3.500000 0.050000 0.000000 0.302276 0.500000 3.351032
32 0.500000 3.500000 0.050000 0.000000 0.000000 0.000000 0.000000
32 0.500000 3.500000 0.050000 0.000000 0.247708 0.500000 3.351032
32 0.500000 3.500000 0.050000 0.000000 0.000000 0.000000 0.000000
32 0.500000 3.500000 0.050000 0.000000 0.000000 0.000000 0.000000
32 0.500000 3.500000 0.050000 0.000000 0.000000 0.000000 0.000000
32 0.500000 3.500000 0.050000 0.000000 0.254767 0.500000 3.351032
32 0.500000 3.500000 0.050000 0.000000 0.247709 0.500000 3.351032
32 0.500000 3.500000 0.050000 0.000000 0.000000 0.000000 0.000000
32 0.500000 3.500000 0.050000 0.000000 0.349545 0.500000 3.351032
32 0.500000 3.500000 0.050000 0.000000 0.197033 0.500000 3.351032
32 0.500000 3.500000 0.050000 0.000000 0.196703 0.500000 3.351032
32 0.500000 3.500000 0.050000 0.000000 0.302172 0.500000 3.351032
32 0.500000 3.500000 0.050000 0.000000 0.000000 0.000000 0.000000
32 0.500000 3.500000 0.050000 0.000000 0.345077 0.500000 3.351032
32 0.500000 3.500000 0.050000 0.000000 0.247401 0.500000 3.351032
32 0.500000 3.500000 0.050000 0.000000 0.000000 0.000000 0.000000
32 0.500000 3.500000 0.050000 0.000000 0.251827 0.500000 3.351032
32 0.500000 3.500000 0.050000 0.000000 0.251895 0.500000 3.351032
32 0.500000 3.500000 0.050000 0.000000 0.247308 0.500000 3.351032
32 0.500000 3.500000 0.050000 0.000000 0.251828 -0.500000 3.351032
32 0.500000 3.500000 0.050000 0.000000 0.075081 0.500000 3.351032
32 0.500000 3.500000 0.050000 0.000000 0.000000 0.000000 0.000000
32 0.500000 3.500000 0.050000 0.000000 0.000000 0.000000 0.000000
32 0.500000 3.500000 0.050000 0.000000 0.000000 0.000000 0.000000
32 0.500000 3.500000 0.050000 0.000000 0.253477 0.500000 3.351032
32 0.500000 3.500000 0.050000 0.000000 0.075082 0.500000 3.351032
32 0.500000 3.500000 0.050000 0.000000 0.000000 0.000000 0.000000
32 0.500000 3.500000 0.050000 0.000000 0.300874 -0.500000 3.351032
32 0.500000 3.500000 0.050000 0.000000 0.254767 0.500000 3.351032
32 0.500000 3.500000 0.050000 0.000000 0.253478 -0.500000 3.351032
32 0.500000 3.500000 0.050000 0.000000 0.196703 0.500000 3.351032
32 0.500000 3.500000 0.050000 0.000000 0.000000 0.000000 0.000000
32 0.500000 3.500000 0.050000 0.000000 0.000000 0.000000 0.000000
32 0.500000 3.500000 0.050000 0.000000 0.000000 0.000000 0.000000
32 0.500000 3.500000 0.050000 0.000000 0.345079 0.500000 3.351032
32 0.500000 3.500000 0.050000 0.000000 0.349544 0.500000 3.351032
32 0.500000 3.500000 0.050000 0.000000 0.297933 0.500000 3.351032
32 0.500000 3.500000 0.050000 0.000000 0.302293 0.500000 3.351032
32 0.500000 3.500000 0.050000 0.000000 0.247400 0.500000 3.351032
32 0.500000 3.500000 0.050000 0.000000 0.000000 0.000000 0.000000
32 0.500000 3.500000 0.050000 0.000000 0.000000 0.000000 0.000000
32 0.500000 3.500000 0.050000 0.000000 0.121936 0.500000 2.932153
32 0.500000 3.500000 0.050000 0.000000 0.000000 0.000000 0.000000
32 0.500000 3.500000 0.050000 0.000000 0.252168 0.500000 3.351032
32 0.500000 3.500000 0.050000 0.000000 0.121317 0.500000 2.932153
32 0.500000 3.500000 0.050000 0.000000 0.121790 0.500000 2.932153
32 0.500000 3.500000 0.050000 0.000000 0.253496 -0.500000 3.351032
32 0.500000 3.500000 0.050000 0.000000 0.000000 0.000000 0.000000
32 0.500000 3.500000 0.050000 0.000000 0.246235 0.500000 3.351032
32 0.500000 3.500000 0.050000 0.000000 0.000000 0.000000 0.000000
32 0.500000 3.500000 0.050000 0.000000 0.297933 0.500000 3.351032
32 0.500000 3.500000 0.050000 0.000000 0.253479 0.500000 3.351032
32 0.500000 3.500000 0.050000 0.000000 0.254767 0.500000 3.351032
32 0.500000 3.500000 0.050000 0.000000 0.254768 0.500000 3.351032
32 0.500000 3.500000 0.050000 0.000000 0.247709 0.500000 3.351032
32 0.500000 3.500000 0.050000 0.000000 0.245886 0.500000 3.351032
32 0.500000 3.500000 0.050000 0.000000 0.252170 0.500000 3.351032
32 0.500000 3.500000 0.050000 0.000000 0.000000 0.000000 0.000000
32 0.500000 3.500000 0.050000 0.000000 0.251827 0.500000 3.351032
32 0.500000 3.500000 0.050000 0.000000 0.247708 0.500000 3.351032
32 0.500000 3.500000 0.050000 0.000000 0.121790 0.500000 2.932153
32 0.500000 3.500000 0.050000 0.000000 0.121789 -0.500000 2.932153
32 0.500000 3.500000 0.050000 0.000000 0.302293 0.500000 3.351032
32 0.500000 3.500000 0.050000 0.000000 0.000000 0.000000 0.000000
32 0.500000 3.500000 0.050000 0.000000 0.308687 0.500000 3.351032
32 0.500000 3.500000 0.050000 0.000000 0.121938 0.500000 2.932153
32 0.500000 3.500000 0.050000 0.000000 0.253477 -0.500000 3.351032
32 0.500000 3.500000 0.050000 0.000000 0.245886 0.500000 3.351032
32 0.500000 3.500000 0.050000 0.000000 0.247708 0.500000 3.351032
32 0.500000 3.500000 0.050000 0.000000 0.075082 0.500000 3.351032
32 0.500000 3.500000 0.050000 0.000000 0.252257 0.500000 3.351032
32 0.500000 3.500000 0.050000 0.000000 0.075084 0.500000 3.351032
32 0.500000 3.500000 0.050000 0.000000 0.000000 0.000000 0.000000
32 0.500000 3.500000 0.050000 0.000000 0.252171 0.500000 3.351032
32 0.500000 3.500000 0.050000 0.000000 0.075081 0.500000 3.351032
32 0.500000 3.500000 0.050000 0.000000 0.308724 0.500000 3.351032
32 0.500000 3.500000 0.050000 0.000000 0.000000 0.339122 0.000000
32 0.500000 3.500000 0.050000 0.000000 0.253495 0.500000 3.351032
32 0.500000 3.500000 0.050000 0.000000 0.308654 -0.500000 3.351032
32 0.500000 3.500000 0.050000 0.000000 0.197038 0.500000 3.351032
32 0.500000 3.500000 0.050000 0.000000 0.000000 0.000000 0.000000
32 0.500000 3.500000 0.050000 0.000000 0.000000 0.000000 0.000000
32 0.500000 3.500000 0.050000 0.000000 0.121789 0.500000 2.932153
32 0.500000 3.500000 0.050000 0.000000 0.197037 0.500000 3.351032
32 0.500000 3.500000 0.050000 0.000000 0.197038 0.500000 3.351032
32 0.500000 3.500000 0.050000 0.000000 0.000000 0.000000 0.000000
32 0.500000 3.500000 0.050000 0.000000 0.196703 0.500000 3.351032
32 0.500000 3.500000 0.050000 0.000000 0.121936 -0.500000 2.932153
32 0.500000 3.500000 0.050000 0.000000 0.180014 0.500000 2.932153
32 0.500000 3.500000 0.050000 0.000000 0.075081 0.500000 3.351032
32 0.500000 3.500000 0.050000 0.000000 0.302293 -0.500000 3.351032
32 0.500000 3.500000 0.050000 0.000000 0.000000 0.000000 0.000000
32 0.500000 3.500000 0.050000 0.000000 0.253496 0.500000 3.351032
32 0.500000 3.500000 0.050000 0.000000 0.000000 0.000000 0.000000
32 0.500000 3.500000 0.050000 0.000000 0.121789 0.500000 2.932153
32 0.500000 3.500000 0.050000 0.000000 0.254767 0.500000 3.351032
32 0.500000 3.500000 0.050000 0.000000 0.000000 0.000000 0.000000
32 0.500000 3.500000 0.050000 0.000000 0.245887 -0.500000 3.351032
32 0.500000 3.500000 0.050000 0.000000 0.196640 0.500000 3.351032
32 0.500000 3.500000 0.050000 0.000000 0.300872 0.500000 3.351032
32 0.500000 3.500000 0.050000 0.000000 0.253478 0.500000 3.351032
32 0.500000 3.500000 0.050000 0.000000 0.302293 0.500000 3.351032
32 0.500000 3.500000 0.050000 0.000000 0.000000 0.000000 0.000000
32 0.500000 3.500000 0.050000 0.000000 0.294602 0.500000 3.351032
32 0.500000 3.500000 0.050000 0.000000 0.000000 0.349712 0.000000
32 0.500000 3.500000 0.050000 0.000000 0.250130 -0.500000 3.351032
32 0.500000 3.500000 0.050000 0.000000 0.000000 0.000000 0.000000
32 0.500000 3.500000 0.050000 0.000000 0.296558 0.500000 3.351032
32 0.500000 3.500000 0.050000 0.000000 0.000000 0.338115 0.000000
32 0.500000 3.500000 0.050000 0.000000 0.349535 0.500000 3.351032
32 0.500000 3.500000 0.050000 0.000000 0.251828 0.500000 3.351032
32 0.500000 3.500000 0.050000 0.000000 0.254767 0.500000 3.351032
32 0.500000 3.500000 0.050000 0.000000 0.308813 0.500000 3.351032
32 0.500000 3.500000 0.050000 0.000000 0.300873 -0.500000 3.351032
32 0.500000 3.500000 0.050000 0.000000 0.000000 0.000000 0.000000
32 0.500000 3.500000 0.050000 0.000000 0.000000 0.000000 0.000000
32 0.500000 3.500000 0.050000 0.000000 0.246236 0.500000 3.351032
32 0.500000 3.500000 0.050000 0.000000 0.000000 0.000000 0.000000
32 0.500000 3.500000 0.050000 0.000000 0.253495 0.500000 3.351032
32 0.500000 3.500000 0.050000 0.000000 0.000000 0.000000 0.000000
32 0.500000 3.500000 0.050000 0.000000 0.251828 0.500000 3.351032
32 0.500000 3.500000 0.050000 0.000000 0.252172 0.500000 3.351032
32 0.500000 3.500000 0.050000 0.000000 0.308771 0.500000 3.351032
32 0.500000 3.500000 0.050000 0.000000 0.254766 -0.500000 3.351032
32 0.500000 3.500000 0.050000 0.000000 0.000000 0.000000 0.000000
32 0.500000 3.500000 0.050000 0.000000 0.197038 0.500000 3.351032
32 0.500000 3.500000 0.050000 0.000000 0.197038 0.500000 3.351032
32 0.500000 3.500000 0.050000 0.000000 0.121789 -0.500000 2.932153
32 0.500000 3.500000 0.050000 0.000000 0.308991 0.500000 3.351032
32 0.500000 3.500000 0.050000 0.000000 0.245887 0.500000 3.351032
32 0.500000 3.500000 0.050000 0.000000 0.000000 0.000000 0.000000
32 0.500000 3.500000 0.050000 0.000000 0.000000 0.000000 0.000000
32 0.500000 3.500000 0.050000 0.000000 0.302295 0.500000 3.351032
32 0.500000 3.500000 0.050000 0.000000 0.196702 0.500000 3.351032
32 0.500000 3.500000 0.050000 0.000000 0.000000 0.000000 0.000000
32 0.500000 3.500000 0.050000 0.000000 0.253477 0.500000 3.351032
32 0.500000 3.500000 0.050000 0.000000 0.253478 0.500000 3.351032
32 0.500000 3.500000 0.050000 0.000000 0.297933 0.500000 3.351032
32 0.500000 3.500000 0.050000 0.000000 0.294726 0.500000 3.351032
32 0.500000 3.500000 0.050000 0.000000 0.246236 0.500000 3.351032
32 0.500000 3.500000 0.050000 0.000000 0.247399 -0.500000 3.351032
32 0.500000 3.500000 0.050000 0.000000 0.308689 0.500000 3.351032
32 0.500000 3.500000 0.050000 0.000000 0.253495 0.500000 3.351032
32 0.500000 3.500000 0.050000 0.000000 0.251828 0.500000 3.351032
32 0.500000 3.500000 0.050000 0.000000 0.000000 0.000000 0.000000
32 0.500000 3.500000 0.050000 0.000000 0.302276 0.500000 3.351032
32 0.500000 3.500000 0.050000 0.000000 0.300873 -0.500000 3.351032
32 0.500000 3.500000 0.050000 0.000000 0.246234 0.500000 3.351032
32 0.500000 3.500000 0.050000 0.000000 0.000000 0.000000 0.000000
32 0.500000 3.500000 0.050000 0.000000 0.000000 0.338792 0.000000
32 0.500000 3.500000 0.050000 0.000000 0.250131 0.500000 3.351032
32 0.500000 3.500000 0.050000 0.000000 0.247709 0.500000 3.351032
32 0.500000 3.500000 0.050000 0.000000 0.252171 0.500000 3.351032
32 0.500000 3.500000 0.050000 0.000000 0.000000 0.000000 0.000000
32 0.500000 3.500000 0.050000 0.000000 0.253478 0.500000 3.351032
32 0.500000 3.500000 0.050000 0.000000 0.254766 0.500000 3.351032
32 0.500000 3.500000 0.050000 0.000000 0.000000 0.000000 0.000000
32 0.500000 3.500000 0.050000 0.000000 0.296527 0.500000 3.351032
32 0.500000 3.500000 0.050000 0.000000 0.253496 0.500000 3.351032
32 0.500000 3.500000 0.050000 0.000000 0.247791 0.500000 3.351032
32 0.500000 3.500000 0.050000 0.000000 0.302276 0.500000 3.351032
32 0.500000 3.500000 0.050000 0.000000 0.121317 0.500000 2.932153
32 0.500000 3.500000 0.050000 0.000000 0.251827 -0.500000 3.351032
32 0.500000 3.500000 0.050000 0.000000 0.251827 0.500000 3.351032
32 0.500000 3.500000 0.050000 0.000000 0.188399 -0.500000 3.351032
32 0.500000 3.500000 0.050000 0.000000 0.197037 0.500000 3.351032
32 0.500000 3.500000 0.050000 0.000000 0.000000 0.000000 0.000000
32 0.500000 3.500000 0.050000 0.000000 0.000000 0.000000 0.000000
32 0.500000 3.500000 0.050000 0.000000 0.247709 0.500000 3.351032
32 0.500000 3.500000 0.050000 0.000000 0.254766 0.500000 3.351032
32 0.500000 3.500000 0.050000 0.000000 0.302172 0.500000 3.351032
32 0.500000 3.500000 0.050000 0.000000 0.075081 0.500000 3.351032
32 0.500000 3.500000 0.050000 0.000000 0.302275 0.500000 3.351032
32 0.500000 3.500000 0.050000 0.000000 0.245895 0.500000 3.351032
32 0.500000 3.500000 0.050000 0.000000 0.180672 0.500000 2.932153
32 0.500000 3.500000 0.050000 0.000000 0.197038 0.500000 3.351032
32 0.500000 3.500000 0.050000 0.000000 0.302276 0.500000 3.351032
32 0.500000 3.500000 0.050000 0.000000 0.121936 0.500000 2.932153
32 0.500000 3.500000 0.050000 0.000000 0.308687 0.500000 3.351032
32 0.500000 3.500000 0.050000 0.000000 0.253479 0.500000 3.351032
32 0.500000 3.500000 0.050000 0.000000 0.121317 0.500000 2.932153
32 0.500000 3.500000 0.050000 0.000000 0.251828 0.500000 3.351032
32 0.500000 3.500000 0.050000 0.000000 0.253478 0.500000 3.351032
32 0.500000 3.500000 0.050000 0.000000 0.302278 0.500000 3.351032
32 0.500000 3.500000 0.050000 0.000000 0.000000 0.000000 0.000000
32 0.500000 3.500000 0.050000 0.000000 0.253477 0.500000 3.351032
32 0.500000 3.500000 0.050000 0.000000 0.000000 0.000000 0.000000
32 0.500000 3.500000 0.050000 0.000000 0.075086 0.500000 3.351032
32 0.500000 3.500000 0.050000 0.000000 0.300872 0.500000 3.351032
32 0.500000 3.500000 0.050000 0.000000 0.302172 0.500000 3.351032
32 0.500000 3.500000 0.050000 0.000000 0.247708 0.500000 3.351032
32 0.500000 3.500000 0.050000 0.000000 0.297932 0.500000 3.351032
32 0.500000 3.500000 0.050000 0.000000 0.196702 0.500000 3.351032
32 0.500000 3.500000 0.050000 0.000000 0.121936 0.500000 2.932153
32 0.500000 3.500000 0.050000 0.000000 0.302275 0.500000 3.351032
32 0.500000 3.500000 0.050000 0.000000 0.302426 0.500000 3.351032
32 0.500000 3.500000 0.050000 0.000000 0.196702 0.500000 3.351032
32 0.500000 3.500000 0.050000 0.000000 0.251896 -0.500000 3.351032
32 0.500000 3.500000 0.050000 0.000000 0.253477 0.500000 3.351032
32 0.500000 3.500000 0.050000 0.000000 0.000000 0.000000 0.000000
32 0.500000 3.500000 0.050000 0.000000 0.253494 -0.500000 3.351032
32 0.500000 3.500000 0.050000 0.000000 0.253477 0.500000 3.351032
32 0.500000 3.500000 0.050000 0.000000 0.121936 0.500000 2.932153
32 0.500000 3.500000 0.050000 0.000000 0.247709 0.500000 3.351032
32 0.500000 3.500000 0.050000 0.000000 0.000000 0.000000 0.000000
32 0.500000 3.500000 0.050000 0.000000 0.000000 0.000000 0.000000
32 0.500000 3.500000 0.050000 0.000000 0.302276 0.500000 3.351032
32 0.500000 3.500000 0.050000 0.000000 0.197038 0.500000 3.351032
32 0.500000 3.500000 0.050000 0.000000 0.254768 0.500000 3.351032
32 0.500000 3.500000 0.050000 0.000000 0.253496 0.500000 3.351032
32 0.500000 3.500000 0.050000 0.000000 0.302295 0.500000 3.351032
32 0.500000 3.500000 0.050000 0.000000 0.196702 0.500000 3.351032
32 0.500000 3.500000 0.050000 0.000000 0.197037 0.500000 3.351032
32 0.500000 3.500000 0.050000 0.000000 0.000000 0.000000 0.000000
32 0.500000 3.500000 0.050000 0.000000 0.000000 0.000000 0.000000
32 0.500000 3.500000 0.050000 0.000000 0.000000 0.000000 0.000000
32 0.500000 3.500000 0.050000 0.000000 0.302278 0.500000 3.351032
32 0.500000 3.500000 0.050000 0.000000 0.000000 0.000000 0.000000
32 0.500000 3.500000 0.050000 0.000000 0.000000 0.000000 0.000000
32 0.500000 3.500000 0.050000 0.000000 0.308656 -0.500000 3.351032
32 0.500000 3.500000 0.050000 0.000000 0.000000 0.000000 0.000000
32 0.500000 3.500000 0.050000 0.000000 0.196702 0.500000 3.351032
32 0.500000 3.500000 0.050000 0.000000 0.000000 0.000000 0.000000
32 0.500000 3.500000 0.050000 0.000000 0.254767 0.500000 3.351032
32 0.500000 3.500000 0.050000 0.000000 0.247709 0.500000 3.351032
32 0.500000 3.500000 0.050000 0.000000 0.000000 0.000000 0.000000
32 0.500000 3.500000 0.050000 0.000000 0.247400 0.500000 3.351032
32 0.500000 3.500000 0.050000 0.000000 0.247708 0.500000 3.351032
32 0.500000 3.500000 0.050000 0.000000 0.075082 0.500000 3.351032
32 0.500000 3.500000 0.050000 0.000000 0.302278 0.500000 3.351032
32 0.500000 3.500000 0.050000 0.000000 0.253478 0.500000 3.351032
32 0.500000 3.500000 0.050000 0.000000 0.302292 0.500000 3.351032
32 0.500000 3.500000 0.050000 0.000000 0.254767 0.500000 3.351032
32 0.500000 3.500000 0.050000 0.000000 0.121790 0.500000 2.932153
32 0.500000 3.500000 0.050000 0.000000 0.308966 0.500000 3.351032
32 0.500000 3.500000 0.050000 0.000000 0.000000 0.000000 0.000000
32 0.500000 3.500000 0.050000 0.000000 0.308654 0.500000 3.351032
32 0.500000 3.500000 0.050000 0.000000 0.000000 0.000000 0.000000
32 0.500000 3.500000 0.050000 0.000000 0.247401 0.500000 3.351032
32 0.500000 3.500000 0.050000 0.000000 0.302292 0.500000 3.351032
32 0.500000 3.500000 0.050000 0.000000 0.308874 0.500000 3.351032
32 0.500000 3.500000 0.050000 0.000000 0.253478 0.500000 3.351032
32 0.500000 3.500000 0.050000 0.000000 0.296527 -0.500000 3.351032
32 0.500000 3.500000 0.050000 0.000000 0.121790 0.500000 2.932153
32 0.500000 3.500000 0.050000 0.000000 0.000000 0.000000 0.000000
32 0.500000 3.500000 0.050000 0.000000 0.121790 0.500000 2.932153
32 0.500000 3.500000 0.050000 0.000000 0.000000 0.000000 0.000000
32 0.500000 3.500000 0.050000 0.000000 0.302276 0.500000 3.351032
32 0.500000 3.500000 0.050000 0.000000 0.000000 0.000000 0.000000
32 0.500000 3.500000 0.050000 0.000000 0.121938 0.500000 2.932153
32 0.500000 3.500000 0.050000 0.000000 0.247709 0.500000 3.351032
32 0.500000 3.500000 0.050000 0.000000 0.308881 -0.500000 3.351032
32 0.500000 3.500000 0.050000 0.000000 0.308786 0.500000 3.351032
32 0.500000 3.500000 0.050000 0.000000 0.121789 0.500000 2.932153
32 0.500000 3.500000 0.050000 0.000000 0.000000 0.000000 0.000000
32 0.500000 3.500000 0.050000 0.000000 0.253495 0.500000 3.351032
32 0.500000 3.500000 0.050000 0.000000 0.253496 0.500000 3.351032
32 0.500000 3.500000 0.050000 0.000000 0.302276 0.500000 3.351032
32 0.500000 3.500000 0.050000 0.000000 0.247400 0.500000 3.351032
32 0.500000 3.500000 0.050000 0.000000 0.302275 0.500000 3.351032
32 0.500000 3.500000 0.050000 0.000000 0.000000 0.000000 0.000000
32 0.500000 3.500000 0.050000 0.000000 0.000000 0.000000 0.000000
32 0.500000 3.500000 0.050000 0.000000 0.302294 0.500000 3.351032
32 0.500000 3.500000 0.050000 0.000000 0.000000 0.000000 0.000000
32 0.500000 3.500000 0.050000 0.000000 0.000000 0.465327 0.000000
32 0.500000 3.500000 0.050000 0.000000 0.251828 0.500000 3.351032
32 0.500000 3.500000 0.050000 0.000000 0.000000 0.000000 0.000000
32 0.500000 3.500000 0.050000 0.000000 0.252253 -0.500000 3.351032
32 0.500000 3.500000 0.050000 0.000000 0.252171 0.500000 3.351032
32 0.500000 3.500000 0.050000 0.000000 0.247709 0.500000 3.351032
32 0.500000 3.500000 0.050000 0.000000 0.254767 0.500000 3.351032
32 0.500000 3.500000 0.050000 0.000000 0.300997 0.500000 3.351032
32 0.500000 3.500000 0.050000 0.000000 0.297930 0.500000 3.351032
32 0.500000 3.500000 0.050000 0.000000 0.296406 -0.500000 3.351032
32 0.500000 3.500000 0.050000 0.000000 0.197037 0.500000 3.351032
32 0.500000 3.500000 0.050000 0.000000 0.000000 0.000000 0.000000
32 0.500000 3.500000 0.050000 0.000000 0.181210 0.500000 2.932153
32 0.500000 3.500000 0.050000 0.000000 0.245897 0.500000 3.351032
32 0.500000 3.500000 0.050000 0.000000 0.253479 0.500000 3.351032
32 0.500000 3.500000 0.050000 0.000000 0.302276 -0.500000 3.351032
32 0.500000 3.500000 0.050000 0.000000 0.000000 0.000000 0.000000
32 0.500000 3.500000 0.050000 0.000000 0.252171 0.500000 3.351032
32 0.500000 3.500000 0.050000 0.000000 0.196640 0.500000 3.351032
32 0.500000 3.500000 0.050000 0.000000 0.296556 0.500000 3.351032
32 0.500000 3.500000 0.050000 0.000000 0.308649 0.500000 3.351032
32 0.500000 3.500000 0.050000 0.000000 0.121936 0.500000 2.932153
32 0.500000 3.500000 0.050000 0.000000 0.253479 0.500000 3.351032
32 0.500000 3.500000 0.050000 0.000000 0.000000 0.339175 0.000000
32 0.500000 3.500000 0.050000 0.000000 0.196641 0.500000 3.351032
32 0.500000 3.500000 0.050000 0.000000 0.247707 0.500000 3.351032
32 0.500000 3.500000 0.050000 0.000000 0.251827 0.500000 3.351032
32 0.500000 3.500000 0.050000 0.000000 0.000000 0.000000 0.000000
32 0.500000 3.500000 0.050000 0.000000 0.297934 -0.500000 3.351032
32 0.500000 3.500000 0.050000 0.000000 0.121790 0.500000 2.932153
32 0.500000 3.500000 0.050000 0.000000 0.302275 0.500000 3.351032
32 0.500000 3.500000 0.050000 0.000000 0.245887 0.500000 3.351032
32 0.500000 3.500000 0.050000 0.000000 0.000000 -0.498163 0.000000
32 0.500000 3.500000 0.050000 0.000000 0.197037 0.500000 3.351032
32 0.500000 3.500000 0.050000 0.000000 0.000000 0.344758 0.000000
32 0.500000 3.500000 0.050000 0.000000 0.121790 0.500000 2.932153
32 0.500000 3.500000 0.050000 0.000000 0.000000 0.000000 0.000000
32 0.500000 3.500000 0.050000 0.000000 0.302426 0.500000 3.351032
32 0.500000 3.500000 0.050000 0.000000 0.000000 0.000000 0.000000
32 0.500000 3.500000 0.050000 0.000000 0.302173 0.500000 3.351032
32 0.500000 3.500000 0.050000 0.000000 0.196703 0.500000 3.351032
32 0.500000 3.500000 0.050000 0.000000 0.308851 -0.500000 3.351032
32 0.500000 3.500000 0.050000 0.000000 0.302425 0.500000 3.351032
32 0.500000 3.500000 0.050000 0.000000 0.196244 0.500000 3.351032
32 0.500000 3.500000 0.050000 0.000000 0.195053 0.500000 3.351032
32 0.500000 3.500000 0.050000 0.000000 0.121318 0.500000 2.932153
32 0.500000 3.500000 0.050000 0.000000 0.000000 0.000000 0.000000
32 0.500000 3.500000 0.050000 0.000000 0.245886 0.500000 3.351032
32 0.500000 3.500000 0.050000 0.000000 0.253496 -0.500000 3.351032
32 0.500000 3.500000 0.050000 0.000000 0.302276 0.500000 3.351032
32 0.500000 3.500000 0.050000 0.000000 0.000000 0.000000 0.000000
32 0.500000 3.500000 0.050000 0.000000 0.349547 0.500000 3.351032
32 0.500000 3.500000 0.050000 0.000000 0.000000 0.000000 0.000000
32 0.500000 3.500000 0.050000 0.000000 0.247708 0.500000 3.351032
32 0.500000 3.500000 0.050000 0.000000 0.252171 0.500000 3.351032
32 0.500000 3.500000 0.050000 0.000000 0.253496 0.500000 3.351032
32 0.500000 3.500000 0.050000 0.000000 0.253496 0.500000 3.351032
32 0.500000 3.500000 0.050000 0.000000 0.252171 0.500000 3.351032
32 0.500000 3.500000 0.050000 0.000000 0.252172 0.500000 3.351032
32 0.500000 3.500000 0.050000 0.000000 0.000000 0.000000 0.000000
32 0.500000 3.500000 0.050000 0.000000 0.302276 0.500000 3.351032
32 0.500000 3.500000 0.050000 0.000000 0.349534 0.500000 3.351032
32 0.500000 3.500000 0.050000 0.000000 0.075081 0.500000 3.351032
32 0.500000 3.500000 0.050000 0.000000 0.253478 -0.500000 3.351032
32 0.500000 3.500000 0.050000 0.000000 0.349544 0.500000 3.351032
32 0.500000 3.500000 0.050000 0.000000 0.197038 0.500000 3.351032
32 0.500000 3.500000 0.050000 0.000000 0.247708 0.500000 3.351032
32 0.500000 3.500000 0.050000 0.000000 0.000000 0.000000 0.000000
32 0.500000 3.500000 0.050000 0.000000 0.252171 0.500000 3.351032
32 0.500000 3.500000 0.050000 0.000000 0.251897 -0.500000 3.351032
32 0.500000 3.500000 0.050000 0.000000 0.121790 0.500000 2.932153
32 0.500000 3.500000 0.050000 0.000000 0.000000 0.000000 0.000000
32 0.500000 3.500000 0.050000 0.000000 0.196703 -0.500000 3.351032
32 0.500000 3.500000 0.050000 0.000000 0.121936 -0.500000 2.932153
32 0.500000 3.500000 0.050000 0.000000 0.253495 0.500000 3.351032
32 0.500000 3.500000 0.050000 0.000000 0.000000 0.000000 0.000000
32 0.500000 3.500000 0.050000 0.000000 0.000000 0.000000 0.000000
32 0.500000 3.500000 0.050000 0.000000 0.251827 0.500000 3.351032
32 0.500000 3.500000 0.050000 0.000000 0.308846 0.500000 3.351032
32 0.500000 3.500000 0.050000 0.000000 0.302295 0.500000 3.351032
32 0.500000 3.500000 0.050000 0.000000 0.302426 0.500000 3.351032
32 0.500000 3.500000 0.050000 0.000000 0.000000 0.000000 0.000000
32 0.500000 3.500000 0.050000 0.000000 0.000000 0.000000 0.000000
32 0.500000 3.500000 0.050000 0.000000 0.252171 0.500000 3.351032
32 0.500000 3.500000 0.050000 0.000000 0.196640 0.500000 3.351032
32 0.500000 3.500000 0.050000 0.000000 0.253477 0.500000 3.351032
32 0.500000 3.500000 0.050000 0.000000 0.000000 0.000000 0.000000
32 0.500000 3.500000 0.050000 0.000000 0.000000 0.000000 0.000000
32 0.500000 3.500000 0.050000 0.000000 0.253496 0.500000 3.351032
32 0.500000 3.500000 0.050000 0.000000 0.000000 0.000000 0.000000
32 0.500000 3.500000 0.050000 0.000000 0.308937 -0.500000 3.351032
32 0.500000 3.500000 0.050000 0.000000 0.000000 0.000000 0.000000
32 0.500000 3.500000 0.050000 0.000000 0.121789 0.500000 2.932153
32 0.500000 3.500000 0.050000 0.000000 0.302292 -0.500000 3.351032
32 0.500000 3.500000 0.050000 0.000000 0.252171 0.500000 3.351032
32 0.500000 3.500000 0.050000 0.000000 0.000000 0.000000 0.000000
32 0.500000 3.500000 0.050000 0.000000 0.000000 0.000000 0.000000
32 0.500000 3.500000 0.050000 0.000000 0.000000 0.000000 0.000000
32 0.500000 3.500000 0.050000 0.000000 0.075083 0.500000 3.351032
32 0.500000 3.500000 0.050000 0.000000 0.253495 0.500000 3.351032
32 0.500000 3.500000 0.050000 0.000000 0.251827 0.500000 3.351032
32 0.500000 3.500000 0.050000 0.000000 0.247400 0.500000 3.351032
32 0.500000 3.500000 0.050000 0.000000 0.197038 0.500000 3.351032
32 0.500000 3.500000 0.050000 0.000000 0.118929 -0.500000 2.932153
32 0.500000 3.500000 0.050000 0.000000 0.300873 0.500000 3.351032
32 0.500000 3.500000 0.050000 0.000000 0.253495 0.500000 3.351032
32 0.500000 3.500000 0.050000 0.000000 0.253496 0.500000 3.351032
32 0.500000 3.500000 0.050000 0.000000 0.000000 0.000000 0.000000
32 0.500000 3.500000 0.050000 0.000000 0.173067 0.500000 2.932153
32 0.500000 3.500000 0.050000 0.000000 0.121936 0.500000 2.932153
32 0.500000 3.500000 0.050000 0.000000 0.300872 0.500000 3.351032
32 0.500000 3.500000 0.050000 0.000000 0.254768 0.500000 3.351032
32 0.500000 3.500000 0.050000 0.000000 0.251896 0.500000 3.351032
32 0.500000 3.500000 0.050000 0.000000 0.121936 0.500000 2.932153
32 0.500000 3.500000 0.050000 0.000000 0.253493 0.500000 3.351032
32 0.500000 3.500000 0.050000 0.000000 0.000000 0.000000 0.000000
32 0.500000 3.500000 0.050000 0.000000 0.000000 0.000000 0.000000
32 0.500000 3.500000 0.050000 0.000000 0.253494 0.500000 3.351032
32 0.500000 3.500000 0.050000 0.000000 0.000000 0.000000 0.000000
32 0.500000 3.500000 0.050000 0.000000 0.245453 0.500000 3.351032
32 0.500000 3.500000 0.050000 0.000000 0.300873 -0.500000 3.351032
32 0.500000 3.500000 0.050000 0.000000 0.296558 0.500000 3.351032
32 0.500000 3.500000 0.050000 0.000000 0.121936 0.500000 2.932153
32 0.500000 3.500000 0.050000 0.000000 0.253495 0.500000 3.351032
32 0.500000 3.500000 0.050000 0.000000 0.302292 0.500000 3.351032
32 0.500000 3.500000 0.050000 0.000000 0.000000 0.000000 0.000000
32 0.500000 3.500000 0.050000 0.000000 0.253478 0.500000 3.351032
32 0.500000 3.500000 0.050000 0.000000 0.308905 0.500000 3.351032
32 0.500000 3.500000 0.050000 0.000000 0.302278 0.500000 3.351032
32 0.500000 3.500000 0.050000 0.000000 0.245886 -0.500000 3.351032
32 0.500000 3.500000 0.050000 0.000000 0.308786 0.500000 3.351032
32 0.500000 3.500000 0.050000 0.000000 0.253494 0.500000 3.351032
32 0.500000 3.500000 0.050000 0.000000 0.247709 0.500000 3.351032
32 0.500000 3.500000 0.050000 0.000000 0.245887 0.500000 3.351032
32 0.500000 3.500000 0.050000 0.000000 0.254767 0.500000 3.351032
32 0.500000 3.500000 0.050000 0.000000 0.253478 0.500000 3.351032
32 0.500000 3.500000 0.050000 0.000000 0.253478 0.500000 3.351032
32 0.500000 3.500000 0.050000 0.000000 0.120422 0.500000 2.932153
32 0.500000 3.500000 0.050000 0.000000 0.253496 0.500000 3.351032
32 0.500000 3.500000 0.050000 0.000000 0.000000 0.000000 0.000000
32 0.500000 3.500000 0.050000 0.000000 0.000000 0.000000 0.000000
32 0.500000 3.500000 0.050000 0.000000 0.174189 -0.500000 2.932153
32 0.500000 3.500000 0.050000 0.000000 0.308677 0.500000 3.351032
32 0.500000 3.500000 0.050000 0.000000 0.134973 0.500000 3.351032
32 0.500000 3.500000 0.050000 0.000000 0.251895 0.500000 3.351032
32 0.500000 3.500000 0.050000 0.000000 0.247400 0.500000 3.351032
32 0.500000 3.500000 0.050000 0.000000 0.254767 0.500000 3.351032
32 0.500000 3.500000 0.050000 0.000000 0.000000 0.000000 0.000000
32 0.500000 3.500000 0.050000 0.000000 0.254767 0.500000 3.351032
32 0.500000 3.500000 0.050000 0.000000 0.121790 0.500000 2.932153
32 0.500000 3.500000 0.050000 0.000000 0.195053 0.500000 3.351032
32 0.500000 3.500000 0.050000 0.000000 0.252172 0.500000 3.351032
32 0.500000 3.500000 0.050000 0.000000 0.296557 0.500000 3.351032
32 0.500000 3.500000 0.050000 0.000000 0.245883 0.500000 3.351032
32 0.500000 3.500000 0.050000 0.000000 0.000000 0.000000 0.000000
32 0.500000 3.500000 0.050000 0.000000 0.000000 0.000000 0.000000
32 0.500000 3.500000 0.050000 0.000000 0.302427 0.500000 3.351032
32 0.500000 3.500000 0.050000 0.000000 0.197037 0.500000 3.351032
32 0.500000 3.500000 0.050000 0.000000 0.254767 0.500000 3.351032
32 0.500000 3.500000 0.050000 0.000000 0.180014 -0.500000 2.932153
32 0.500000 3.500000 0.050000 0.000000 0.251895 -0.500000 3.351032
32 0.500000 3.500000 0.050000 0.000000 0.121790 0.500000 2.932153
32 0.500000 3.500000 0.050000 0.000000 0.254768 0.500000 3.351032
32 0.500000 3.500000 0.050000 0.000000 0.302426 0.500000 3.351032
32 0.500000 3.500000 0.050000 0.000000 0.247707 0.500000 3.351032
32 0.500000 3.500000 0.050000 0.000000 0.300997 0.500000 3.351032
32 0.500000 3.500000 0.050000 0.000000 0.247709 0.500000 3.351032
32 0.500000 3.500000 0.050000 0.000000 0.253494 -0.500000 3.351032
32 0.500000 3.500000 0.050000 0.000000 0.121317 0.500000 2.932153
32 0.500000 3.500000 0.050000 0.000000 0.000000 0.335755 0.000000
32 0.500000 3.500000 0.050000 0.000000 0.121790 -0.500000 2.932153
32 0.500000 3.500000 0.050000 0.000000 0.196702 0.500000 3.351032
32 0.500000 3.500000 0.050000 0.000000 0.196702 -0.500000 3.351032
32 0.500000 3.500000 0.050000 0.000000 0.000000 0.000000 0.000000
32 0.500000 3.500000 0.050000 0.000000 0.254766 0.500000 3.351032
32 0.500000 3.500000 0.050000 0.000000 0.000000 0.000000 0.000000
32 0.500000 3.500000 0.050000 0.000000 0.197038 0.500000 3.351032
32 0.500000 3.500000 0.050000 0.000000 0.296558 0.500000 3.351032
32 0.500000 3.500000 0.050000 0.000000 0.253496 0.500000 3.351032
32 0.500000 3.500000 0.050000 0.000000 0.000000 0.000000 0.000000
32 0.500000 3.500000 0.050000 0.000000 0.075082 0.500000 3.351032
32 0.500000 3.500000 0.050000 0.000000 0.000000 0.000000 0.000000
32 0.500000 3.500000 0.050000 0.000000 0.253495 0.500000 3.351032
32 0.500000 3.500000 0.050000 0.000000 0.302278 0.500000 3.351032
32 0.500000 3.500000 0.050000 0.000000 0.349534 0.500000 3.351032
32 0.500000 3.500000 0.050000 0.000000 0.245883 0.500000 3.351032
32 0.500000 3.500000 0.050000 0.000000 0.121937 -0.500000 2.932153
32 0.500000 3.500000 0.050000 0.000000 0.000000 0.000000 0.000000
32 0.500000 3.500000 0.050000 0.000000 0.197037 0.500000 3.351032
32 0.500000 3.500000 0.050000 0.000000 0.000000 0.000000 0.000000
32 0.500000 3.500000 0.050000 0.000000 0.253495 -0.500000 3.351032
32 0.500000 3.500000 0.050000 0.000000 0.252170 -0.500000 3.351032
32 0.500000 3.500000 0.050000 0.000000 0.000000 0.000000 0.000000
32 0.500000 3.500000 0.050000 0.000000 0.302293 0.500000 3.351032
32 0.500000 3.500000 0.050000 0.000000 0.121937 0.500000 2.932153
32 0.500000 3.500000 0.050000 0.000000 0.000000 0.000000 0.000000
32 0.500000 3.500000 0.050000 0.000000 0.075081 0.500000 3.351032
32 0.500000 3.500000 0.050000 0.000000 0.075086 0.500000 3.351032
32 0.500000 3.500000 0.050000 0.000000 0.252170 0.500000 3.351032
32 0.500000 3.500000 0.050000 0.000000 0.296527 -0.500000 3.351032
32 0.500000 3.500000 0.050000 0.000000 0.000000 0.000000 0.000000
32 0.500000 3.500000 0.050000 0.000000 0.000000 0.000000 0.000000
32 0.500000 3.500000 0.050000 0.000000 0.000000 0.000000 0.000000
32 0.500000 3.500000 0.050000 0.000000 0.245887 0.500000 3.351032
32 0.500000 3.500000 0.050000 0.000000 0.302426 0.500000 3.351032
32 0.500000 3.500000 0.050000 0.000000 0.000000 0.000000 0.000000
32 0.500000 3.500000 0.050000 0.000000 0.245886 0.500000 3.351032
32 0.500000 3.500000 0.050000 0.000000 0.000000 0.000000 0.000000
32 0.500000 3.500000 0.050000 0.000000 0.000000 0.000000 0.000000
32 0.500000 3.500000 0.050000 0.000000 0.302276 0.500000 3.351032
32 0.500000 3.500000 0.050000 0.000000 0.251828 0.500000 3.351032
32 0.500000 3.500000 0.050000 0.000000 0.245896 -0.500000 3.351032
32 0.500000 3.500000 0.050000 0.000000 0.000000 0.000000 0.000000
32 0.500000 3.500000 0.050000 0.000000 0.302426 -0.500000 3.351032
32 0.500000 3.500000 0.050000 0.000000 0.174189 0.500000 2.932153
32 0.500000 3.500000 0.050000 0.000000 0.302293 0.500000 3.351032
32 0.500000 3.500000 0.050000 0.000000 0.245886 -0.500000 3.351032
32 0.500000 3.500000 0.050000 0.000000 0.302276 -0.500000 3.351032
32 0.500000 3.500000 0.050000 0.000000 0.302275 0.500000 3.351032
32 0.500000 3.500000 0.050000 0.000000 0.302276 0.500000 3.351032
32 0.500000 3.500000 0.050000 0.000000 0.302171 0.500000 3.351032
32 0.500000 3.500000 0.050000 0.000000 0.294603 0.500000 3.351032
32 0.500000 3.500000 0.050000 0.000000 0.075084 0.500000 3.351032
32 0.500000 3.500000 0.050000 0.000000 0.075081 0.500000 3.351032
32 0.500000 3.500000 0.050000 0.000000 0.349535 0.500000 3.351032
32 0.500000 3.500000 0.050000 0.000000 0.247401 0.500000 3.351032
32 0.500000 3.500000 0.050000 0.000000 0.294603 0.500000 3.351032
32 0.500000 3.500000 0.050000 0.000000 0.254767 0.500000 3.351032
32 0.500000 3.500000 0.050000 0.000000 0.196703 0.500000 3.351032
32 0.500000 3.500000 0.050000 0.000000 0.300998 0.500000 3.351032
32 0.500000 3.500000 0.050000 0.000000 0.000000 0.000000 0.000000
32 0.500000 3.500000 0.050000 0.000000 0.000000 0.000000 0.000000
32 0.500000 3.500000 0.050000 0.000000 0.118929 0.500000 2.932153
32 0.500000 3.500000 0.050000 0.000000 0.246235 0.500000 3.351032
32 0.500000 3.500000 0.050000 0.000000 0.247708 0.500000 3.351032
32 0.500000 3.500000 0.050000 0.000000 0.349545 0.500000 3.351032
32 0.500000 3.500000 0.050000 0.000000 0.075082 0.500000 3.351032
32 0.500000 3.500000 0.050000 0.000000 0.247709 0.500000 3.351032
32 0.500000 3.500000 0.050000 0.000000 0.075083 0.500000 3.351032
32 0.500000 3.500000 0.050000 0.000000 0.297934 0.500000 3.351032
32 0.500000 3.500000 0.050000 0.000000 0.252170 0.500000 3.351032
32 0.500000 3.500000 0.050000 0.000000 0.000000 0.000000 0.000000
32 0.500000 3.500000 0.050000 0.000000 0.121789 0.500000 2.932153
32 0.500000 3.500000 0.050000 0.000000 0.247708 -0.500000 3.351032
32 0.500000 3.500000 0.050000 0.000000 0.000000 0.000000 0.000000
32 0.500000 3.500000 0.050000 0.000000 0.000000 0.000000 0.000000
32 0.500000 3.500000 0.050000 0.000000 0.247708 0.500000 3.351032
32 0.500000 3.500000 0.050000 0.000000 0.253478 0.500000 3.351032
32 0.500000 3.500000 0.050000 0.000000 0.302294 0.500000 3.351032
32 0.500000 3.500000 0.050000 0.000000 0.253495 0.500000 3.351032
32 0.500000 3.500000 0.050000 0.000000 0.000000 0.000000 0.000000
32 0.500000 3.500000 0.050000 0.000000 0.253478 0.500000 3.351032
32 0.500000 3.500000 0.050000 0.000000 0.000000 0.000000 0.000000
32 0.500000 3.500000 0.050000 0.000000 0.246235 0.500000 3.351032
32 0.500000 3.500000 0.050000 0.000000 0.000000 0.000000 0.000000
32 0.500000 3.500000 0.050000 0.000000 0.302172 0.500000 3.351032
32 0.500000 3.500000 0.050000 0.000000 0.308652 0.500000 3.351032
32 0.500000 3.500000 0.050000 0.000000 0.251828 -0.500000 3.351032
32 0.500000 3.500000 0.050000 0.000000 0.247708 0.500000 3.351032
32 0.500000 3.500000 0.050000 0.000000 0.000000 0.000000 0.000000
32 0.500000 3.500000 0.050000 0.000000 0.251828 0.500000 3.351032
32 0.500000 3.500000 0.050000 0.000000 0.253495 0.500000 3.351032
32 0.500000 3.500000 0.050000 0.000000 0.000000 0.000000 0.000000
32 0.500000 3.500000 0.050000 0.000000 0.300997 0.500000 3.351032
32 0.500000 3.500000 0.050000 0.000000 0.121317 0.500000 2.932153
32 0.500000 3.500000 0.050000 0.000000 0.121790 0.500000 2.932153
32 0.500000 3.500000 0.050000 0.000000 0.345077 0.500000 3.351032
32 0.500000 3.500000 0.050000 0.000000 0.197037 0.500000 3.351032
32 0.500000 3.500000 0.050000 0.000000 0.121790 0.500000 2.932153
32 0.500000 3.500000 0.050000 0.000000 0.251896 0.500000 3.351032
32 0.500000 3.500000 0.050000 0.000000 0.349534 0.500000 3.351032
32 0.500000 3.500000 0.050000 0.000000 0.197038 0.500000 3.351032
32 0.500000 3.500000 0.050000 0.000000 0.300997 0.500000 3.351032
32 0.500000 3.500000 0.050000 0.000000 0.345077 0.500000 3.351032
32 0.500000 3.500000 0.050000 0.000000 0.253478 0.500000 3.351032
32 0.500000 3.500000 0.050000 0.000000 0.000000 0.000000 0.000000
32 0.500000 3.500000 0.050000 0.000000 0.246234 0.500000 3.351032
32 0.500000 3.500000 0.050000 0.000000 0.253477 0.500000 3.351032
32 0.500000 3.500000 0.050000 0.000000 0.253495 0.500000 3.351032
32 0.500000 3.500000 0.050000 0.000000 0.254767 -0.500000 3.351032
32 0.500000 3.500000 0.050000 0.000000 0.308662 -0.500000 3.351032
32 0.500000 3.500000 0.050000 0.000000 0.247708 0.500000 3.351032
32 0.500000 3.500000 0.050000 0.000000 0.253496 0.500000 3.351032
32 0.500000 3.500000 0.050000 0.000000 0.308680 0.500000 3.351032
32 0.500000 3.500000 0.050000 0.000000 0.253495 -0.500000 3.351032
32 0.500000 3.500000 0.050000 0.000000 0.000000 0.000000 0.000000
32 0.500000 3.500000 0.050000 0.000000 0.000000 0.000000 0.000000
32 0.500000 3.500000 0.050000 0.000000 0.253496 0.500000 3.351032
32 0.500000 3.500000 0.050000 0.000000 0.302172 0.500000 3.351032
32 0.500000 3.500000 0.050000 0.000000 0.000000 0.000000 0.000000
32 0.500000 3.500000 0.050000 0.000000 0.000000 0.000000 0.000000
32 0.500000 3.500000 0.050000 0.000000 0.308743 -0.500000 3.351032
32 0.500000 3.500000 0.050000 0.000000 0.302171 0.500000 3.351032
32 0.500000 3.500000 0.050000 0.000000 0.000000 0.000000 0.000000
32 0.500000 3.500000 0.050000 0.000000 0.296557 -0.500000 3.351032
32 0.500000 3.500000 0.050000 0.000000 0.253478 0.500000 3.351032
32 0.500000 3.500000 0.050000 0.000000 0.296409 0.500000 3.351032
32 0.500000 3.500000 0.050000 0.000000 0.302276 -0.500000 3.351032
32 0.500000 3.500000 0.050000 0.000000 0.000000 0.000000 0.000000
32 0.500000 3.500000 0.050000 0.000000 0.196641 0.500000 3.351032
32 0.500000 3.500000 0.050000 0.000000 0.000000 0.000000 0.000000
32 0.500000 3.500000 0.050000 0.000000 0.245896 0.500000 3.351032
32 0.500000 3.500000 0.050000 0.000000 0.121936 0.500000 2.932153
32 0.500000 3.500000 0.050000 0.000000 0.302276 0.500000 3.351032
32 0.500000 3.500000 0.050000 0.000000 0.254768 0.500000 3.351032
32 0.500000 3.500000 0.050000 0.000000 0.302276 0.500000 3.351032
32 0.500000 3.500000 0.050000 0.000000 0.252172 0.500000 3.351032
32 0.500000 3.500000 0.050000 0.000000 0.075086 0.500000 3.351032
32 0.500000 3.500000 0.050000 0.000000 0.253479 -0.500000 3.351032
32 0.500000 3.500000 0.050000 0.000000 0.000000 0.000000 0.000000
32 0.500000 3.500000 0.050000 0.000000 0.128508 0.500000 3.351032
32 0.500000 3.500000 0.050000 0.000000 0.121789 0.500000 2.932153
32 0.500000 3.500000 0.050000 0.000000 0.000000 0.000000 0.000000
32 0.500000 3.500000 0.050000 0.000000 0.253496 0.500000 3.351032
32 0.500000 3.500000 0.050000 0.000000 0.196702 0.500000 3.351032
32 0.500000 3.500000 0.050000 0.000000 0.250130 0.500000 3.351032
32 0.500000 3.500000 0.050000 0.000000 0.000000 0.000000 0.000000
32 0.500000 3.500000 0.050000 0.000000 0.245887 0.500000 3.351032
32 0.500000 3.500000 0.050000 0.000000 0.000000 0.000000 0.000000
32 0.500000 3.500000 0.050000 0.000000 0.251827 0.500000 3.351032
32 0.500000 3.500000 0.050000 0.000000 0.174189 0.500000 2.932153
32 0.500000 3.500000 0.050000 0.000000 0.308969 0.500000 3.351032
32 0.500000 3.500000 0.050000 0.000000 0.000000 0.000000 0.000000
32 0.500000 3.500000 0.050000 0.000000 0.245886 0.500000 3.351032
32 0.500000 3.500000 0.050000 0.000000 0.251828 0.500000 3.351032
32 0.500000 3.500000 0.050000 0.000000 0.000000 0.000000 0.000000
32 0.500000 3.500000 0.050000 0.000000 0.252172 0.500000 3.351032
32 0.500000 3.500000 0.050000 0.000000 0.000000 0.000000 0.000000
32 0.500000 3.500000 0.050000 0.000000 0.197038 0.500000 3.351032
32 0.500000 3.500000 0.050000 0.000000 0.121789 0.500000 2.932153
32 0.500000 3.500000 0.050000 0.000000 0.121936 0.500000 2.932153
32 0.500000 3.500000 0.050000 0.000000 0.247707 0.500000 3.351032
32 0.500000 3.500000 0.050000 0.000000 0.297932 0.500000 3.351032
32 0.500000 3.500000 0.050000 0.000000 0.075081 0.500000 3.351032
32 0.500000 3.500000 0.050000 0.000000 0.000000 0.000000 0.000000
32 0.500000 3.500000 0.050000 0.000000 0.253496 0.500000 3.351032
32 0.500000 3.500000 0.050000 0.000000 0.197037 0.500000 3.351032
32 0.500000 3.500000 0.050000 0.000000 0.196702 -0.500000 3.351032
32 0.500000 3.500000 0.050000 0.000000 0.180674 0.500000 2.932153
32 0.500000 3.500000 0.050000 0.000000 0.173920 -0.500000 2.932153
32 0.500000 3.500000 0.050000 0.000000 0.308986 0.500000 3.351032
32 0.500000 3.500000 0.050000 0.000000 0.075081 0.500000 3.351032
32 0.500000 3.500000 0.050000 0.000000 0.178593 0.500000 2.932153
32 0.500000 3.500000 0.050000 0.000000 0.252172 0.500000 3.351032
32 0.500000 3.500000 0.050000 0.000000 0.000000 0.000000 0.000000
32 0.500000 3.500000 0.050000 0.000000 0.000000 0.000000 0.000000
32 0.500000 3.500000 0.050000 0.000000 0.075081 -0.500000 3.351032
32 0.500000 3.500000 0.050000 0.000000 0.245896 0.500000 3.351032
32 0.500000 3.500000 0.050000 0.000000 0.252171 -0.500000 3.351032
32 0.500000 3.500000 0.050000 0.000000 0.247789 0.500000 3.351032
32 0.500000 3.500000 0.050000 0.000000 0.247707 0.500000 3.351032
32 0.500000 3.500000 0.050000 0.000000 0.000000 0.000000 0.000000
32 0.500000 3.500000 0.050000 0.000000 0.302172 -0.500000 3.351032
32 0.500000 3.500000 0.050000 0.000000 0.000000 0.000000 0.000000
32 0.500000 3.500000 0.050000 0.000000 0.349547 0.500000 3.351032
32 0.500000 3.500000 0.050000 0.000000 0.297933 0.500000 3.351032
32 0.500000 3.500000 0.050000 0.000000 0.000000 0.000000 0.000000
32 0.500000 3.500000 0.050000 0.000000 0.302293 0.500000 3.351032
32 0.500000 3.500000 0.050000 0.000000 0.252172 0.500000 3.351032
32 0.500000 3.500000 0.050000 0.000000 0.254767 0.500000 3.351032
32 0.500000 3.500000 0.050000 0.000000 0.300873 0.500000 3.351032
32 0.500000 3.500000 0.050000 0.000000 0.121317 0.500000 2.932153
32 0.500000 3.500000 0.050000 0.000000 0.302275 0.500000 3.351032
32 0.500000 3.500000 0.050000 0.000000 0.121936 0.500000 2.932153
32 0.500000 3.500000 0.050000 0.000000 0.000000 0.000000 0.000000
32 0.500000 3.500000 0.050000 0.000000 0.000000 0.000000 0.000000
32 0.500000 3.500000 0.050000 0.000000 0.253494 0.500000 3.351032
32 0.500000 3.500000 0.050000 0.000000 0.000000 0.000000 0.000000
32 0.500000 3.500000 0.050000 0.000000 0.121936 0.500000 2.932153
32 0.500000 3.500000 0.050000 0.000000 0.000000 0.000000 0.000000
32 0.500000 3.500000 0.050000 0.000000 0.254768 0.500000 3.351032
32 0.500000 3.500000 0.050000 0.000000 0.000000 0.000000 0.000000
32 0.500000 3.500000 0.050000 0.000000 0.253495 0.500000 3.351032
32 0.500000 3.500000 0.050000 0.000000 0.247791 -0.500000 3.351032
32 0.500000 3.500000 0.050000 0.000000 0.253478 -0.500000 3.351032
32 0.500000 3.500000 0.050000 0.000000 0.075084 0.500000 3.351032
32 0.500000 3.500000 0.050000 0.000000 0.252172 -0.500000 3.351032
32 0.500000 3.500000 0.050000 0.000000 0.253496 0.500000 3.351032
32 0.500000 3.500000 0.050000 0.000000 0.000000 0.000000 0.000000
32 0.500000 3.500000 0.050000 0.000000 0.302172 0.500000 3.351032
32 0.500000 3.500000 0.050000 0.000000 0.247789 0.500000 3.351032
32 0.500000 3.500000 0.050000 0.000000 0.000000 0.000000 0.000000
32 0.500000 3.500000 0.050000 0.000000 0.000000 0.000000 0.000000
32 0.500000 3.500000 0.050000 0.000000 0.121936 0.500000 2.932153
32 0.500000 3.500000 0.050000 0.000000 0.251827 0.500000 3.351032
32 0.500000 3.500000 0.050000 0.000000 0.308719 0.500000 3.351032
32 0.500000 3.500000 0.050000 0.000000 0.297934 0.500000 3.351032
32 0.500000 3.500000 0.050000 0.000000 0.253494 -0.500000 3.351032
32 0.500000 3.500000 0.050000 0.000000 0.196702 0.500000 3.351032
32 0.500000 3.500000 0.050000 0.000000 0.121317 0.500000 2.932153
32 0.500000 3.500000 0.050000 0.000000 0.253478 0.500000 3.351032
32 0.500000 3.500000 0.050000 0.000000 0.196702 0.500000 3.351032
32 0.500000 3.500000 0.050000 0.000000 0.247704 0.500000 3.351032
32 0.500000 3.500000 0.050000 0.000000 0.251895 0.500000 3.351032
32 0.500000 3.500000 0.050000 0.000000 0.000000 0.000000 0.000000
32 0.500000 3.500000 0.050000 0.000000 0.075084 0.500000 3.351032
32 0.500000 3.500000 0.050000 0.000000 0.253478 0.500000 3.351032
32 0.500000 3.500000 0.050000 0.000000 0.197038 -0.500000 3.351032
32 0.500000 3.500000 0.050000 0.000000 0.000000 0.000000 0.000000
32 0.500000 3.500000 0.050000 0.000000 0.121937 0.500000 2.932153
32 0.500000 3.500000 0.050000 0.000000 0.296409 0.500000 3.351032
32 0.500000 3.500000 0.050000 0.000000 0.245886 0.500000 3.351032
32 0.500000 3.500000 0.050000 0.000000 0.197038 -0.500000 3.351032
32 0.500000 3.500000 0.050000 0.000000 0.296557 0.500000 3.351032
32 0.500000 3.500000 0.050000 0.000000 0.075082 0.500000 3.351032
32 0.500000 3.500000 0.050000 0.000000 0.302172 -0.500000 3.351032
32 0.500000 3.500000 0.050000 0.000000 0.302293 0.500000 3.351032
32 0.500000 3.500000 0.050000 0.000000 0.197037 0.500000 3.351032
32 0.500000 3.500000 0.050000 0.000000 0.121789 0.500000 2.932153
32 0.500000 3.500000 0.050000 0.000000 0.296407 0.500000 3.351032
32 0.500000 3.500000 0.050000 0.000000 0.197037 0.500000 3.351032
32 0.500000 3.500000 0.050000 0.000000 0.302173 -0.500000 3.351032
32 0.500000 3.500000 0.050000 0.000000 0.247309 0.500000 3.351032
32 0.500000 3.500000 0.050000 0.000000 0.121789 -0.500000 2.932153
32 0.500000 3.500000 0.050000 0.000000 0.302275 0.500000 3.351032
32 0.500000 3.500000 0.050000 0.000000 0.302294 0.500000 3.351032
32 0.500000 3.500000 0.050000 0.000000 0.252171 0.500000 3.351032
32 0.500000 3.500000 0.050000 0.000000 0.308982 0.500000 3.351032
32 0.500000 3.500000 0.050000 0.000000 0.121789 0.500000 2.932153
32 0.500000 3.500000 0.050000 0.000000 0.251828 0.500000 3.351032
32 0.500000 3.500000 0.050000 0.000000 0.302294 -0.500000 3.351032
32 0.500000 3.500000 0.050000 0.000000 0.245887 0.500000 3.351032
32 0.500000 3.500000 0.050000 0.000000 0.253478 0.500000 3.351032
32 0.500000 3.500000 0.050000 0.000000 0.075081 0.500000 3.351032
32 0.500000 3.500000 0.050000 0.000000 0.075085 0.500000 3.351032
32 0.500000 3.500000 0.050000 0.000000 0.197038 0.500000 3.351032
32 0.500000 3.500000 0.050000 0.000000 0.075082 0.500000 3.351032
32 0.500000 3.500000 0.050000 0.000000 0.252171 0.500000 3.351032
32 0.500000 3.500000 0.050000 0.000000 0.121317 0.500000 2.932153
32 0.500000 3.500000 0.050000 0.000000 0.247789 0.500000 3.351032
32 0.500000 3.500000 0.050000 0.000000 0.121317 0.500000 2.932153
32 0.500000 3.500000 0.050000 0.000000 0.254766 -0.500000 3.351032
32 0.500000 3.500000 0.050000 0.000000 0.120422 0.500000 2.932153
32 0.500000 3.500000 0.050000 0.000000 0.253495 0.500000 3.351032
32 0.500000 3.500000 0.050000 0.000000 0.000000 0.000000 0.000000
32 0.500000 3.500000 0.050000 0.000000 0.300873 0.500000 3.351032
32 0.500000 3.500000 0.050000 0.000000 0.300872 0.500000 3.351032
32 0.500000 3.500000 0.050000 0.000000 0.000000 0.000000 0.000000
32 0.500000 3.500000 0.050000 0.000000 0.251895 0.500000 3.351032
32 0.500000 3.500000 0.050000 0.000000 0.197037 0.500000 3.351032
32 0.500000 3.500000 0.050000 0.000000 0.253479 0.500000 3.351032
32 0.500000 3.500000 0.050000 0.000000 0.197036 0.500000 3.351032
32 0.500000 3.500000 0.050000 0.000000 0.297933 0.500000 3.351032
32 0.500000 3.500000 0.050000 0.000000 0.349534 0.500000 3.351032
32 0.500000 3.500000 0.050000 0.000000 0.254767 0.500000 3.351032
32 0.500000 3.500000 0.050000 0.000000 0.075081 0.500000 3.351032
32 0.500000 3.500000 0.050000 0.000000 0.302295 -0.500000 3.351032
32 0.500000 3.500000 0.050000 0.000000 0.252171 0.500000 3.351032
32 0.500000 3.500000 0.050000 0.000000 0.178591 0.500000 2.932153
32 0.500000 3.500000 0.050000 0.000000 0.302427 0.500000 3.351032
32 0.500000 3.500000 0.050000 0.000000 0.247308 -0.500000 3.351032
32 0.500000 3.500000 0.050000 0.000000 0.254767 -0.500000 3.351032
32 0.500000 3.500000 0.050000 0.000000 0.245886 0.500000 3.351032
32 0.500000 3.500000 0.050000 0.000000 0.000000 0.000000 0.000000
32 0.500000 3.500000 0.050000 0.000000 0.254766 0.500000 3.351032
32 0.500000 3.500000 0.050000 0.000000 0.197038 0.500000 3.351032
32 0.500000 3.500000 0.050000 0.000000 0.245887 0.500000 3.351032
32 0.500000 3.500000 0.050000 0.000000 0.251826 0.500000 3.351032
32 0.500000 3.500000 0.050000 0.000000 0.000000 0.000000 0.000000
32 0.500000 3.500000 0.050000 0.000000 0.302427 0.500000 3.351032
32 0.500000 3.500000 0.050000 0.000000 0.296556 0.500000 3.351032
32 0.500000 3.500000 0.050000 0.000000 0.253495 0.500000 3.351032
32 0.500000 3.500000 0.050000 0.000000 0.302276 0.500000 3.351032
32 0.500000 3.500000 0.050000 0.000000 0.300873 0.500000 3.351032
32 0.500000 3.500000 0.050000 0.000000 0.251827 0.500000 3.351032
32 0.500000 3.500000 0.050000 0.000000 0.196703 0.500000 3.351032
32 0.500000 3.500000 0.050000 0.000000 0.253479 -0.500000 3.351032
32 0.500000 3.500000 0.050000 0.000000 0.253495 -0.500000 3.351032
32 0.500000 3.500000 0.050000 0.000000 0.000000 0.000000 0.000000
32 0.500000 3.500000 0.050000 0.000000 0.247707 -0.500000 3.351032
32 0.500000 3.500000 0.050000 0.000000 0.253496 0.500000 3.351032
32 0.500000 3.500000 0.050000 0.000000 0.253495 0.500000 3.351032
32 0.500000 3.500000 0.050000 0.000000 0.075081 0.500000 3.351032
32 0.500000 3.500000 0.050000 0.000000 0.000000 0.000000 0.000000
32 0.500000 3.500000 0.050000 0.000000 0.000000 0.000000 0.000000
32 0.500000 3.500000 0.050000 0.000000 0.253496 0.500000 3.351032
32 0.500000 3.500000 0.050000 0.000000 0.195053 0.500000 3.351032
32 0.500000 3.500000 0.050000 0.000000 0.197038 0.500000 3.351032
32 0.500000 3.500000 0.050000 0.000000 0.197038 -0.500000 3.351032
32 0.500000 3.500000 0.050000 0.000000 0.197036 -0.500000 3.351032
32 0.500000 3.500000 0.050000 0.000000 0.247790 0.500000 3.351032
32 0.500000 3.500000 0.050000 0.000000 0.000000 0.000000 0.000000
32 0.500000 3.500000 0.050000 0.000000 0.000000 0.000000 0.000000
