4 0.500000 3.500000 0.050000 0.000000 0.000000 0.000000 0.000000
4 0.500000 3.500000 0.050000 0.000000 0.423061 0.500000 6.283185
4 0.500000 3.500000 0.050000 0.000000 0.423061 -0.500000 6.283185
4 0.500000 3.500000 0.050000 0.000000 0.000000 0.000000 0.000000
4 0.500000 3.500000 0.050000 0.000000 0.423061 0.500000 6.283185
4 0.500000 3.500000 0.050000 0.000000 0.000000 0.000000 0.000000
4 0.500000 3.500000 0.050000 0.000000 0.423061 -0.500000 6.283185
4 0.500000 3.500000 0.050000 0.000000 0.000000 0.000000 0.000000
4 0.500000 3.500000 0.050000 0.000000 0.423061 0.500000 6.283185
4 0.500000 3.500000 0.050000 0.000000 0.423061 0.500000 6.283185
4 0.500000 3.500000 0.050000 0.000000 0.423061 0.500000 6.283185
4 0.500000 3.500000 0.050000 0.000000 0.423061 0.500000 6.283185
4 0.500000 3.500000 0.050000 0.000000 0.423061 0.500000 6.283185
4 0.500000 3.500000 0.050000 0.000000 0.423061 0.500000 6.283185
4 0.500000 3.500000 0.050000 0.000000 0.423061 0.500000 6.283185
4 0.500000 3.500000 0.050000 0.000000 0.000000 0.000000 0.000000
4 0.500000 3.500000 0.050000 0.000000 0.423061 0.500000 6.283185
4 0.500000 3.500000 0.050000 0.000000 0.423061 0.500000 6.283185
4 0.500000 3.500000 0.050000 0.000000 0.423061 0.500000 6.283185
4 0.500000 3.500000 0.050000 0.000000 0.423061 0.500000 6.283185
4 0.500000 3.500000 0.050000 0.000000 0.000000 0.000000 0.000000
4 0.500000 3.500000 0.050000 0.000000 0.000000 0.000000 0.000000
4 0.500000 3.500000 0.050000 0.000000 0.423061 0.500000 6.283185
4 0.500000 3.500000 0.050000 0.000000 0.423061 0.500000 6.283185
4 0.500000 3.500000 0.050000 0.000000 0.423061 0.500000 6.283185
4 0.500000 3.500000 0.050000 0.000000 0.423061 0.500000 6.283185
4 0.500000 3.500000 0.050000 0.000000 0.000000 0.337028 0.000000
4 0.500000 3.500000 0.050000 0.000000 0.000000 0.000000 0.000000
4 0.500000 3.500000 0.050000 0.000000 0.000000 0.000000 0.000000
4 0.500000 3.500000 0.050000 0.000000 0.423061 0.500000 6.283185
4 0.500000 3.500000 0.050000 0.000000 0.000000 0.337789 0.000000
4 0.500000 3.500000 0.050000 0.000000 0.000000 0.000000 0.000000
4 0.500000 3.500000 0.050000 0.000000 0.423061 0.500000 6.283185
4 0.500000 3.500000 0.050000 0.000000 0.000000 0.000000 0.000000
4 0.500000 3.500000 0.050000 0.000000 0.423060 0.500000 6.283185
4 0.500000 3.500000 0.050000 0.000000 0.000000 0.000000 0.000000
4 0.500000 3.500000 0.050000 0.000000 0.423061 -0.500000 6.283185
4 0.500000 3.500000 0.050000 0.000000 0.000000 0.000000 0.000000
4 0.500000 3.500000 0.050000 0.000000 0.000000 0.000000 0.000000
4 0.500000 3.500000 0.050000 0.000000 0.423060 0.500000 6.283185
4 0.500000 3.500000 0.050000 0.000000 0.423061 0.500000 6.283185
4 0.500000 3.500000 0.050000 0.000000 0.000000 0.000000 0.000000
4 0.500000 3.500000 0.050000 0.000000 0.423061 0.500000 6.283185
4 0.500000 3.500000 0.050000 0.000000 0.423061 0.500000 6.283185
4 0.500000 3.500000 0.050000 0.000000 0.423060 -0.500000 6.283185
4 0.500000 3.500000 0.050000 0.000000 0.423061 -0.500000 6.283185
4 0.500000 3.500000 0.050000 0.000000 0.000000 0.000000 0.000000
4 0.500000 3.500000 0.050000 0.000000 0.423061 0.500000 6.283185
4 0.500000 3.500000 0.050000 0.000000 0.423061 0.500000 6.283185
4 0.500000 3.500000 0.050000 0.000000 0.423061 -0.500000 6.283185
4 0.500000 3.500000 0.050000 0.000000 0.000000 0.000000 0.000000
4 0.500000 3.500000 0.050000 0.000000 0.423061 0.500000 6.283185
4 0.500000 3.500000 0.050000 0.000000 0.423061 -0.500000 6.283185
4 0.500000 3.500000 0.050000 0.000000 0.000000 0.000000 0.000000
4 0.500000 3.500000 0.050000 0.000000 0.000000 0.000000 0.000000
4 0.500000 3.500000 0.050000 0.000000 0.423061 0.500000 6.283185
4 0.500000 3.500000 0.050000 0.000000 0.423060 -0.500000 6.283185
4 0.500000 3.500000 0.050000 0.000000 0.000000 0.000000 0.000000
4 0.500000 3.500000 0.050000 0.000000 0.423061 -0.500000 6.283185
4 0.500000 3.500000 0.050000 0.000000 0.000000 0.000000 0.000000
4 0.500000 3.500000 0.050000 0.000000 0.423061 -0.500000 6.283185
4 0.500000 3.500000 0.050000 0.000000 0.423061 0.500000 6.283185
4 0.500000 3.500000 0.050000 0.000000 0.000000 0.000000 0.000000
4 0.500000 3.500000 0.050000 0.000000 0.000000 0.000000 0.000000
4 0.500000 3.500000 0.050000 0.000000 0.000000 0.000000 0.000000
4 0.500000 3.500000 0.050000 0.000000 0.000000 0.000000 0.000000
4 0.500000 3.500000 0.050000 0.000000 0.423061 0.500000 6.283185
4 0.500000 3.500000 0.050000 0.000000 0.423060 0.500000 6.283185
4 0.500000 3.500000 0.050000 0.000000 0.000000 0.000000 0.000000
4 0.500000 3.500000 0.050000 0.000000 0.000000 0.000000 0.000000
4 0.500000 3.500000 0.050000 0.000000 0.000000 0.000000 0.000000
4 0.500000 3.500000 0.050000 0.000000 0.000000 0.000000 0.000000
4 0.500000 3.500000 0.050000 0.000000 0.423060 0.500000 6.283185
4 0.500000 3.500000 0.050000 0.000000 0.000000 0.000000 0.000000
4 0.500000 3.500000 0.050000 0.000000 0.423061 0.500000 6.283185
4 0.500000 3.500000 0.050000 0.000000 0.423061 -0.500000 6.283185
4 0.500000 3.500000 0.050000 0.000000 0.423061 -0.500000 6.283185
4 0.500000 3.500000 0.050000 0.000000 0.423061 0.500000 6.283185
4 0.500000 3.500000 0.050000 0.000000 0.000000 0.000000 0.000000
4 0.500000 3.500000 0.050000 0.000000 0.000000 0.337362 0.000000
4 0.500000 3.500000 0.050000 0.000000 0.000000 0.000000 0.000000
4 0.500000 3.500000 0.050000 0.000000 0.423061 0.500000 6.283185
4 0.500000 3.500000 0.050000 0.000000 0.000000 0.000000 0.000000
4 0.500000 3.500000 0.050000 0.000000 0.000000 0.000000 0.000000
4 0.500000 3.500000 0.050000 0.000000 0.423061 0.500000 6.283185
4 0.500000 3.500000 0.050000 0.000000 0.000000 0.000000 0.000000
4 0.500000 3.500000 0.050000 0.000000 0.423061 0.500000 6.283185
4 0.500000 3.500000 0.050000 0.000000 0.423061 0.500000 6.283185
4 0.500000 3.500000 0.050000 0.000000 0.423061 0.500000 6.283185
4 0.500000 3.500000 0.050000 0.000000 0.000000 0.000000 0.000000
4 0.500000 3.500000 0.050000 0.000000 0.423060 0.500000 6.283185
4 0.500000 3.500000 0.050000 0.000000 0.000000 0.339175 0.000000
4 0.500000 3.500000 0.050000 0.000000 0.000000 -0.339866 0.000000
4 0.500000 3.500000 0.050000 0.000000 0.423061 0.500000 6.283185
4 0.500000 3.500000 0.050000 0.000000 0.000000 0.000000 0.000000
4 0.500000 3.500000 0.050000 0.000000 0.423061 0.500000 6.283185
4 0.500000 3.500000 0.050000 0.000000 0.000000 0.000000 0.000000
4 0.500000 3.500000 0.050000 0.000000 0.423061 0.500000 6.283185
4 0.500000 3.500000 0.050000 0.000000 0.000000 0.000000 0.000000
4 0.500000 3.500000 0.050000 0.000000 0.423061 0.500000 6.283185
4 0.500000 3.500000 0.050000 0.000000 0.423061 0.500000 6.283185
4 0.500000 3.500000 0.050000 0.000000 0.423061 0.500000 6.283185
4 0.500000 3.500000 0.050000 0.000000 0.000000 0.000000 0.000000
4 0.500000 3.500000 0.050000 0.000000 0.423061 0.500000 6.283185
4 0.500000 3.500000 0.050000 0.000000 0.000000 0.000000 0.000000
4 0.500000 3.500000 0.050000 0.000000 0.000000 0.000000 0.000000
4 0.500000 3.500000 0.050000 0.000000 0.423061 0.500000 6.283185
4 0.500000 3.500000 0.050000 0.000000 0.423060 0.500000 6.283185
4 0.500000 3.500000 0.050000 0.000000 0.000000 0.000000 0.000000
4 0.500000 3.500000 0.050000 0.000000 0.423061 0.500000 6.283185
4 0.500000 3.500000 0.050000 0.000000 0.000000 0.000000 0.000000
4 0.500000 3.500000 0.050000 0.000000 0.423061 0.500000 6.283185
4 0.500000 3.500000 0.050000 0.000000 0.423061 0.500000 6.283185
4 0.500000 3.500000 0.050000 0.000000 0.423061 0.500000 6.283185
4 0.500000 3.500000 0.050000 0.000000 0.423061 -0.500000 6.283185
4 0.500000 3.500000 0.050000 0.000000 0.000000 0.000000 0.000000
4 0.500000 3.500000 0.050000 0.000000 0.423061 -0.500000 6.283185
4 0.500000 3.500000 0.050000 0.000000 0.423061 0.500000 6.283185
4 0.500000 3.500000 0.050000 0.000000 0.423061 0.500000 6.283185
4 0.500000 3.500000 0.050000 0.000000 0.000000 0.338669 0.000000
4 0.500000 3.500000 0.050000 0.000000 0.000000 0.000000 0.000000
4 0.500000 3.500000 0.050000 0.000000 0.000000 0.000000 0.000000
4 0.500000 3.500000 0.050000 0.000000 0.423060 0.500000 6.283185
4 0.500000 3.500000 0.050000 0.000000 0.000000 0.338558 0.000000
4 0.500000 3.500000 0.050000 0.000000 0.423061 -0.500000 6.283185
4 0.500000 3.500000 0.050000 0.000000 0.000000 0.000000 0.000000
4 0.500000 3.500000 0.050000 0.000000 0.000000 0.000000 0.000000
4 0.500000 3.500000 0.050000 0.000000 0.423061 0.500000 6.283185
4 0.500000 3.500000 0.050000 0.000000 0.000000 0.000000 0.000000
4 0.500000 3.500000 0.050000 0.000000 0.000000 0.000000 0.000000
4 0.500000 3.500000 0.050000 0.000000 0.000000 0.000000 0.000000
4 0.500000 3.500000 0.050000 0.000000 0.000000 0.000000 0.000000
4 0.500000 3.500000 0.050000 0.000000 0.423061 0.500000 6.283185
4 0.500000 3.500000 0.050000 0.000000 0.000000 0.458811 0.000000
4 0.500000 3.500000 0.050000 0.000000 0.423061 0.500000 6.283185
4 0.500000 3.500000 0.050000 0.000000 0.423061 -0.500000 6.283185
4 0.500000 3.500000 0.050000 0.000000 0.000000 0.000000 0.000000
4 0.500000 3.500000 0.050000 0.000000 0.423061 -0.500000 6.283185
4 0.500000 3.500000 0.050000 0.000000 0.000000 0.000000 0.000000
4 0.500000 3.500000 0.050000 0.000000 0.000000 0.000000 0.000000
4 0.500000 3.500000 0.050000 0.000000 0.000000 0.000000 0.000000
4 0.500000 3.500000 0.050000 0.000000 0.000000 0.000000 0.000000
4 0.500000 3.500000 0.050000 0.000000 0.423061 0.500000 6.283185
4 0.500000 3.500000 0.050000 0.000000 0.000000 0.000000 0.000000
4 0.500000 3.500000 0.050000 0.000000 0.423061 0.500000 6.283185
4 0.500000 3.500000 0.050000 0.000000 0.000000 0.000000 0.000000
4 0.500000 3.500000 0.050000 0.000000 0.423061 0.500000 6.283185
4 0.500000 3.500000 0.050000 0.000000 0.000000 0.000000 0.000000
4 0.500000 3.500000 0.050000 0.000000 0.000000 0.000000 0.000000
4 0.500000 3.500000 0.050000 0.000000 0.000000 0.000000 0.000000
4 0.500000 3.500000 0.050000 0.000000 0.423061 -0.500000 6.283185
4 0.500000 3.500000 0.050000 0.000000 0.423061 0.500000 6.283185
4 0.500000 3.500000 0.050000 0.000000 0.423061 0.500000 6.283185
4 0.500000 3.500000 0.050000 0.000000 0.423061 -0.500000 6.283185
4 0.500000 3.500000 0.050000 0.000000 0.423061 0.500000 6.283185
4 0.500000 3.500000 0.050000 0.000000 0.423061 0.500000 6.283185
4 0.500000 3.500000 0.050000 0.000000 0.423061 0.500000 6.283185
4 0.500000 3.500000 0.050000 0.000000 0.423061 0.500000 6.283185
4 0.500000 3.500000 0.050000 0.000000 0.423060 0.500000 6.283185
4 0.500000 3.500000 0.050000 0.000000 0.000000 0.338759 0.000000
4 0.500000 3.500000 0.050000 0.000000 0.000000 0.000000 0.000000
4 0.500000 3.500000 0.050000 0.000000 0.423061 0.500000 6.283185
4 0.500000 3.500000 0.050000 0.000000 0.000000 0.000000 0.000000
4 0.500000 3.500000 0.050000 0.000000 0.000000 0.339583 0.000000
4 0.500000 3.500000 0.050000 0.000000 0.423061 0.500000 6.283185
4 0.500000 3.500000 0.050000 0.000000 0.423061 -0.500000 6.283185
4 0.500000 3.500000 0.050000 0.000000 0.423061 0.500000 6.283185
4 0.500000 3.500000 0.050000 0.000000 0.000000 0.000000 0.000000
4 0.500000 3.500000 0.050000 0.000000 0.000000 0.000000 0.000000
4 0.500000 3.500000 0.050000 0.000000 0.423060 0.500000 6.283185
4 0.500000 3.500000 0.050000 0.000000 0.423060 0.500000 6.283185
4 0.500000 3.500000 0.050000 0.000000 0.000000 0.000000 0.000000
4 0.500000 3.500000 0.050000 0.000000 0.423061 0.500000 6.283185
4 0.500000 3.500000 0.050000 0.000000 0.000000 0.000000 0.000000
4 0.500000 3.500000 0.050000 0.000000 0.423060 0.500000 6.283185
4 0.500000 3.500000 0.050000 0.000000 0.423061 0.500000 6.283185
4 0.500000 3.500000 0.050000 0.000000 0.423060 -0.500000 6.283185
4 0.500000 3.500000 0.050000 0.000000 0.423061 0.500000 6.283185
4 0.500000 3.500000 0.050000 0.000000 0.423061 0.500000 6.283185
4 0.500000 3.500000 0.050000 0.000000 0.423061 0.500000 6.283185
4 0.500000 3.500000 0.050000 0.000000 0.000000 0.340336 0.000000
4 0.500000 3.500000 0.050000 0.000000 0.423061 0.500000 6.283185
4 0.500000 3.500000 0.050000 0.000000 0.423060 0.500000 6.283185
4 0.500000 3.500000 0.050000 0.000000 0.423061 -0.500000 6.283185
4 0.500000 3.500000 0.050000 0.000000 0.423061 0.500000 6.283185
4 0.500000 3.500000 0.050000 0.000000 0.000000 0.000000 0.000000
4 0.500000 3.500000 0.050000 0.000000 0.000000 0.338801 0.000000
4 0.500000 3.500000 0.050000 0.000000 0.000000 0.000000 0.000000
4 0.500000 3.500000 0.050000 0.000000 0.423061 0.500000 6.283185
4 0.500000 3.500000 0.050000 0.000000 0.000000 0.000000 0.000000
4 0.500000 3.500000 0.050000 0.000000 0.000000 0.000000 0.000000
4 0.500000 3.500000 0.050000 0.000000 0.000000 0.000000 0.000000
4 0.500000 3.500000 0.050000 0.000000 0.423061 0.500000 6.283185
4 0.500000 3.500000 0.050000 0.000000 0.423061 0.500000 6.283185
4 0.500000 3.500000 0.050000 0.000000 0.000000 0.000000 0.000000
4 0.500000 3.500000 0.050000 0.000000 0.423060 0.500000 6.283185
4 0.500000 3.500000 0.050000 0.000000 0.423061 -0.500000 6.283185
4 0.500000 3.500000 0.050000 0.000000 0.000000 0.000000 0.000000
4 0.500000 3.500000 0.050000 0.000000 0.423061 0.500000 6.283185
4 0.500000 3.500000 0.050000 0.000000 0.000000 0.000000 0.000000
4 0.500000 3.500000 0.050000 0.000000 0.423061 0.500000 6.283185
4 0.500000 3.500000 0.050000 0.000000 0.000000 0.000000 0.000000
4 0.500000 3.500000 0.050000 0.000000 0.423060 0.500000 6.283185
4 0.500000 3.500000 0.050000 0.000000 0.423061 0.500000 6.283185
4 0.500000 3.500000 0.050000 0.000000 0.423060 -0.500000 6.283185
4 0.500000 3.500000 0.050000 0.000000 0.423060 -0.500000 6.283185
4 0.500000 3.500000 0.050000 0.000000 0.000000 0.000000 0.000000
4 0.500000 3.500000 0.050000 0.000000 0.000000 0.000000 0.000000
4 0.500000 3.500000 0.050000 0.000000 0.423061 0.500000 6.283185
4 0.500000 3.500000 0.050000 0.000000 0.423060 0.500000 6.283185
4 0.500000 3.500000 0.050000 0.000000 0.000000 0.000000 0.000000
4 0.500000 3.500000 0.050000 0.000000 0.423061 -0.500000 6.283185
4 0.500000 3.500000 0.050000 0.000000 0.423061 0.500000 6.283185
4 0.500000 3.500000 0.050000 0.000000 0.000000 0.339796 0.000000
4 0.500000 3.500000 0.050000 0.000000 0.000000 0.000000 0.000000
4 0.500000 3.500000 0.050000 0.000000 0.423061 0.500000 6.283185
4 0.500000 3.500000 0.050000 0.000000 0.423061 0.500000 6.283185
4 0.500000 3.500000 0.050000 0.000000 0.423061 0.500000 6.283185
4 0.500000 3.500000 0.050000 0.000000 0.423061 0.500000 6.283185
4 0.500000 3.500000 0.050000 0.000000 0.000000 0.000000 0.000000
4 0.500000 3.500000 0.050000 0.000000 0.000000 0.000000 0.000000
4 0.500000 3.500000 0.050000 0.000000 0.423061 0.500000 6.283185
4 0.500000 3.500000 0.050000 0.000000 0.000000 0.000000 0.000000
4 0.500000 3.500000 0.050000 0.000000 0.000000 0.000000 0.000000
4 0.500000 3.500000 0.050000 0.000000 0.000000 0.000000 0.000000
4 0.500000 3.500000 0.050000 0.000000 0.000000 0.000000 0.000000
4 0.500000 3.500000 0.050000 0.000000 0.423061 0.500000 6.283185
4 0.500000 3.500000 0.050000 0.000000 0.000000 0.000000 0.000000
4 0.500000 3.500000 0.050000 0.000000 0.000000 0.337079 0.000000
4 0.500000 3.500000 0.050000 0.000000 0.423062 0.500000 6.283185
4 0.500000 3.500000 0.050000 0.000000 0.423061 0.500000 6.283185
4 0.500000 3.500000 0.050000 0.000000 0.000000 0.000000 0.000000
4 0.500000 3.500000 0.050000 0.000000 0.423061 0.500000 6.283185
4 0.500000 3.500000 0.050000 0.000000 0.000000 0.000000 0.000000
4 0.500000 3.500000 0.050000 0.000000 0.423061 0.500000 6.283185
4 0.500000 3.500000 0.050000 0.000000 0.423061 0.500000 6.283185
4 0.500000 3.500000 0.050000 0.000000 0.000000 0.000000 0.000000
4 0.500000 3.500000 0.050000 0.000000 0.423061 0.500000 6.283185
4 0.500000 3.500000 0.050000 0.000000 0.423060 0.500000 6.283185
4 0.500000 3.500000 0.050000 0.000000 0.423061 0.500000 6.283185
4 0.500000 3.500000 0.050000 0.000000 0.000000 -0.339139 0.000000
4 0.500000 3.500000 0.050000 0.000000 0.423061 -0.500000 6.283185
4 0.500000 3.500000 0.050000 0.000000 0.423060 0.500000 6.283185
4 0.500000 3.500000 0.050000 0.000000 0.423061 0.500000 6.283185
4 0.500000 3.500000 0.050000 0.000000 0.000000 0.000000 0.000000
4 0.500000 3.500000 0.050000 0.000000 0.000000 0.000000 0.000000
4 0.500000 3.500000 0.050000 0.000000 0.000000 0.339339 0.000000
4 0.500000 3.500000 0.050000 0.000000 0.423061 -0.500000 6.283185
4 0.500000 3.500000 0.050000 0.000000 0.000000 0.000000 0.000000
4 0.500000 3.500000 0.050000 0.000000 0.000000 0.000000 0.000000
4 0.500000 3.500000 0.050000 0.000000 0.423061 0.500000 6.283185
4 0.500000 3.500000 0.050000 0.000000 0.000000 0.338057 0.000000
4 0.500000 3.500000 0.050000 0.000000 0.000000 0.000000 0.000000
4 0.500000 3.500000 0.050000 0.000000 0.000000 0.341709 0.000000
4 0.500000 3.500000 0.050000 0.000000 0.000000 0.000000 0.000000
4 0.500000 3.500000 0.050000 0.000000 0.000000 0.000000 0.000000
4 0.500000 3.500000 0.050000 0.000000 0.423061 0.500000 6.283185
4 0.500000 3.500000 0.050000 0.000000 0.000000 0.000000 0.000000
4 0.500000 3.500000 0.050000 0.000000 0.000000 0.000000 0.000000
4 0.500000 3.500000 0.050000 0.000000 0.423061 0.500000 6.283185
4 0.500000 3.500000 0.050000 0.000000 0.423061 -0.500000 6.283185
4 0.500000 3.500000 0.050000 0.000000 0.000000 0.337405 0.000000
4 0.500000 3.500000 0.050000 0.000000 0.000000 0.000000 0.000000
4 0.500000 3.500000 0.050000 0.000000 0.000000 0.339816 0.000000
4 0.500000 3.500000 0.050000 0.000000 0.423061 0.500000 6.283185
4 0.500000 3.500000 0.050000 0.000000 0.423061 -0.500000 6.283185
4 0.500000 3.500000 0.050000 0.000000 0.423061 0.500000 6.283185
4 0.500000 3.500000 0.050000 0.000000 0.423061 0.500000 6.283185
4 0.500000 3.500000 0.050000 0.000000 0.423061 0.500000 6.283185
4 0.500000 3.500000 0.050000 0.000000 0.423061 0.500000 6.283185
4 0.500000 3.500000 0.050000 0.000000 0.000000 0.000000 0.000000
4 0.500000 3.500000 0.050000 0.000000 0.423061 0.500000 6.283185
4 0.500000 3.500000 0.050000 0.000000 0.423061 0.500000 6.283185
4 0.500000 3.500000 0.050000 0.000000 0.000000 0.000000 0.000000
4 0.500000 3.500000 0.050000 0.000000 0.423060 0.500000 6.283185
4 0.500000 3.500000 0.050000 0.000000 0.000000 0.000000 0.000000
4 0.500000 3.500000 0.050000 0.000000 0.423060 0.500000 6.283185
4 0.500000 3.500000 0.050000 0.000000 0.423061 0.500000 6.283185
4 0.500000 3.500000 0.050000 0.000000 0.000000 0.000000 0.000000
4 0.500000 3.500000 0.050000 0.000000 0.000000 0.341189 0.000000
4 0.500000 3.500000 0.050000 0.000000 0.000000 0.000000 0.000000
4 0.500000 3.500000 0.050000 0.000000 0.000000 0.000000 0.000000
4 0.500000 3.500000 0.050000 0.000000 0.000000 0.000000 0.000000
4 0.500000 3.500000 0.050000 0.000000 0.000000 -0.294531 0.000000
4 0.500000 3.500000 0.050000 0.000000 0.423061 0.500000 6.283185
4 0.500000 3.500000 0.050000 0.000000 0.423061 0.500000 6.283185
4 0.500000 3.500000 0.050000 0.000000 0.000000 0.000000 0.000000
4 0.500000 3.500000 0.050000 0.000000 0.000000 0.000000 0.000000
4 0.500000 3.500000 0.050000 0.000000 0.423061 0.500000 6.283185
4 0.500000 3.500000 0.050000 0.000000 0.000000 0.000000 0.000000
4 0.500000 3.500000 0.050000 0.000000 0.000000 0.338189 0.000000
4 0.500000 3.500000 0.050000 0.000000 0.000000 0.000000 0.000000
4 0.500000 3.500000 0.050000 0.000000 0.000000 0.000000 0.000000
4 0.500000 3.500000 0.050000 0.000000 0.423060 0.500000 6.283185
4 0.500000 3.500000 0.050000 0.000000 0.000000 0.000000 0.000000
4 0.500000 3.500000 0.050000 0.000000 0.000000 0.339757 0.000000
4 0.500000 3.500000 0.050000 0.000000 0.423061 0.500000 6.283185
4 0.500000 3.500000 0.050000 0.000000 0.000000 0.000000 0.000000
4 0.500000 3.500000 0.050000 0.000000 0.423061 0.500000 6.283185
4 0.500000 3.500000 0.050000 0.000000 0.423061 0.500000 6.283185
4 0.500000 3.500000 0.050000 0.000000 0.000000 0.000000 0.000000
4 0.500000 3.500000 0.050000 0.000000 0.000000 0.000000 0.000000
4 0.500000 3.500000 0.050000 0.000000 0.000000 0.000000 0.000000
4 0.500000 3.500000 0.050000 0.000000 0.423061 0.500000 6.283185
4 0.500000 3.500000 0.050000 0.000000 0.423060 0.500000 6.283185
4 0.500000 3.500000 0.050000 0.000000 0.423061 0.500000 6.283185
4 0.500000 3.500000 0.050000 0.000000 0.423061 0.500000 6.283185
4 0.500000 3.500000 0.050000 0.000000 0.423060 -0.500000 6.283185
4 0.500000 3.500000 0.050000 0.000000 0.000000 0.000000 0.000000
4 0.500000 3.500000 0.050000 0.000000 0.423060 0.500000 6.283185
4 0.500000 3.500000 0.050000 0.000000 0.000000 0.000000 0.000000
4 0.500000 3.500000 0.050000 0.000000 0.000000 0.000000 0.000000
4 0.500000 3.500000 0.050000 0.000000 0.000000 0.000000 0.000000
4 0.500000 3.500000 0.050000 0.000000 0.000000 0.000000 0.000000
4 0.500000 3.500000 0.050000 0.000000 0.000000 0.000000 0.000000
4 0.500000 3.500000 0.050000 0.000000 0.000000 0.000000 0.000000
4 0.500000 3.500000 0.050000 0.000000 0.423061 0.500000 6.283185
4 0.500000 3.500000 0.050000 0.000000 0.000000 0.000000 0.000000
4 0.500000 3.500000 0.050000 0.000000 0.000000 0.338525 0.000000
4 0.500000 3.500000 0.050000 0.000000 0.423061 0.500000 6.283185
4 0.500000 3.500000 0.050000 0.000000 0.423061 -0.500000 6.283185
4 0.500000 3.500000 0.050000 0.000000 0.423061 0.500000 6.283185
4 0.500000 3.500000 0.050000 0.000000 0.000000 0.000000 0.000000
4 0.500000 3.500000 0.050000 0.000000 0.423060 0.500000 6.283185
4 0.500000 3.500000 0.050000 0.000000 0.423061 0.500000 6.283185
4 0.500000 3.500000 0.050000 0.000000 0.000000 0.000000 0.000000
4 0.500000 3.500000 0.050000 0.000000 0.423061 0.500000 6.283185
4 0.500000 3.500000 0.050000 0.000000 0.000000 0.000000 0.000000
4 0.500000 3.500000 0.050000 0.000000 0.423061 -0.500000 6.283185
4 0.500000 3.500000 0.050000 0.000000 0.423061 0.500000 6.283185
4 0.500000 3.500000 0.050000 0.000000 0.423060 0.500000 6.283185
4 0.500000 3.500000 0.050000 0.000000 0.000000 0.000000 0.000000
4 0.500000 3.500000 0.050000 0.000000 0.000000 0.000000 0.000000
4 0.500000 3.500000 0.050000 0.000000 0.423061 0.500000 6.283185
4 0.500000 3.500000 0.050000 0.000000 0.000000 0.000000 0.000000
4 0.500000 3.500000 0.050000 0.000000 0.423060 0.500000 6.283185
4 0.500000 3.500000 0.050000 0.000000 0.423061 0.500000 6.283185
4 0.500000 3.500000 0.050000 0.000000 0.000000 0.000000 0.000000
4 0.500000 3.500000 0.050000 0.000000 0.000000 0.000000 0.000000
4 0.500000 3.500000 0.050000 0.000000 0.423061 0.500000 6.283185
4 0.500000 3.500000 0.050000 0.000000 0.423060 -0.500000 6.283185
4 0.500000 3.500000 0.050000 0.000000 0.000000 0.000000 0.000000
4 0.500000 3.500000 0.050000 0.000000 0.423061 -0.500000 6.283185
4 0.500000 3.500000 0.050000 0.000000 0.000000 0.000000 0.000000
4 0.500000 3.500000 0.050000 0.000000 0.423061 0.500000 6.283185
4 0.500000 3.500000 0.050000 0.000000 0.000000 0.000000 0.000000
4 0.500000 3.500000 0.050000 0.000000 0.423061 0.500000 6.283185
4 0.500000 3.500000 0.050000 0.000000 0.423060 0.500000 6.283185
4 0.500000 3.500000 0.050000 0.000000 0.423061 0.500000 6.283185
4 0.500000 3.500000 0.050000 0.000000 0.423061 0.500000 6.283185
4 0.500000 3.500000 0.050000 0.000000 0.423061 0.500000 6.283185
4 0.500000 3.500000 0.050000 0.000000 0.423061 0.500000 6.283185
4 0.500000 3.500000 0.050000 0.000000 0.423061 -0.500000 6.283185
4 0.500000 3.500000 0.050000 0.000000 0.423061 0.500000 6.283185
4 0.500000 3.500000 0.050000 0.000000 0.000000 -0.355881 0.000000
4 0.500000 3.500000 0.050000 0.000000 0.423061 -0.500000 6.283185
4 0.500000 3.500000 0.050000 0.000000 0.000000 0.000000 0.000000
4 0.500000 3.500000 0.050000 0.000000 0.423061 0.500000 6.283185
4 0.500000 3.500000 0.050000 0.000000 0.423060 -0.500000 6.283185
4 0.500000 3.500000 0.050000 0.000000 0.000000 0.000000 0.000000
4 0.500000 3.500000 0.050000 0.000000 0.423061 -0.500000 6.283185
4 0.500000 3.500000 0.050000 0.000000 0.000000 0.340513 0.000000
4 0.500000 3.500000 0.050000 0.000000 0.423061 0.500000 6.283185
4 0.500000 3.500000 0.050000 0.000000 0.000000 0.000000 0.000000
4 0.500000 3.500000 0.050000 0.000000 0.423061 0.500000 6.283185
4 0.500000 3.500000 0.050000 0.000000 0.000000 0.000000 0.000000
4 0.500000 3.500000 0.050000 0.000000 0.423060 0.500000 6.283185
4 0.500000 3.500000 0.050000 0.000000 0.423061 -0.500000 6.283185
4 0.500000 3.500000 0.050000 0.000000 0.423061 0.500000 6.283185
4 0.500000 3.500000 0.050000 0.000000 0.000000 0.000000 0.000000
4 0.500000 3.500000 0.050000 0.000000 0.000000 0.000000 0.000000
4 0.500000 3.500000 0.050000 0.000000 0.000000 0.000000 0.000000
4 0.500000 3.500000 0.050000 0.000000 0.000000 0.000000 0.000000
4 0.500000 3.500000 0.050000 0.000000 0.423061 -0.500000 6.283185
4 0.500000 3.500000 0.050000 0.000000 0.423061 -0.500000 6.283185
4 0.500000 3.500000 0.050000 0.000000 0.423061 0.500000 6.283185
4 0.500000 3.500000 0.050000 0.000000 0.423061 0.500000 6.283185
4 0.500000 3.500000 0.050000 0.000000 0.423061 0.500000 6.283185
4 0.500000 3.500000 0.050000 0.000000 0.423061 -0.500000 6.283185
4 0.500000 3.500000 0.050000 0.000000 0.423061 0.500000 6.283185
4 0.500000 3.500000 0.050000 0.000000 0.000000 0.000000 0.000000
4 0.500000 3.500000 0.050000 0.000000 0.000000 0.000000 0.000000
4 0.500000 3.500000 0.050000 0.000000 0.423061 0.500000 6.283185
4 0.500000 3.500000 0.050000 0.000000 0.423061 -0.500000 6.283185
4 0.500000 3.500000 0.050000 0.000000 0.423060 0.500000 6.283185
4 0.500000 3.500000 0.050000 0.000000 0.000000 0.000000 0.000000
4 0.500000 3.500000 0.050000 0.000000 0.423061 0.500000 6.283185
4 0.500000 3.500000 0.050000 0.000000 0.423061 0.500000 6.283185
4 0.500000 3.500000 0.050000 0.000000 0.000000 0.340816 0.000000
4 0.500000 3.500000 0.050000 0.000000 0.423061 0.500000 6.283185
4 0.500000 3.500000 0.050000 0.000000 0.000000 0.339230 0.000000
4 0.500000 3.500000 0.050000 0.000000 0.423061 0.500000 6.283185
4 0.500000 3.500000 0.050000 0.000000 0.000000 0.000000 0.000000
4 0.500000 3.500000 0.050000 0.000000 0.423060 0.500000 6.283185
4 0.500000 3.500000 0.050000 0.000000 0.000000 0.339450 0.000000
4 0.500000 3.500000 0.050000 0.000000 0.423061 0.500000 6.283185
4 0.500000 3.500000 0.050000 0.000000 0.000000 0.000000 0.000000
4 0.500000 3.500000 0.050000 0.000000 0.423061 0.500000 6.283185
4 0.500000 3.500000 0.050000 0.000000 0.423061 0.500000 6.283185
4 0.500000 3.500000 0.050000 0.000000 0.423061 0.500000 6.283185
4 0.500000 3.500000 0.050000 0.000000 0.000000 0.000000 0.000000
4 0.500000 3.500000 0.050000 0.000000 0.423061 0.500000 6.283185
4 0.500000 3.500000 0.050000 0.000000 0.423061 0.500000 6.283185
4 0.500000 3.500000 0.050000 0.000000 0.000000 0.000000 0.000000
4 0.500000 3.500000 0.050000 0.000000 0.000000 0.000000 0.000000
4 0.500000 3.500000 0.050000 0.000000 0.000000 0.000000 0.000000
4 0.500000 3.500000 0.050000 0.000000 0.000000 0.000000 0.000000
4 0.500000 3.500000 0.050000 0.000000 0.000000 0.337474 0.000000
4 0.500000 3.500000 0.050000 0.000000 0.423061 0.500000 6.283185
4 0.500000 3.500000 0.050000 0.000000 0.000000 0.000000 0.000000
4 0.500000 3.500000 0.050000 0.000000 0.000000 0.000000 0.000000
4 0.500000 3.500000 0.050000 0.000000 0.423061 0.500000 6.283185
4 0.500000 3.500000 0.050000 0.000000 0.000000 -0.359423 0.000000
4 0.500000 3.500000 0.050000 0.000000 0.000000 0.000000 0.000000
4 0.500000 3.500000 0.050000 0.000000 0.000000 0.000000 0.000000
4 0.500000 3.500000 0.050000 0.000000 0.423061 0.500000 6.283185
4 0.500000 3.500000 0.050000 0.000000 0.000000 0.000000 0.000000
4 0.500000 3.500000 0.050000 0.000000 0.423061 0.500000 6.283185
4 0.500000 3.500000 0.050000 0.000000 0.423061 0.500000 6.283185
4 0.500000 3.500000 0.050000 0.000000 0.423061 -0.500000 6.283185
4 0.500000 3.500000 0.050000 0.000000 0.423061 0.500000 6.283185
4 0.500000 3.500000 0.050000 0.000000 0.000000 0.359680 0.000000
4 0.500000 3.500000 0.050000 0.000000 0.423061 0.500000 6.283185
4 0.500000 3.500000 0.050000 0.000000 0.000000 0.000000 0.000000
4 0.500000 3.500000 0.050000 0.000000 0.000000 0.000000 0.000000
4 0.500000 3.500000 0.050000 0.000000 0.000000 0.000000 0.000000
4 0.500000 3.500000 0.050000 0.000000 0.000000 0.000000 0.000000
4 0.500000 3.500000 0.050000 0.000000 0.423061 0.500000 6.283185
4 0.500000 3.500000 0.050000 0.000000 0.423061 0.500000 6.283185
4 0.500000 3.500000 0.050000 0.000000 0.423061 0.500000 6.283185
4 0.500000 3.500000 0.050000 0.000000 0.000000 0.000000 0.000000
4 0.500000 3.500000 0.050000 0.000000 0.423060 0.500000 6.283185
4 0.500000 3.500000 0.050000 0.000000 0.000000 0.000000 0.000000
4 0.500000 3.500000 0.050000 0.000000 0.000000 0.000000 0.000000
4 0.500000 3.500000 0.050000 0.000000 0.423061 0.500000 6.283185
4 0.500000 3.500000 0.050000 0.000000 0.423060 0.500000 6.283185
4 0.500000 3.500000 0.050000 0.000000 0.423061 0.500000 6.283185
4 0.500000 3.500000 0.050000 0.000000 0.423061 0.500000 6.283185
4 0.500000 3.500000 0.050000 0.000000 0.423061 0.500000 6.283185
4 0.500000 3.500000 0.050000 0.000000 0.000000 0.000000 0.000000
4 0.500000 3.500000 0.050000 0.000000 0.423061 0.500000 6.283185
4 0.500000 3.500000 0.050000 0.000000 0.423061 0.500000 6.283185
4 0.500000 3.500000 0.050000 0.000000 0.423060 -0.500000 6.283185
4 0.500000 3.500000 0.050000 0.000000 0.423061 -0.500000 6.283185
4 0.500000 3.500000 0.050000 0.000000 0.000000 0.000000 0.000000
4 0.500000 3.500000 0.050000 0.000000 0.000000 0.000000 0.000000
4 0.500000 3.500000 0.050000 0.000000 0.423061 0.500000 6.283185
4 0.500000 3.500000 0.050000 0.000000 0.423061 0.500000 6.283185
4 0.500000 3.500000 0.050000 0.000000 0.000000 0.000000 0.000000
4 0.500000 3.500000 0.050000 0.000000 0.000000 0.000000 0.000000
4 0.500000 3.500000 0.050000 0.000000 0.000000 0.000000 0.000000
4 0.500000 3.500000 0.050000 0.000000 0.423061 0.500000 6.283185
4 0.500000 3.500000 0.050000 0.000000 0.423061 0.500000 6.283185
4 0.500000 3.500000 0.050000 0.000000 0.423061 0.500000 6.283185
4 0.500000 3.500000 0.050000 0.000000 0.000000 0.000000 0.000000
4 0.500000 3.500000 0.050000 0.000000 0.000000 0.339487 0.000000
4 0.500000 3.500000 0.050000 0.000000 0.423061 0.500000 6.283185
4 0.500000 3.500000 0.050000 0.000000 0.423061 0.500000 6.283185
4 0.500000 3.500000 0.050000 0.000000 0.423061 0.500000 6.283185
4 0.500000 3.500000 0.050000 0.000000 0.000000 0.000000 0.000000
4 0.500000 3.500000 0.050000 0.000000 0.423061 0.500000 6.283185
4 0.500000 3.500000 0.050000 0.000000 0.000000 0.000000 0.000000
4 0.500000 3.500000 0.050000 0.000000 0.000000 0.338057 0.000000
4 0.500000 3.500000 0.050000 0.000000 0.000000 0.000000 0.000000
4 0.500000 3.500000 0.050000 0.000000 0.423060 0.500000 6.283185
4 0.500000 3.500000 0.050000 0.000000 0.423061 0.500000 6.283185
4 0.500000 3.500000 0.050000 0.000000 0.423061 0.500000 6.283185
4 0.500000 3.500000 0.050000 0.000000 0.423060 0.500000 6.283185
4 0.500000 3.500000 0.050000 0.000000 0.423061 0.500000 6.283185
4 0.500000 3.500000 0.050000 0.000000 0.423061 0.500000 6.283185
4 0.500000 3.500000 0.050000 0.000000 0.000000 0.000000 0.000000
4 0.500000 3.500000 0.050000 0.000000 0.423061 0.500000 6.283185
4 0.500000 3.500000 0.050000 0.000000 0.000000 0.000000 0.000000
4 0.500000 3.500000 0.050000 0.000000 0.000000 0.000000 0.000000
4 0.500000 3.500000 0.050000 0.000000 0.000000 0.000000 0.000000
4 0.500000 3.500000 0.050000 0.000000 0.423061 0.500000 6.283185
4 0.500000 3.500000 0.050000 0.000000 0.423061 0.500000 6.283185
4 0.500000 3.500000 0.050000 0.000000 0.000000 0.000000 0.000000
4 0.500000 3.500000 0.050000 0.000000 0.423061 0.500000 6.283185
4 0.500000 3.500000 0.050000 0.000000 0.423061 0.500000 6.283185
4 0.500000 3.500000 0.050000 0.000000 0.423061 0.500000 6.283185
4 0.500000 3.500000 0.050000 0.000000 0.423061 0.500000 6.283185
4 0.500000 3.500000 0.050000 0.000000 0.000000 0.000000 0.000000
4 0.500000 3.500000 0.050000 0.000000 0.000000 0.000000 0.000000
4 0.500000 3.500000 0.050000 0.000000 0.000000 0.000000 0.000000
4 0.500000 3.500000 0.050000 0.000000 0.000000 0.000000 0.000000
4 0.500000 3.500000 0.050000 0.000000 0.423061 0.500000 6.283185
4 0.500000 3.500000 0.050000 0.000000 0.423061 -0.500000 6.283185
4 0.500000 3.500000 0.050000 0.000000 0.423061 0.500000 6.283185
4 0.500000 3.500000 0.050000 0.000000 0.423061 0.500000 6.283185
4 0.500000 3.500000 0.050000 0.000000 0.423061 0.500000 6.283185
4 0.500000 3.500000 0.050000 0.000000 0.000000 0.000000 0.000000
4 0.500000 3.500000 0.050000 0.000000 0.000000 0.000000 0.000000
4 0.500000 3.500000 0.050000 0.000000 0.423061 0.500000 6.283185
4 0.500000 3.500000 0.050000 0.000000 0.000000 0.000000 0.000000
4 0.500000 3.500000 0.050000 0.000000 0.423061 0.500000 6.283185
4 0.500000 3.500000 0.050000 0.000000 0.000000 0.000000 0.000000
4 0.500000 3.500000 0.050000 0.000000 0.000000 -0.339034 0.000000
4 0.500000 3.500000 0.050000 0.000000 0.423061 0.500000 6.283185
4 0.500000 3.500000 0.050000 0.000000 0.000000 0.000000 0.000000
4 0.500000 3.500000 0.050000 0.000000 0.423061 0.500000 6.283185
4 0.500000 3.500000 0.050000 0.000000 0.423060 -0.500000 6.283185
4 0.500000 3.500000 0.050000 0.000000 0.423061 0.500000 6.283185
4 0.500000 3.500000 0.050000 0.000000 0.423061 -0.500000 6.283185
4 0.500000 3.500000 0.050000 0.000000 0.000000 0.339357 0.000000
4 0.500000 3.500000 0.050000 0.000000 0.000000 0.000000 0.000000
4 0.500000 3.500000 0.050000 0.000000 0.000000 0.000000 0.000000
4 0.500000 3.500000 0.050000 0.000000 0.423061 0.500000 6.283185
4 0.500000 3.500000 0.050000 0.000000 0.423061 0.500000 6.283185
4 0.500000 3.500000 0.050000 0.000000 0.000000 0.000000 0.000000
4 0.500000 3.500000 0.050000 0.000000 0.423061 0.500000 6.283185
4 0.500000 3.500000 0.050000 0.000000 0.000000 0.339122 0.000000
4 0.500000 3.500000 0.050000 0.000000 0.000000 0.000000 0.000000
4 0.500000 3.500000 0.050000 0.000000 0.000000 0.000000 0.000000
4 0.500000 3.500000 0.050000 0.000000 0.423061 -0.500000 6.283185
4 0.500000 3.500000 0.050000 0.000000 0.000000 0.000000 0.000000
4 0.500000 3.500000 0.050000 0.000000 0.000000 0.000000 0.000000
4 0.500000 3.500000 0.050000 0.000000 0.000000 0.000000 0.000000
4 0.500000 3.500000 0.050000 0.000000 0.423061 0.500000 6.283185
4 0.500000 3.500000 0.050000 0.000000 0.000000 0.000000 0.000000
4 0.500000 3.500000 0.050000 0.000000 0.000000 0.000000 0.000000
4 0.500000 3.500000 0.050000 0.000000 0.423061 0.500000 6.283185
4 0.500000 3.500000 0.050000 0.000000 0.423061 0.500000 6.283185
4 0.500000 3.500000 0.050000 0.000000 0.423061 0.500000 6.283185
4 0.500000 3.500000 0.050000 0.000000 0.423061 0.500000 6.283185
4 0.500000 3.500000 0.050000 0.000000 0.000000 0.359750 0.000000
4 0.500000 3.500000 0.050000 0.000000 0.423061 0.500000 6.283185
4 0.500000 3.500000 0.050000 0.000000 0.423061 0.500000 6.283185
4 0.500000 3.500000 0.050000 0.000000 0.000000 0.000000 0.000000
4 0.500000 3.500000 0.050000 0.000000 0.000000 0.000000 0.000000
4 0.500000 3.500000 0.050000 0.000000 0.000000 0.000000 0.000000
4 0.500000 3.500000 0.050000 0.000000 0.423060 0.500000 6.283185
4 0.500000 3.500000 0.050000 0.000000 0.423061 0.500000 6.283185
4 0.500000 3.500000 0.050000 0.000000 0.000000 0.000000 0.000000
4 0.500000 3.500000 0.050000 0.000000 0.423060 0.500000 6.283185
4 0.500000 3.500000 0.050000 0.000000 0.000000 0.000000 0.000000
4 0.500000 3.500000 0.050000 0.000000 0.423060 0.500000 6.283185
4 0.500000 3.500000 0.050000 0.000000 0.000000 0.000000 0.000000
4 0.500000 3.500000 0.050000 0.000000 0.000000 0.000000 0.000000
4 0.500000 3.500000 0.050000 0.000000 0.423061 0.500000 6.283185
4 0.500000 3.500000 0.050000 0.000000 0.000000 0.000000 0.000000
4 0.500000 3.500000 0.050000 0.000000 0.000000 -0.338809 0.000000
4 0.500000 3.500000 0.050000 0.000000 0.000000 0.000000 0.000000
4 0.500000 3.500000 0.050000 0.000000 0.000000 0.000000 0.000000
4 0.500000 3.500000 0.050000 0.000000 0.000000 0.000000 0.000000
4 0.500000 3.500000 0.050000 0.000000 0.423061 0.500000 6.283185
4 0.500000 3.500000 0.050000 0.000000 0.423061 -0.500000 6.283185
4 0.500000 3.500000 0.050000 0.000000 0.423061 0.500000 6.283185
4 0.500000 3.500000 0.050000 0.000000 0.000000 0.000000 0.000000
4 0.500000 3.500000 0.050000 0.000000 0.000000 0.000000 0.000000
4 0.500000 3.500000 0.050000 0.000000 0.423061 0.500000 6.283185
4 0.500000 3.500000 0.050000 0.000000 0.423061 0.500000 6.283185
4 0.500000 3.500000 0.050000 0.000000 0.423061 0.500000 6.283185
4 0.500000 3.500000 0.050000 0.000000 0.423061 -0.500000 6.283185
4 0.500000 3.500000 0.050000 0.000000 0.423061 -0.500000 6.283185
4 0.500000 3.500000 0.050000 0.000000 0.423061 0.500000 6.283185
4 0.500000 3.500000 0.050000 0.000000 0.423060 0.500000 6.283185
4 0.500000 3.500000 0.050000 0.000000 0.000000 0.000000 0.000000
4 0.500000 3.500000 0.050000 0.000000 0.423061 0.500000 6.283185
4 0.500000 3.500000 0.050000 0.000000 0.423060 -0.500000 6.283185
4 0.500000 3.500000 0.050000 0.000000 0.000000 0.000000 0.000000
4 0.500000 3.500000 0.050000 0.000000 0.423061 -0.500000 6.283185
4 0.500000 3.500000 0.050000 0.000000 0.423060 -0.500000 6.283185
4 0.500000 3.500000 0.050000 0.000000 0.000000 0.346618 0.000000
4 0.500000 3.500000 0.050000 0.000000 0.423061 0.500000 6.283185
4 0.500000 3.500000 0.050000 0.000000 0.000000 0.000000 0.000000
4 0.500000 3.500000 0.050000 0.000000 0.423061 0.500000 6.283185
4 0.500000 3.500000 0.050000 0.000000 0.423061 0.500000 6.283185
4 0.500000 3.500000 0.050000 0.000000 0.000000 0.000000 0.000000
4 0.500000 3.500000 0.050000 0.000000 0.000000 0.000000 0.000000
4 0.500000 3.500000 0.050000 0.000000 0.000000 0.353353 0.000000
4 0.500000 3.500000 0.050000 0.000000 0.423061 0.500000 6.283185
4 0.500000 3.500000 0.050000 0.000000 0.423061 0.500000 6.283185
4 0.500000 3.500000 0.050000 0.000000 0.423060 0.500000 6.283185
4 0.500000 3.500000 0.050000 0.000000 0.423061 0.500000 6.283185
4 0.500000 3.500000 0.050000 0.000000 0.423061 0.500000 6.283185
4 0.500000 3.500000 0.050000 0.000000 0.000000 0.000000 0.000000
4 0.500000 3.500000 0.050000 0.000000 0.000000 0.000000 0.000000
4 0.500000 3.500000 0.050000 0.000000 0.000000 0.000000 0.000000
4 0.500000 3.500000 0.050000 0.000000 0.423061 -0.500000 6.283185
4 0.500000 3.500000 0.050000 0.000000 0.000000 0.338189 0.000000
4 0.500000 3.500000 0.050000 0.000000 0.423061 -0.500000 6.283185
4 0.500000 3.500000 0.050000 0.000000 0.423061 0.500000 6.283185
4 0.500000 3.500000 0.050000 0.000000 0.000000 0.000000 0.000000
4 0.500000 3.500000 0.050000 0.000000 0.423060 -0.500000 6.283185
4 0.500000 3.500000 0.050000 0.000000 0.423061 0.500000 6.283185
4 0.500000 3.500000 0.050000 0.000000 0.423061 0.500000 6.283185
4 0.500000 3.500000 0.050000 0.000000 0.000000 0.000000 0.000000
4 0.500000 3.500000 0.050000 0.000000 0.000000 0.000000 0.000000
4 0.500000 3.500000 0.050000 0.000000 0.423061 0.500000 6.283185
4 0.500000 3.500000 0.050000 0.000000 0.423061 0.500000 6.283185
4 0.500000 3.500000 0.050000 0.000000 0.423061 0.500000 6.283185
4 0.500000 3.500000 0.050000 0.000000 0.000000 0.000000 0.000000
4 0.500000 3.500000 0.050000 0.000000 0.423060 0.500000 6.283185
4 0.500000 3.500000 0.050000 0.000000 0.423061 0.500000 6.283185
4 0.500000 3.500000 0.050000 0.000000 0.000000 0.339757 0.000000
4 0.500000 3.500000 0.050000 0.000000 0.000000 0.000000 0.000000
4 0.500000 3.500000 0.050000 0.000000 0.000000 0.000000 0.000000
4 0.500000 3.500000 0.050000 0.000000 0.000000 0.356053 0.000000
4 0.500000 3.500000 0.050000 0.000000 0.000000 0.000000 0.000000
4 0.500000 3.500000 0.050000 0.000000 0.423062 0.500000 6.283185
4 0.500000 3.500000 0.050000 0.000000 0.000000 0.000000 0.000000
4 0.500000 3.500000 0.050000 0.000000 0.423061 0.500000 6.283185
4 0.500000 3.500000 0.050000 0.000000 0.423061 -0.500000 6.283185
4 0.500000 3.500000 0.050000 0.000000 0.000000 0.000000 0.000000
4 0.500000 3.500000 0.050000 0.000000 0.000000 0.000000 0.000000
4 0.500000 3.500000 0.050000 0.000000 0.000000 -0.336766 0.000000
4 0.500000 3.500000 0.050000 0.000000 0.000000 0.000000 0.000000
4 0.500000 3.500000 0.050000 0.000000 0.423061 0.500000 6.283185
4 0.500000 3.500000 0.050000 0.000000 0.423061 -0.500000 6.283185
4 0.500000 3.500000 0.050000 0.000000 0.423061 0.500000 6.283185
4 0.500000 3.500000 0.050000 0.000000 0.423061 -0.500000 6.283185
4 0.500000 3.500000 0.050000 0.000000 0.423061 0.500000 6.283185
4 0.500000 3.500000 0.050000 0.000000 0.000000 0.000000 0.000000
4 0.500000 3.500000 0.050000 0.000000 0.423061 -0.500000 6.283185
4 0.500000 3.500000 0.050000 0.000000 0.423061 0.500000 6.283185
4 0.500000 3.500000 0.050000 0.000000 0.423061 0.500000 6.283185
4 0.500000 3.500000 0.050000 0.000000 0.423061 0.500000 6.283185
4 0.500000 3.500000 0.050000 0.000000 0.423061 0.500000 6.283185
4 0.500000 3.500000 0.050000 0.000000 0.423061 -0.500000 6.283185
4 0.500000 3.500000 0.050000 0.000000 0.423061 0.500000 6.283185
4 0.500000 3.500000 0.050000 0.000000 0.423061 0.500000 6.283185
4 0.500000 3.500000 0.050000 0.000000 0.423060 0.500000 6.283185
4 0.500000 3.500000 0.050000 0.000000 0.000000 0.000000 0.000000
4 0.500000 3.500000 0.050000 0.000000 0.423060 0.500000 6.283185
4 0.500000 3.500000 0.050000 0.000000 0.000000 0.000000 0.000000
4 0.500000 3.500000 0.050000 0.000000 0.423061 0.500000 6.283185
4 0.500000 3.500000 0.050000 0.000000 0.000000 0.000000 0.000000
4 0.500000 3.500000 0.050000 0.000000 0.423061 -0.500000 6.283185
4 0.500000 3.500000 0.050000 0.000000 0.423061 -0.500000 6.283185
4 0.500000 3.500000 0.050000 0.000000 0.000000 0.338338 0.000000
4 0.500000 3.500000 0.050000 0.000000 0.423061 0.500000 6.283185
4 0.500000 3.500000 0.050000 0.000000 0.423061 0.500000 6.283185
4 0.500000 3.500000 0.050000 0.000000 0.423061 0.500000 6.283185
4 0.500000 3.500000 0.050000 0.000000 0.000000 0.000000 0.000000
4 0.500000 3.500000 0.050000 0.000000 0.000000 0.000000 0.000000
4 0.500000 3.500000 0.050000 0.000000 0.423061 0.500000 6.283185
4 0.500000 3.500000 0.050000 0.000000 0.423060 0.500000 6.283185
4 0.500000 3.500000 0.050000 0.000000 0.000000 0.000000 0.000000
4 0.500000 3.500000 0.050000 0.000000 0.423061 0.500000 6.283185
4 0.500000 3.500000 0.050000 0.000000 0.000000 0.000000 0.000000
4 0.500000 3.500000 0.050000 0.000000 0.000000 0.000000 0.000000
4 0.500000 3.500000 0.050000 0.000000 0.000000 0.000000 0.000000
4 0.500000 3.500000 0.050000 0.000000 0.000000 0.000000 0.000000
4 0.500000 3.500000 0.050000 0.000000 0.423061 0.500000 6.283185
4 0.500000 3.500000 0.050000 0.000000 0.423061 0.500000 6.283185
4 0.500000 3.500000 0.050000 0.000000 0.000000 0.000000 0.000000
4 0.500000 3.500000 0.050000 0.000000 0.000000 0.340681 0.000000
4 0.500000 3.500000 0.050000 0.000000 0.000000 0.000000 0.000000
4 0.500000 3.500000 0.050000 0.000000 0.000000 0.000000 0.000000
4 0.500000 3.500000 0.050000 0.000000 0.423062 0.500000 6.283185
4 0.500000 3.500000 0.050000 0.000000 0.423061 -0.500000 6.283185
4 0.500000 3.500000 0.050000 0.000000 0.423061 0.500000 6.283185
4 0.500000 3.500000 0.050000 0.000000 0.000000 0.000000 0.000000
4 0.500000 3.500000 0.050000 0.000000 0.000000 0.338477 0.000000
4 0.500000 3.500000 0.050000 0.000000 0.423061 -0.500000 6.283185
4 0.500000 3.500000 0.050000 0.000000 0.000000 0.000000 0.000000
4 0.500000 3.500000 0.050000 0.000000 0.000000 0.000000 0.000000
4 0.500000 3.500000 0.050000 0.000000 0.000000 0.000000 0.000000
4 0.500000 3.500000 0.050000 0.000000 0.423061 -0.500000 6.283185
4 0.500000 3.500000 0.050000 0.000000 0.423061 0.500000 6.283185
4 0.500000 3.500000 0.050000 0.000000 0.423061 0.500000 6.283185
4 0.500000 3.500000 0.050000 0.000000 0.423061 0.500000 6.283185
4 0.500000 3.500000 0.050000 0.000000 0.000000 0.000000 0.000000
4 0.500000 3.500000 0.050000 0.000000 0.423061 0.500000 6.283185
4 0.500000 3.500000 0.050000 0.000000 0.000000 0.334730 0.000000
4 0.500000 3.500000 0.050000 0.000000 0.000000 0.000000 0.000000
4 0.500000 3.500000 0.050000 0.000000 0.000000 0.000000 0.000000
4 0.500000 3.500000 0.050000 0.000000 0.000000 0.337337 0.000000
4 0.500000 3.500000 0.050000 0.000000 0.423061 0.500000 6.283185
4 0.500000 3.500000 0.050000 0.000000 0.000000 0.000000 0.000000
4 0.500000 3.500000 0.050000 0.000000 0.000000 0.340206 0.000000
4 0.500000 3.500000 0.050000 0.000000 0.423061 0.500000 6.283185
4 0.500000 3.500000 0.050000 0.000000 0.000000 0.000000 0.000000
4 0.500000 3.500000 0.050000 0.000000 0.423061 0.500000 6.283185
4 0.500000 3.500000 0.050000 0.000000 0.423061 -0.500000 6.283185
4 0.500000 3.500000 0.050000 0.000000 0.423061 0.500000 6.283185
4 0.500000 3.500000 0.050000 0.000000 0.000000 0.000000 0.000000
4 0.500000 3.500000 0.050000 0.000000 0.000000 0.000000 0.000000
4 0.500000 3.500000 0.050000 0.000000 0.423061 0.500000 6.283185
4 0.500000 3.500000 0.050000 0.000000 0.423061 0.500000 6.283185
4 0.500000 3.500000 0.050000 0.000000 0.000000 0.000000 0.000000
4 0.500000 3.500000 0.050000 0.000000 0.000000 0.000000 0.000000
4 0.500000 3.500000 0.050000 0.000000 0.423061 0.500000 6.283185
4 0.500000 3.500000 0.050000 0.000000 0.423061 0.500000 6.283185
4 0.500000 3.500000 0.050000 0.000000 0.000000 0.000000 0.000000
4 0.500000 3.500000 0.050000 0.000000 0.423060 0.500000 6.283185
4 0.500000 3.500000 0.050000 0.000000 0.000000 0.000000 0.000000
4 0.500000 3.500000 0.050000 0.000000 0.000000 0.000000 0.000000
4 0.500000 3.500000 0.050000 0.000000 0.423061 0.500000 6.283185
4 0.500000 3.500000 0.050000 0.000000 0.000000 0.000000 0.000000
4 0.500000 3.500000 0.050000 0.000000 0.423060 0.500000 6.283185
4 0.500000 3.500000 0.050000 0.000000 0.423060 0.500000 6.283185
4 0.500000 3.500000 0.050000 0.000000 0.423061 0.500000 6.283185
4 0.500000 3.500000 0.050000 0.000000 0.423060 0.500000 6.283185
4 0.500000 3.500000 0.050000 0.000000 0.000000 0.000000 0.000000
4 0.500000 3.500000 0.050000 0.000000 0.423060 0.500000 6.283185
4 0.500000 3.500000 0.050000 0.000000 0.000000 0.339139 0.000000
4 0.500000 3.500000 0.050000 0.000000 0.000000 0.000000 0.000000
4 0.500000 3.500000 0.050000 0.000000 0.000000 0.000000 0.000000
4 0.500000 3.500000 0.050000 0.000000 0.423061 0.500000 6.283185
4 0.500000 3.500000 0.050000 0.000000 0.000000 0.000000 0.000000
4 0.500000 3.500000 0.050000 0.000000 0.423061 0.500000 6.283185
4 0.500000 3.500000 0.050000 0.000000 0.000000 0.000000 0.000000
4 0.500000 3.500000 0.050000 0.000000 0.423060 0.500000 6.283185
4 0.500000 3.500000 0.050000 0.000000 0.000000 0.000000 0.000000
4 0.500000 3.500000 0.050000 0.000000 0.000000 0.000000 0.000000
4 0.500000 3.500000 0.050000 0.000000 0.423061 0.500000 6.283185
4 0.500000 3.500000 0.050000 0.000000 0.423061 0.500000 6.283185
4 0.500000 3.500000 0.050000 0.000000 0.423061 0.500000 6.283185
4 0.500000 3.500000 0.050000 0.000000 0.423062 0.500000 6.283185
4 0.500000 3.500000 0.050000 0.000000 0.423061 0.500000 6.283185
4 0.500000 3.500000 0.050000 0.000000 0.000000 0.331587 0.000000
4 0.500000 3.500000 0.050000 0.000000 0.423060 -0.500000 6.283185
4 0.500000 3.500000 0.050000 0.000000 0.000000 0.000000 0.000000
4 0.500000 3.500000 0.050000 0.000000 0.423061 0.500000 6.283185
4 0.500000 3.500000 0.050000 0.000000 0.000000 0.000000 0.000000
4 0.500000 3.500000 0.050000 0.000000 0.000000 0.000000 0.000000
4 0.500000 3.500000 0.050000 0.000000 0.000000 0.000000 0.000000
4 0.500000 3.500000 0.050000 0.000000 0.423061 -0.500000 6.283185
4 0.500000 3.500000 0.050000 0.000000 0.000000 0.000000 0.000000
4 0.500000 3.500000 0.050000 0.000000 0.423061 0.500000 6.283185
4 0.500000 3.500000 0.050000 0.000000 0.423061 0.500000 6.283185
4 0.500000 3.500000 0.050000 0.000000 0.423060 0.500000 6.283185
4 0.500000 3.500000 0.050000 0.000000 0.000000 0.000000 0.000000
4 0.500000 3.500000 0.050000 0.000000 0.000000 0.340249 0.000000
4 0.500000 3.500000 0.050000 0.000000 0.423061 0.500000 6.283185
4 0.500000 3.500000 0.050000 0.000000 0.423061 0.500000 6.283185
4 0.500000 3.500000 0.050000 0.000000 0.000000 0.000000 0.000000
4 0.500000 3.500000 0.050000 0.000000 0.000000 0.000000 0.000000
4 0.500000 3.500000 0.050000 0.000000 0.423061 0.500000 6.283185
4 0.500000 3.500000 0.050000 0.000000 0.423060 0.500000 6.283185
4 0.500000 3.500000 0.050000 0.000000 0.423061 0.500000 6.283185
4 0.500000 3.500000 0.050000 0.000000 0.423061 -0.500000 6.283185
4 0.500000 3.500000 0.050000 0.000000 0.000000 0.000000 0.000000
4 0.500000 3.500000 0.050000 0.000000 0.423061 0.500000 6.283185
4 0.500000 3.500000 0.050000 0.000000 0.423061 0.500000 6.283185
4 0.500000 3.500000 0.050000 0.000000 0.423060 0.500000 6.283185
4 0.500000 3.500000 0.050000 0.000000 0.423061 0.500000 6.283185
4 0.500000 3.500000 0.050000 0.000000 0.423060 0.500000 6.283185
4 0.500000 3.500000 0.050000 0.000000 0.000000 0.000000 0.000000
4 0.500000 3.500000 0.050000 0.000000 0.000000 0.000000 0.000000
4 0.500000 3.500000 0.050000 0.000000 0.000000 0.000000 0.000000
4 0.500000 3.500000 0.050000 0.000000 0.423061 0.500000 6.283185
4 0.500000 3.500000 0.050000 0.000000 0.423061 0.500000 6.283185
4 0.500000 3.500000 0.050000 0.000000 0.000000 0.000000 0.000000
4 0.500000 3.500000 0.050000 0.000000 0.000000 0.000000 0.000000
4 0.500000 3.500000 0.050000 0.000000 0.000000 0.000000 0.000000
4 0.500000 3.500000 0.050000 0.000000 0.000000 0.000000 0.000000
4 0.500000 3.500000 0.050000 0.000000 0.423061 0.500000 6.283185
4 0.500000 3.500000 0.050000 0.000000 0.423060 0.500000 6.283185
4 0.500000 3.500000 0.050000 0.000000 0.000000 0.000000 0.000000
4 0.500000 3.500000 0.050000 0.000000 0.423061 0.500000 6.283185
4 0.500000 3.500000 0.050000 0.000000 0.423061 0.500000 6.283185
4 0.500000 3.500000 0.050000 0.000000 0.423061 0.500000 6.283185
4 0.500000 3.500000 0.050000 0.000000 0.000000 0.000000 0.000000
4 0.500000 3.500000 0.050000 0.000000 0.423061 0.500000 6.283185
4 0.500000 3.500000 0.050000 0.000000 0.000000 0.000000 0.000000
4 0.500000 3.500000 0.050000 0.000000 0.000000 0.000000 0.000000
4 0.500000 3.500000 0.050000 0.000000 0.000000 0.000000 0.000000
4 0.500000 3.500000 0.050000 0.000000 0.423061 0.500000 6.283185
4 0.500000 3.500000 0.050000 0.000000 0.000000 0.000000 0.000000
4 0.500000 3.500000 0.050000 0.000000 0.423061 0.500000 6.283185
4 0.500000 3.500000 0.050000 0.000000 0.000000 0.000000 0.000000
4 0.500000 3.500000 0.050000 0.000000 0.423061 0.500000 6.283185
4 0.500000 3.500000 0.050000 0.000000 0.423061 0.500000 6.283185
4 0.500000 3.500000 0.050000 0.000000 0.423061 -0.500000 6.283185
4 0.500000 3.500000 0.050000 0.000000 0.423061 0.500000 6.283185
4 0.500000 3.500000 0.050000 0.000000 0.000000 0.000000 0.000000
4 0.500000 3.500000 0.050000 0.000000 0.423061 0.500000 6.283185
4 0.500000 3.500000 0.050000 0.000000 0.423061 -0.500000 6.283185
4 0.500000 3.500000 0.050000 0.000000 0.000000 0.000000 0.000000
4 0.500000 3.500000 0.050000 0.000000 0.000000 0.339836 0.000000
4 0.500000 3.500000 0.050000 0.000000 0.423061 0.500000 6.283185
4 0.500000 3.500000 0.050000 0.000000 0.423060 -0.500000 6.283185
4 0.500000 3.500000 0.050000 0.000000 0.000000 0.000000 0.000000
4 0.500000 3.500000 0.050000 0.000000 0.423061 0.500000 6.283185
4 0.500000 3.500000 0.050000 0.000000 0.000000 0.338477 0.000000
4 0.500000 3.500000 0.050000 0.000000 0.000000 0.337461 0.000000
4 0.500000 3.500000 0.050000 0.000000 0.423061 0.500000 6.283185
4 0.500000 3.500000 0.050000 0.000000 0.000000 0.000000 0.000000
4 0.500000 3.500000 0.050000 0.000000 0.000000 0.000000 0.000000
4 0.500000 3.500000 0.050000 0.000000 0.423061 0.500000 6.283185
4 0.500000 3.500000 0.050000 0.000000 0.423061 0.500000 6.283185
4 0.500000 3.500000 0.050000 0.000000 0.000000 0.338776 0.000000
4 0.500000 3.500000 0.050000 0.000000 0.423061 0.500000 6.283185
4 0.500000 3.500000 0.050000 0.000000 0.000000 0.339175 0.000000
4 0.500000 3.500000 0.050000 0.000000 0.423061 0.500000 6.283185
4 0.500000 3.500000 0.050000 0.000000 0.423061 0.500000 6.283185
4 0.500000 3.500000 0.050000 0.000000 0.423061 -0.500000 6.283185
4 0.500000 3.500000 0.050000 0.000000 0.000000 0.337824 0.000000
4 0.500000 3.500000 0.050000 0.000000 0.000000 0.000000 0.000000
4 0.500000 3.500000 0.050000 0.000000 0.423061 0.500000 6.283185
4 0.500000 3.500000 0.050000 0.000000 0.000000 0.000000 0.000000
4 0.500000 3.500000 0.050000 0.000000 0.000000 0.000000 0.000000
4 0.500000 3.500000 0.050000 0.000000 0.000000 0.000000 0.000000
4 0.500000 3.500000 0.050000 0.000000 0.000000 0.000000 0.000000
4 0.500000 3.500000 0.050000 0.000000 0.423061 0.500000 6.283185
4 0.500000 3.500000 0.050000 0.000000 0.423061 0.500000 6.283185
4 0.500000 3.500000 0.050000 0.000000 0.000000 0.000000 0.000000
4 0.500000 3.500000 0.050000 0.000000 0.000000 0.339431 0.000000
4 0.500000 3.500000 0.050000 0.000000 0.000000 0.000000 0.000000
4 0.500000 3.500000 0.050000 0.000000 0.423061 0.500000 6.283185
4 0.500000 3.500000 0.050000 0.000000 0.423061 0.500000 6.283185
4 0.500000 3.500000 0.050000 0.000000 0.000000 0.337386 0.000000
4 0.500000 3.500000 0.050000 0.000000 0.423060 0.500000 6.283185
4 0.500000 3.500000 0.050000 0.000000 0.423061 0.500000 6.283185
4 0.500000 3.500000 0.050000 0.000000 0.423061 0.500000 6.283185
4 0.500000 3.500000 0.050000 0.000000 0.423061 0.500000 6.283185
4 0.500000 3.500000 0.050000 0.000000 0.423060 0.500000 6.283185
4 0.500000 3.500000 0.050000 0.000000 0.423061 0.500000 6.283185
4 0.500000 3.500000 0.050000 0.000000 0.423061 0.500000 6.283185
4 0.500000 3.500000 0.050000 0.000000 0.000000 0.338129 0.000000
4 0.500000 3.500000 0.050000 0.000000 0.423061 0.500000 6.283185
4 0.500000 3.500000 0.050000 0.000000 0.423061 0.500000 6.283185
4 0.500000 3.500000 0.050000 0.000000 0.423061 -0.500000 6.283185
4 0.500000 3.500000 0.050000 0.000000 0.000000 0.000000 0.000000
4 0.500000 3.500000 0.050000 0.000000 0.000000 0.339202 0.000000
4 0.500000 3.500000 0.050000 0.000000 0.423061 -0.500000 6.283185
4 0.500000 3.500000 0.050000 0.000000 0.423061 0.500000 6.283185
4 0.500000 3.500000 0.050000 0.000000 0.423061 0.500000 6.283185
4 0.500000 3.500000 0.050000 0.000000 0.423061 0.500000 6.283185
4 0.500000 3.500000 0.050000 0.000000 0.423061 0.500000 6.283185
4 0.500000 3.500000 0.050000 0.000000 0.000000 0.337769 0.000000
4 0.500000 3.500000 0.050000 0.000000 0.000000 0.000000 0.000000
4 0.500000 3.500000 0.050000 0.000000 0.000000 0.000000 0.000000
4 0.500000 3.500000 0.050000 0.000000 0.000000 0.000000 0.000000
4 0.500000 3.500000 0.050000 0.000000 0.000000 0.338042 0.000000
4 0.500000 3.500000 0.050000 0.000000 0.423060 0.500000 6.283185
4 0.500000 3.500000 0.050000 0.000000 0.423061 0.500000 6.283185
4 0.500000 3.500000 0.050000 0.000000 0.000000 0.000000 0.000000
4 0.500000 3.500000 0.050000 0.000000 0.000000 0.339104 0.000000
4 0.500000 3.500000 0.050000 0.000000 0.423060 0.500000 6.283185
4 0.500000 3.500000 0.050000 0.000000 0.423061 0.500000 6.283185
4 0.500000 3.500000 0.050000 0.000000 0.000000 0.347782 0.000000
4 0.500000 3.500000 0.050000 0.000000 0.423061 0.500000 6.283185
4 0.500000 3.500000 0.050000 0.000000 0.423061 0.500000 6.283185
4 0.500000 3.500000 0.050000 0.000000 0.423061 0.500000 6.283185
4 0.500000 3.500000 0.050000 0.000000 0.000000 0.000000 0.000000
4 0.500000 3.500000 0.050000 0.000000 0.000000 0.340671 0.000000
4 0.500000 3.500000 0.050000 0.000000 0.000000 0.000000 0.000000
4 0.500000 3.500000 0.050000 0.000000 0.000000 0.000000 0.000000
4 0.500000 3.500000 0.050000 0.000000 0.000000 0.000000 0.000000
4 0.500000 3.500000 0.050000 0.000000 0.423061 0.500000 6.283185
4 0.500000 3.500000 0.050000 0.000000 0.000000 -0.341023 0.000000
4 0.500000 3.500000 0.050000 0.000000 0.423061 0.500000 6.283185
4 0.500000 3.500000 0.050000 0.000000 0.423061 0.500000 6.283185
4 0.500000 3.500000 0.050000 0.000000 0.423061 0.500000 6.283185
4 0.500000 3.500000 0.050000 0.000000 0.000000 0.000000 0.000000
4 0.500000 3.500000 0.050000 0.000000 0.423061 -0.500000 6.283185
4 0.500000 3.500000 0.050000 0.000000 0.423061 0.500000 6.283185
4 0.500000 3.500000 0.050000 0.000000 0.423061 -0.500000 6.283185
4 0.500000 3.500000 0.050000 0.000000 0.000000 0.337895 0.000000
4 0.500000 3.500000 0.050000 0.000000 0.000000 0.000000 0.000000
4 0.500000 3.500000 0.050000 0.000000 0.423060 0.500000 6.283185
4 0.500000 3.500000 0.050000 0.000000 0.423061 0.500000 6.283185
4 0.500000 3.500000 0.050000 0.000000 0.423061 0.500000 6.283185
4 0.500000 3.500000 0.050000 0.000000 0.423061 0.500000 6.283185
4 0.500000 3.500000 0.050000 0.000000 0.000000 0.338086 0.000000
4 0.500000 3.500000 0.050000 0.000000 0.000000 0.000000 0.000000
4 0.500000 3.500000 0.050000 0.000000 0.423061 -0.500000 6.283185
4 0.500000 3.500000 0.050000 0.000000 0.000000 0.000000 0.000000
4 0.500000 3.500000 0.050000 0.000000 0.423061 -0.500000 6.283185
4 0.500000 3.500000 0.050000 0.000000 0.000000 0.000000 0.000000
4 0.500000 3.500000 0.050000 0.000000 0.423061 0.500000 6.283185
4 0.500000 3.500000 0.050000 0.000000 0.000000 0.000000 0.000000
4 0.500000 3.500000 0.050000 0.000000 0.423061 0.500000 6.283185
4 0.500000 3.500000 0.050000 0.000000 0.423061 0.500000 6.283185
4 0.500000 3.500000 0.050000 0.000000 0.423061 -0.500000 6.283185
4 0.500000 3.500000 0.050000 0.000000 0.423060 0.500000 6.283185
4 0.500000 3.500000 0.050000 0.000000 0.000000 0.000000 0.000000
4 0.500000 3.500000 0.050000 0.000000 0.000000 0.000000 0.000000
4 0.500000 3.500000 0.050000 0.000000 0.423061 0.500000 6.283185
4 0.500000 3.500000 0.050000 0.000000 0.423061 0.500000 6.283185
4 0.500000 3.500000 0.050000 0.000000 0.000000 0.340143 0.000000
4 0.500000 3.500000 0.050000 0.000000 0.423061 0.500000 6.283185
4 0.500000 3.500000 0.050000 0.000000 0.000000 0.000000 0.000000
4 0.500000 3.500000 0.050000 0.000000 0.423061 0.500000 6.283185
4 0.500000 3.500000 0.050000 0.000000 0.423061 0.500000 6.283185
4 0.500000 3.500000 0.050000 0.000000 0.423062 0.500000 6.283185
4 0.500000 3.500000 0.050000 0.000000 0.423061 0.500000 6.283185
4 0.500000 3.500000 0.050000 0.000000 0.000000 0.000000 0.000000
4 0.500000 3.500000 0.050000 0.000000 0.000000 0.000000 0.000000
4 0.500000 3.500000 0.050000 0.000000 0.000000 0.000000 0.000000
4 0.500000 3.500000 0.050000 0.000000 0.000000 0.000000 0.000000
4 0.500000 3.500000 0.050000 0.000000 0.423060 0.500000 6.283185
4 0.500000 3.500000 0.050000 0.000000 0.423061 -0.500000 6.283185
4 0.500000 3.500000 0.050000 0.000000 0.000000 0.000000 0.000000
4 0.500000 3.500000 0.050000 0.000000 0.423061 0.500000 6.283185
4 0.500000 3.500000 0.050000 0.000000 0.423061 0.500000 6.283185
4 0.500000 3.500000 0.050000 0.000000 0.000000 0.000000 0.000000
4 0.500000 3.500000 0.050000 0.000000 0.000000 0.000000 0.000000
4 0.500000 3.500000 0.050000 0.000000 0.423061 -0.500000 6.283185
4 0.500000 3.500000 0.050000 0.000000 0.000000 0.000000 0.000000
4 0.500000 3.500000 0.050000 0.000000 0.000000 0.000000 0.000000
4 0.500000 3.500000 0.050000 0.000000 0.423061 0.500000 6.283185
4 0.500000 3.500000 0.050000 0.000000 0.423060 0.500000 6.283185
4 0.500000 3.500000 0.050000 0.000000 0.000000 0.000000 0.000000
4 0.500000 3.500000 0.050000 0.000000 0.000000 0.337500 0.000000
4 0.500000 3.500000 0.050000 0.000000 0.000000 0.000000 0.000000
4 0.500000 3.500000 0.050000 0.000000 0.000000 0.000000 0.000000
4 0.500000 3.500000 0.050000 0.000000 0.423061 0.500000 6.283185
4 0.500000 3.500000 0.050000 0.000000 0.423061 0.500000 6.283185
4 0.500000 3.500000 0.050000 0.000000 0.423060 0.500000 6.283185
4 0.500000 3.500000 0.050000 0.000000 0.423061 0.500000 6.283185
4 0.500000 3.500000 0.050000 0.000000 0.423061 0.500000 6.283185
4 0.500000 3.500000 0.050000 0.000000 0.000000 0.000000 0.000000
4 0.500000 3.500000 0.050000 0.000000 0.000000 0.000000 0.000000
4 0.500000 3.500000 0.050000 0.000000 0.000000 0.337838 0.000000
4 0.500000 3.500000 0.050000 0.000000 0.000000 0.324490 0.000000
4 0.500000 3.500000 0.050000 0.000000 0.000000 0.000000 0.000000
4 0.500000 3.500000 0.050000 0.000000 0.000000 0.337810 0.000000
4 0.500000 3.500000 0.050000 0.000000 0.423061 0.500000 6.283185
4 0.500000 3.500000 0.050000 0.000000 0.423061 0.500000 6.283185
4 0.500000 3.500000 0.050000 0.000000 0.423060 0.500000 6.283185
4 0.500000 3.500000 0.050000 0.000000 0.000000 0.000000 0.000000
4 0.500000 3.500000 0.050000 0.000000 0.000000 0.000000 0.000000
4 0.500000 3.500000 0.050000 0.000000 0.423061 0.500000 6.283185
4 0.500000 3.500000 0.050000 0.000000 0.000000 0.000000 0.000000
4 0.500000 3.500000 0.050000 0.000000 0.423061 0.500000 6.283185
4 0.500000 3.500000 0.050000 0.000000 0.423061 0.500000 6.283185
4 0.500000 3.500000 0.050000 0.000000 0.000000 0.337675 0.000000
4 0.500000 3.500000 0.050000 0.000000 0.000000 0.000000 0.000000
4 0.500000 3.500000 0.050000 0.000000 0.000000 0.000000 0.000000
4 0.500000 3.500000 0.050000 0.000000 0.000000 0.000000 0.000000
4 0.500000 3.500000 0.050000 0.000000 0.000000 0.000000 0.000000
4 0.500000 3.500000 0.050000 0.000000 0.423061 0.500000 6.283185
4 0.500000 3.500000 0.050000 0.000000 0.423060 0.500000 6.283185
4 0.500000 3.500000 0.050000 0.000000 0.423061 0.500000 6.283185
4 0.500000 3.500000 0.050000 0.000000 0.423061 0.500000 6.283185
4 0.500000 3.500000 0.050000 0.000000 0.423060 0.500000 6.283185
4 0.500000 3.500000 0.050000 0.000000 0.000000 0.000000 0.000000
4 0.500000 3.500000 0.050000 0.000000 0.000000 0.000000 0.000000
4 0.500000 3.500000 0.050000 0.000000 0.423061 0.500000 6.283185
4 0.500000 3.500000 0.050000 0.000000 0.423061 0.500000 6.283185
4 0.500000 3.500000 0.050000 0.000000 0.000000 0.000000 0.000000
4 0.500000 3.500000 0.050000 0.000000 0.000000 0.000000 0.000000
4 0.500000 3.500000 0.050000 0.000000 0.000000 0.000000 0.000000
4 0.500000 3.500000 0.050000 0.000000 0.423061 0.500000 6.283185
4 0.500000 3.500000 0.050000 0.000000 0.000000 0.000000 0.000000
4 0.500000 3.500000 0.050000 0.000000 0.000000 -0.337079 0.000000
4 0.500000 3.500000 0.050000 0.000000 0.423060 0.500000 6.283185
4 0.500000 3.500000 0.050000 0.000000 0.423061 0.500000 6.283185
4 0.500000 3.500000 0.050000 0.000000 0.423061 0.500000 6.283185
4 0.500000 3.500000 0.050000 0.000000 0.000000 0.000000 0.000000
4 0.500000 3.500000 0.050000 0.000000 0.423061 0.500000 6.283185
4 0.500000 3.500000 0.050000 0.000000 0.423061 -0.500000 6.283185
4 0.500000 3.500000 0.050000 0.000000 0.000000 0.000000 0.000000
4 0.500000 3.500000 0.050000 0.000000 0.000000 0.000000 0.000000
4 0.500000 3.500000 0.050000 0.000000 0.000000 0.000000 0.000000
4 0.500000 3.500000 0.050000 0.000000 0.423061 0.500000 6.283185
4 0.500000 3.500000 0.050000 0.000000 0.423061 0.500000 6.283185
4 0.500000 3.500000 0.050000 0.000000 0.000000 0.000000 0.000000
4 0.500000 3.500000 0.050000 0.000000 0.423060 0.500000 6.283185
4 0.500000 3.500000 0.050000 0.000000 0.000000 0.000000 0.000000
4 0.500000 3.500000 0.050000 0.000000 0.423061 0.500000 6.283185
4 0.500000 3.500000 0.050000 0.000000 0.000000 0.000000 0.000000
4 0.500000 3.500000 0.050000 0.000000 0.423061 0.500000 6.283185
4 0.500000 3.500000 0.050000 0.000000 0.423061 0.500000 6.283185
4 0.500000 3.500000 0.050000 0.000000 0.000000 0.000000 0.000000
4 0.500000 3.500000 0.050000 0.000000 0.423061 0.500000 6.283185
4 0.500000 3.500000 0.050000 0.000000 0.423061 0.500000 6.283185
4 0.500000 3.500000 0.050000 0.000000 0.000000 0.000000 0.000000
4 0.500000 3.500000 0.050000 0.000000 0.423061 0.500000 6.283185
4 0.500000 3.500000 0.050000 0.000000 0.000000 0.000000 0.000000
4 0.500000 3.500000 0.050000 0.000000 0.423061 0.500000 6.283185
4 0.500000 3.500000 0.050000 0.000000 0.423061 0.500000 6.283185
4 0.500000 3.500000 0.050000 0.000000 0.000000 0.000000 0.000000
4 0.500000 3.500000 0.050000 0.000000 0.423061 -0.500000 6.283185
4 0.500000 3.500000 0.050000 0.000000 0.423061 -0.500000 6.283185
4 0.500000 3.500000 0.050000 0.000000 0.423061 0.500000 6.283185
4 0.500000 3.500000 0.050000 0.000000 0.423061 0.500000 6.283185
4 0.500000 3.500000 0.050000 0.000000 0.423061 0.500000 6.283185
4 0.500000 3.500000 0.050000 0.000000 0.000000 0.000000 0.000000
4 0.500000 3.500000 0.050000 0.000000 0.423061 0.500000 6.283185
4 0.500000 3.500000 0.050000 0.000000 0.000000 0.000000 0.000000
4 0.500000 3.500000 0.050000 0.000000 0.423061 0.500000 6.283185
4 0.500000 3.500000 0.050000 0.000000 0.000000 0.000000 0.000000
4 0.500000 3.500000 0.050000 0.000000 0.423061 0.500000 6.283185
4 0.500000 3.500000 0.050000 0.000000 0.000000 0.000000 0.000000
4 0.500000 3.500000 0.050000 0.000000 0.000000 0.000000 0.000000
4 0.500000 3.500000 0.050000 0.000000 0.423061 0.500000 6.283185
4 0.500000 3.500000 0.050000 0.000000 0.423061 0.500000 6.283185
4 0.500000 3.500000 0.050000 0.000000 0.423061 0.500000 6.283185
4 0.500000 3.500000 0.050000 0.000000 0.423060 0.500000 6.283185
4 0.500000 3.500000 0.050000 0.000000 0.423061 0.500000 6.283185
4 0.500000 3.500000 0.050000 0.000000 0.000000 0.000000 0.000000
4 0.500000 3.500000 0.050000 0.000000 0.000000 0.000000 0.000000
4 0.500000 3.500000 0.050000 0.000000 0.423060 0.500000 6.283185
4 0.500000 3.500000 0.050000 0.000000 0.000000 0.000000 0.000000
4 0.500000 3.500000 0.050000 0.000000 0.000000 0.000000 0.000000
4 0.500000 3.500000 0.050000 0.000000 0.000000 0.000000 0.000000
4 0.500000 3.500000 0.050000 0.000000 0.423061 0.500000 6.283185
4 0.500000 3.500000 0.050000 0.000000 0.000000 0.000000 0.000000
4 0.500000 3.500000 0.050000 0.000000 0.000000 0.340839 0.000000
4 0.500000 3.500000 0.050000 0.000000 0.423061 0.500000 6.283185
4 0.500000 3.500000 0.050000 0.000000 0.000000 0.000000 0.000000
4 0.500000 3.500000 0.050000 0.000000 0.000000 0.000000 0.000000
4 0.500000 3.500000 0.050000 0.000000 0.423061 0.500000 6.283185
4 0.500000 3.500000 0.050000 0.000000 0.000000 0.000000 0.000000
4 0.500000 3.500000 0.050000 0.000000 0.423060 0.500000 6.283185
4 0.500000 3.500000 0.050000 0.000000 0.000000 0.338384 0.000000
4 0.500000 3.500000 0.050000 0.000000 0.000000 0.000000 0.000000
4 0.500000 3.500000 0.050000 0.000000 0.000000 0.000000 0.000000
4 0.500000 3.500000 0.050000 0.000000 0.000000 0.000000 0.000000
4 0.500000 3.500000 0.050000 0.000000 0.423061 0.500000 6.283185
4 0.500000 3.500000 0.050000 0.000000 0.423061 0.500000 6.283185
4 0.500000 3.500000 0.050000 0.000000 0.000000 0.000000 0.000000
4 0.500000 3.500000 0.050000 0.000000 0.423061 0.500000 6.283185
4 0.500000 3.500000 0.050000 0.000000 0.000000 0.000000 0.000000
4 0.500000 3.500000 0.050000 0.000000 0.000000 0.000000 0.000000
4 0.500000 3.500000 0.050000 0.000000 0.423061 0.500000 6.283185
4 0.500000 3.500000 0.050000 0.000000 0.000000 0.000000 0.000000
4 0.500000 3.500000 0.050000 0.000000 0.423061 -0.500000 6.283185
4 0.500000 3.500000 0.050000 0.000000 0.423061 0.500000 6.283185
4 0.500000 3.500000 0.050000 0.000000 0.423061 0.500000 6.283185
4 0.500000 3.500000 0.050000 0.000000 0.000000 0.000000 0.000000
4 0.500000 3.500000 0.050000 0.000000 0.423061 -0.500000 6.283185
4 0.500000 3.500000 0.050000 0.000000 0.423061 0.500000 6.283185
4 0.500000 3.500000 0.050000 0.000000 0.423061 0.500000 6.283185
4 0.500000 3.500000 0.050000 0.000000 0.000000 0.337449 0.000000
4 0.500000 3.500000 0.050000 0.000000 0.423060 0.500000 6.283185
4 0.500000 3.500000 0.050000 0.000000 0.423061 0.500000 6.283185
4 0.500000 3.500000 0.050000 0.000000 0.423061 0.500000 6.283185
4 0.500000 3.500000 0.050000 0.000000 0.423061 0.500000 6.283185
