4 0.500000 3.500000 0.050000 0.000000 0.000000 0.000000 0.000000
4 0.500000 3.500000 0.050000 0.000000 0.423061 0.500000 6.283185
4 0.500000 3.500000 0.050000 0.000000 0.423060 0.500000 6.283185
4 0.500000 3.500000 0.050000 0.000000 0.000000 0.000000 0.000000
4 0.500000 3.500000 0.050000 0.000000 0.423061 -0.500000 6.283185
4 0.500000 3.500000 0.050000 0.000000 0.000000 0.000000 0.000000
4 0.500000 3.500000 0.050000 0.000000 0.423061 0.500000 6.283185
4 0.500000 3.500000 0.050000 0.000000 0.000000 0.000000 0.000000
4 0.500000 3.500000 0.050000 0.000000 0.423061 0.500000 6.283185
4 0.500000 3.500000 0.050000 0.000000 0.423061 -0.500000 6.283185
4 0.500000 3.500000 0.050000 0.000000 0.423062 -0.500000 6.283185
4 0.500000 3.500000 0.050000 0.000000 0.423061 0.500000 6.283185
4 0.500000 3.500000 0.050000 0.000000 0.423060 0.500000 6.283185
4 0.500000 3.500000 0.050000 0.000000 0.423061 -0.500000 6.283185
4 0.500000 3.500000 0.050000 0.000000 0.423061 0.500000 6.283185
4 0.500000 3.500000 0.050000 0.000000 0.000000 0.000000 0.000000
4 0.500000 3.500000 0.050000 0.000000 0.423061 -0.500000 6.283185
4 0.500000 3.500000 0.050000 0.000000 0.423061 0.500000 6.283185
4 0.500000 3.500000 0.050000 0.000000 0.423061 -0.500000 6.283185
4 0.500000 3.500000 0.050000 0.000000 0.423061 0.500000 6.283185
4 0.500000 3.500000 0.050000 0.000000 0.000000 0.000000 0.000000
4 0.500000 3.500000 0.050000 0.000000 0.000000 0.000000 0.000000
4 0.500000 3.500000 0.050000 0.000000 0.423060 0.500000 6.283185
4 0.500000 3.500000 0.050000 0.000000 0.423060 -0.500000 6.283185
4 0.500000 3.500000 0.050000 0.000000 0.423061 0.500000 6.283185
4 0.500000 3.500000 0.050000 0.000000 0.423061 0.500000 6.283185
4 0.500000 3.500000 0.050000 0.000000 0.000000 0.341837 0.000000
4 0.500000 3.500000 0.050000 0.000000 0.000000 0.000000 0.000000
4 0.500000 3.500000 0.050000 0.000000 0.000000 0.000000 0.000000
4 0.500000 3.500000 0.050000 0.000000 0.423061 0.500000 6.283185
4 0.500000 3.500000 0.050000 0.000000 0.423060 -0.500000 6.283185
4 0.500000 3.500000 0.050000 0.000000 0.000000 0.000000 0.000000
4 0.500000 3.500000 0.050000 0.000000 0.423061 0.500000 6.283185
4 0.500000 3.500000 0.050000 0.000000 0.000000 -0.340040 0.000000
4 0.500000 3.500000 0.050000 0.000000 0.423061 -0.500000 6.283185
4 0.500000 3.500000 0.050000 0.000000 0.000000 0.000000 0.000000
4 0.500000 3.500000 0.050000 0.000000 0.423061 -0.500000 6.283185
4 0.500000 3.500000 0.050000 0.000000 0.000000 0.340249 0.000000
4 0.500000 3.500000 0.050000 0.000000 0.000000 0.000000 0.000000
4 0.500000 3.500000 0.050000 0.000000 0.423061 0.500000 6.283185
4 0.500000 3.500000 0.050000 0.000000 0.423061 -0.500000 6.283185
4 0.500000 3.500000 0.050000 0.000000 0.000000 0.000000 0.000000
4 0.500000 3.500000 0.050000 0.000000 0.423060 0.500000 6.283185
4 0.500000 3.500000 0.050000 0.000000 0.423061 0.500000 6.283185
4 0.500000 3.500000 0.050000 0.000000 0.423061 -0.500000 6.283185
4 0.500000 3.500000 0.050000 0.000000 0.423061 0.500000 6.283185
4 0.500000 3.500000 0.050000 0.000000 0.000000 0.000000 0.000000
4 0.500000 3.500000 0.050000 0.000000 0.423061 0.500000 6.283185
4 0.500000 3.500000 0.050000 0.000000 0.423061 0.500000 6.283185
4 0.500000 3.500000 0.050000 0.000000 0.423061 -0.500000 6.283185
4 0.500000 3.500000 0.050000 0.000000 0.000000 0.337374 0.000000
4 0.500000 3.500000 0.050000 0.000000 0.423061 0.500000 6.283185
4 0.500000 3.500000 0.050000 0.000000 0.423060 0.500000 6.283185
4 0.500000 3.500000 0.050000 0.000000 0.423061 0.500000 6.283185
4 0.500000 3.500000 0.050000 0.000000 0.000000 0.000000 0.000000
4 0.500000 3.500000 0.050000 0.000000 0.423061 0.500000 6.283185
4 0.500000 3.500000 0.050000 0.000000 0.423061 0.500000 6.283185
4 0.500000 3.500000 0.050000 0.000000 0.000000 0.000000 0.000000
4 0.500000 3.500000 0.050000 0.000000 0.423060 0.500000 6.283185
4 0.500000 3.500000 0.050000 0.000000 0.000000 0.000000 0.000000
4 0.500000 3.500000 0.050000 0.000000 0.423061 0.500000 6.283185
4 0.500000 3.500000 0.050000 0.000000 0.423061 -0.500000 6.283185
4 0.500000 3.500000 0.050000 0.000000 0.000000 0.000000 0.000000
4 0.500000 3.500000 0.050000 0.000000 0.000000 0.000000 0.000000
4 0.500000 3.500000 0.050000 0.000000 0.000000 0.000000 0.000000
4 0.500000 3.500000 0.050000 0.000000 0.000000 0.000000 0.000000
4 0.500000 3.500000 0.050000 0.000000 0.423060 -0.500000 6.283185
4 0.500000 3.500000 0.050000 0.000000 0.423061 0.500000 6.283185
4 0.500000 3.500000 0.050000 0.000000 0.000000 0.000000 0.000000
4 0.500000 3.500000 0.050000 0.000000 0.000000 0.000000 0.000000
4 0.500000 3.500000 0.050000 0.000000 0.000000 0.000000 0.000000
4 0.500000 3.500000 0.050000 0.000000 0.000000 0.000000 0.000000
4 0.500000 3.500000 0.050000 0.000000 0.423060 0.500000 6.283185
4 0.500000 3.500000 0.050000 0.000000 0.000000 0.000000 0.000000
4 0.500000 3.500000 0.050000 0.000000 0.423061 0.500000 6.283185
4 0.500000 3.500000 0.050000 0.000000 0.423060 0.500000 6.283185
4 0.500000 3.500000 0.050000 0.000000 0.423060 0.500000 6.283185
4 0.500000 3.500000 0.050000 0.000000 0.423061 0.500000 6.283185
4 0.500000 3.500000 0.050000 0.000000 0.000000 0.000000 0.000000
4 0.500000 3.500000 0.050000 0.000000 0.423061 0.500000 6.283185
4 0.500000 3.500000 0.050000 0.000000 0.000000 0.000000 0.000000
4 0.500000 3.500000 0.050000 0.000000 0.423061 0.500000 6.283185
4 0.500000 3.500000 0.050000 0.000000 0.000000 0.000000 0.000000
4 0.500000 3.500000 0.050000 0.000000 0.000000 0.000000 0.000000
4 0.500000 3.500000 0.050000 0.000000 0.423061 0.500000 6.283185
4 0.500000 3.500000 0.050000 0.000000 0.000000 0.000000 0.000000
4 0.500000 3.500000 0.050000 0.000000 0.423061 0.500000 6.283185
4 0.500000 3.500000 0.050000 0.000000 0.423061 0.500000 6.283185
4 0.500000 3.500000 0.050000 0.000000 0.423061 0.500000 6.283185
4 0.500000 3.500000 0.050000 0.000000 0.000000 0.000000 0.000000
4 0.500000 3.500000 0.050000 0.000000 0.423060 -0.500000 6.283185
4 0.500000 3.500000 0.050000 0.000000 0.000000 0.000000 0.000000
4 0.500000 3.500000 0.050000 0.000000 0.423061 0.500000 6.283185
4 0.500000 3.500000 0.050000 0.000000 0.423061 0.500000 6.283185
4 0.500000 3.500000 0.050000 0.000000 0.000000 -0.339157 0.000000
4 0.500000 3.500000 0.050000 0.000000 0.423061 0.500000 6.283185
4 0.500000 3.500000 0.050000 0.000000 0.000000 0.000000 0.000000
4 0.500000 3.500000 0.050000 0.000000 0.423060 0.500000 6.283185
4 0.500000 3.500000 0.050000 0.000000 0.000000 -0.339157 0.000000
4 0.500000 3.500000 0.050000 0.000000 0.423061 0.500000 6.283185
4 0.500000 3.500000 0.050000 0.000000 0.423061 -0.500000 6.283185
4 0.500000 3.500000 0.050000 0.000000 0.423060 0.500000 6.283185
4 0.500000 3.500000 0.050000 0.000000 0.000000 0.000000 0.000000
4 0.500000 3.500000 0.050000 0.000000 0.423061 0.500000 6.283185
4 0.500000 3.500000 0.050000 0.000000 0.000000 0.000000 0.000000
4 0.500000 3.500000 0.050000 0.000000 0.000000 0.340122 0.000000
4 0.500000 3.500000 0.050000 0.000000 0.423061 -0.500000 6.283185
4 0.500000 3.500000 0.050000 0.000000 0.423061 0.500000 6.283185
4 0.500000 3.500000 0.050000 0.000000 0.000000 0.000000 0.000000
4 0.500000 3.500000 0.050000 0.000000 0.423060 -0.500000 6.283185
4 0.500000 3.500000 0.050000 0.000000 0.000000 0.000000 0.000000
4 0.500000 3.500000 0.050000 0.000000 0.423060 0.500000 6.283185
4 0.500000 3.500000 0.050000 0.000000 0.423061 0.500000 6.283185
4 0.500000 3.500000 0.050000 0.000000 0.423061 0.500000 6.283185
4 0.500000 3.500000 0.050000 0.000000 0.423061 0.500000 6.283185
4 0.500000 3.500000 0.050000 0.000000 0.000000 0.000000 0.000000
4 0.500000 3.500000 0.050000 0.000000 0.423060 0.500000 6.283185
4 0.500000 3.500000 0.050000 0.000000 0.423061 0.500000 6.283185
4 0.500000 3.500000 0.050000 0.000000 0.423060 -0.500000 6.283185
4 0.500000 3.500000 0.050000 0.000000 0.000000 0.336434 0.000000
4 0.500000 3.500000 0.050000 0.000000 0.000000 0.000000 0.000000
4 0.500000 3.500000 0.050000 0.000000 0.000000 0.000000 0.000000
4 0.500000 3.500000 0.050000 0.000000 0.423060 0.500000 6.283185
4 0.500000 3.500000 0.050000 0.000000 0.000000 -0.339184 0.000000
4 0.500000 3.500000 0.050000 0.000000 0.423061 0.500000 6.283185
4 0.500000 3.500000 0.050000 0.000000 0.000000 0.000000 0.000000
4 0.500000 3.500000 0.050000 0.000000 0.000000 0.000000 0.000000
4 0.500000 3.500000 0.050000 0.000000 0.423061 0.500000 6.283185
4 0.500000 3.500000 0.050000 0.000000 0.000000 0.341117 0.000000
4 0.500000 3.500000 0.050000 0.000000 0.423061 0.500000 6.283185
4 0.500000 3.500000 0.050000 0.000000 0.000000 0.337050 0.000000
4 0.500000 3.500000 0.050000 0.000000 0.423061 0.500000 6.283185
4 0.500000 3.500000 0.050000 0.000000 0.423061 0.500000 6.283185
4 0.500000 3.500000 0.050000 0.000000 0.000000 0.000000 0.000000
4 0.500000 3.500000 0.050000 0.000000 0.423061 -0.500000 6.283185
4 0.500000 3.500000 0.050000 0.000000 0.423060 0.500000 6.283185
4 0.500000 3.500000 0.050000 0.000000 0.000000 0.000000 0.000000
4 0.500000 3.500000 0.050000 0.000000 0.423061 0.500000 6.283185
4 0.500000 3.500000 0.050000 0.000000 0.000000 0.339412 0.000000
4 0.500000 3.500000 0.050000 0.000000 0.000000 0.000000 0.000000
4 0.500000 3.500000 0.050000 0.000000 0.000000 0.000000 0.000000
4 0.500000 3.500000 0.050000 0.000000 0.000000 0.000000 0.000000
4 0.500000 3.500000 0.050000 0.000000 0.423061 -0.500000 6.283185
4 0.500000 3.500000 0.050000 0.000000 0.000000 0.000000 0.000000
4 0.500000 3.500000 0.050000 0.000000 0.423061 -0.500000 6.283185
4 0.500000 3.500000 0.050000 0.000000 0.000000 0.000000 0.000000
4 0.500000 3.500000 0.050000 0.000000 0.423061 -0.500000 6.283185
4 0.500000 3.500000 0.050000 0.000000 0.000000 0.000000 0.000000
4 0.500000 3.500000 0.050000 0.000000 0.000000 0.000000 0.000000
4 0.500000 3.500000 0.050000 0.000000 0.000000 0.000000 0.000000
4 0.500000 3.500000 0.050000 0.000000 0.423061 0.500000 6.283185
4 0.500000 3.500000 0.050000 0.000000 0.423061 0.500000 6.283185
4 0.500000 3.500000 0.050000 0.000000 0.423061 0.500000 6.283185
4 0.500000 3.500000 0.050000 0.000000 0.423061 -0.500000 6.283185
4 0.500000 3.500000 0.050000 0.000000 0.423061 0.500000 6.283185
4 0.500000 3.500000 0.050000 0.000000 0.423061 0.500000 6.283185
4 0.500000 3.500000 0.050000 0.000000 0.423061 0.500000 6.283185
4 0.500000 3.500000 0.050000 0.000000 0.423061 0.500000 6.283185
4 0.500000 3.500000 0.050000 0.000000 0.423060 0.500000 6.283185
4 0.500000 3.500000 0.050000 0.000000 0.423062 0.500000 6.283185
4 0.500000 3.500000 0.050000 0.000000 0.000000 0.000000 0.000000
4 0.500000 3.500000 0.050000 0.000000 0.423061 0.500000 6.283185
4 0.500000 3.500000 0.050000 0.000000 0.000000 0.000000 0.000000
4 0.500000 3.500000 0.050000 0.000000 0.000000 0.340671 0.000000
4 0.500000 3.500000 0.050000 0.000000 0.423060 0.500000 6.283185
4 0.500000 3.500000 0.050000 0.000000 0.423061 0.500000 6.283185
4 0.500000 3.500000 0.050000 0.000000 0.423061 -0.500000 6.283185
4 0.500000 3.500000 0.050000 0.000000 0.000000 0.000000 0.000000
4 0.500000 3.500000 0.050000 0.000000 0.000000 0.338042 0.000000
4 0.500000 3.500000 0.050000 0.000000 0.423060 -0.500000 6.283185
4 0.500000 3.500000 0.050000 0.000000 0.423060 0.500000 6.283185
4 0.500000 3.500000 0.050000 0.000000 0.000000 0.000000 0.000000
4 0.500000 3.500000 0.050000 0.000000 0.423061 0.500000 6.283185
4 0.500000 3.500000 0.050000 0.000000 0.000000 0.000000 0.000000
4 0.500000 3.500000 0.050000 0.000000 0.423060 0.500000 6.283185
4 0.500000 3.500000 0.050000 0.000000 0.423061 0.500000 6.283185
4 0.500000 3.500000 0.050000 0.000000 0.423061 0.500000 6.283185
4 0.500000 3.500000 0.050000 0.000000 0.423061 0.500000 6.283185
4 0.500000 3.500000 0.050000 0.000000 0.423061 -0.500000 6.283185
4 0.500000 3.500000 0.050000 0.000000 0.423061 0.500000 6.283185
4 0.500000 3.500000 0.050000 0.000000 0.000000 0.338384 0.000000
4 0.500000 3.500000 0.050000 0.000000 0.423061 0.500000 6.283185
4 0.500000 3.500000 0.050000 0.000000 0.423061 0.500000 6.283185
4 0.500000 3.500000 0.050000 0.000000 0.423060 0.500000 6.283185
4 0.500000 3.500000 0.050000 0.000000 0.423060 0.500000 6.283185
4 0.500000 3.500000 0.050000 0.000000 0.000000 0.000000 0.000000
4 0.500000 3.500000 0.050000 0.000000 0.000000 0.000000 0.000000
4 0.500000 3.500000 0.050000 0.000000 0.423061 0.500000 6.283185
4 0.500000 3.500000 0.050000 0.000000 0.423061 0.500000 6.283185
4 0.500000 3.500000 0.050000 0.000000 0.000000 0.000000 0.000000
4 0.500000 3.500000 0.050000 0.000000 0.000000 0.000000 0.000000
4 0.500000 3.500000 0.050000 0.000000 0.000000 0.000000 0.000000
4 0.500000 3.500000 0.050000 0.000000 0.423060 0.500000 6.283185
4 0.500000 3.500000 0.050000 0.000000 0.423060 0.500000 6.283185
4 0.500000 3.500000 0.050000 0.000000 0.000000 0.358125 0.000000
4 0.500000 3.500000 0.050000 0.000000 0.423061 0.500000 6.283185
4 0.500000 3.500000 0.050000 0.000000 0.423061 0.500000 6.283185
4 0.500000 3.500000 0.050000 0.000000 0.000000 0.000000 0.000000
4 0.500000 3.500000 0.050000 0.000000 0.423061 0.500000 6.283185
4 0.500000 3.500000 0.050000 0.000000 0.000000 0.000000 0.000000
4 0.500000 3.500000 0.050000 0.000000 0.423061 0.500000 6.283185
4 0.500000 3.500000 0.050000 0.000000 0.000000 0.000000 0.000000
4 0.500000 3.500000 0.050000 0.000000 0.423061 0.500000 6.283185
4 0.500000 3.500000 0.050000 0.000000 0.423061 0.500000 6.283185
4 0.500000 3.500000 0.050000 0.000000 0.423060 0.500000 6.283185
4 0.500000 3.500000 0.050000 0.000000 0.423061 0.500000 6.283185
4 0.500000 3.500000 0.050000 0.000000 0.000000 0.000000 0.000000
4 0.500000 3.500000 0.050000 0.000000 0.000000 0.000000 0.000000
4 0.500000 3.500000 0.050000 0.000000 0.000000 0.000000 0.000000
4 0.500000 3.500000 0.050000 0.000000 0.423061 0.500000 6.283185
4 0.500000 3.500000 0.050000 0.000000 0.000000 0.000000 0.000000
4 0.500000 3.500000 0.050000 0.000000 0.423060 0.500000 6.283185
4 0.500000 3.500000 0.050000 0.000000 0.423061 -0.500000 6.283185
4 0.500000 3.500000 0.050000 0.000000 0.423061 0.500000 6.283185
4 0.500000 3.500000 0.050000 0.000000 0.000000 0.000000 0.000000
4 0.500000 3.500000 0.050000 0.000000 0.423061 0.500000 6.283185
4 0.500000 3.500000 0.050000 0.000000 0.423061 0.500000 6.283185
4 0.500000 3.500000 0.050000 0.000000 0.423060 -0.500000 6.283185
4 0.500000 3.500000 0.050000 0.000000 0.423061 0.500000 6.283185
4 0.500000 3.500000 0.050000 0.000000 0.000000 0.000000 0.000000
4 0.500000 3.500000 0.050000 0.000000 0.000000 0.000000 0.000000
4 0.500000 3.500000 0.050000 0.000000 0.423061 0.500000 6.283185
4 0.500000 3.500000 0.050000 0.000000 0.000000 0.000000 0.000000
4 0.500000 3.500000 0.050000 0.000000 0.000000 0.000000 0.000000
4 0.500000 3.500000 0.050000 0.000000 0.000000 0.338801 0.000000
4 0.500000 3.500000 0.050000 0.000000 0.000000 0.338212 0.000000
4 0.500000 3.500000 0.050000 0.000000 0.423061 0.500000 6.283185
4 0.500000 3.500000 0.050000 0.000000 0.000000 0.000000 0.000000
4 0.500000 3.500000 0.050000 0.000000 0.000000 0.000000 0.000000
4 0.500000 3.500000 0.050000 0.000000 0.423060 0.500000 6.283185
4 0.500000 3.500000 0.050000 0.000000 0.423060 0.500000 6.283185
4 0.500000 3.500000 0.050000 0.000000 0.423061 0.500000 6.283185
4 0.500000 3.500000 0.050000 0.000000 0.423060 -0.500000 6.283185
4 0.500000 3.500000 0.050000 0.000000 0.000000 0.000000 0.000000
4 0.500000 3.500000 0.050000 0.000000 0.423060 0.500000 6.283185
4 0.500000 3.500000 0.050000 0.000000 0.423060 0.500000 6.283185
4 0.500000 3.500000 0.050000 0.000000 0.000000 0.000000 0.000000
4 0.500000 3.500000 0.050000 0.000000 0.423061 0.500000 6.283185
4 0.500000 3.500000 0.050000 0.000000 0.423061 0.500000 6.283185
4 0.500000 3.500000 0.050000 0.000000 0.423061 0.500000 6.283185
4 0.500000 3.500000 0.050000 0.000000 0.000000 0.000000 0.000000
4 0.500000 3.500000 0.050000 0.000000 0.423061 0.500000 6.283185
4 0.500000 3.500000 0.050000 0.000000 0.423061 0.500000 6.283185
4 0.500000 3.500000 0.050000 0.000000 0.423061 0.500000 6.283185
4 0.500000 3.500000 0.050000 0.000000 0.423061 0.500000 6.283185
4 0.500000 3.500000 0.050000 0.000000 0.000000 0.000000 0.000000
4 0.500000 3.500000 0.050000 0.000000 0.423061 0.500000 6.283185
4 0.500000 3.500000 0.050000 0.000000 0.423060 -0.500000 6.283185
4 0.500000 3.500000 0.050000 0.000000 0.000000 0.000000 0.000000
4 0.500000 3.500000 0.050000 0.000000 0.000000 0.000000 0.000000
4 0.500000 3.500000 0.050000 0.000000 0.423061 0.500000 6.283185
4 0.500000 3.500000 0.050000 0.000000 0.000000 0.000000 0.000000
4 0.500000 3.500000 0.050000 0.000000 0.000000 0.000000 0.000000
4 0.500000 3.500000 0.050000 0.000000 0.000000 0.337056 0.000000
4 0.500000 3.500000 0.050000 0.000000 0.000000 0.000000 0.000000
4 0.500000 3.500000 0.050000 0.000000 0.000000 0.000000 0.000000
4 0.500000 3.500000 0.050000 0.000000 0.423061 0.500000 6.283185
4 0.500000 3.500000 0.050000 0.000000 0.000000 0.000000 0.000000
4 0.500000 3.500000 0.050000 0.000000 0.000000 0.000000 0.000000
4 0.500000 3.500000 0.050000 0.000000 0.423061 0.500000 6.283185
4 0.500000 3.500000 0.050000 0.000000 0.423061 0.500000 6.283185
4 0.500000 3.500000 0.050000 0.000000 0.000000 0.340217 0.000000
4 0.500000 3.500000 0.050000 0.000000 0.000000 0.000000 0.000000
4 0.500000 3.500000 0.050000 0.000000 0.000000 0.341942 0.000000
4 0.500000 3.500000 0.050000 0.000000 0.423060 0.500000 6.283185
4 0.500000 3.500000 0.050000 0.000000 0.423061 0.500000 6.283185
4 0.500000 3.500000 0.050000 0.000000 0.423061 0.500000 6.283185
4 0.500000 3.500000 0.050000 0.000000 0.423061 0.500000 6.283185
4 0.500000 3.500000 0.050000 0.000000 0.423061 0.500000 6.283185
4 0.500000 3.500000 0.050000 0.000000 0.423060 0.500000 6.283185
4 0.500000 3.500000 0.050000 0.000000 0.000000 0.000000 0.000000
4 0.500000 3.500000 0.050000 0.000000 0.423061 0.500000 6.283185
4 0.500000 3.500000 0.050000 0.000000 0.423061 -0.500000 6.283185
4 0.500000 3.500000 0.050000 0.000000 0.000000 0.000000 0.000000
4 0.500000 3.500000 0.050000 0.000000 0.423061 0.500000 6.283185
4 0.500000 3.500000 0.050000 0.000000 0.000000 0.000000 0.000000
4 0.500000 3.500000 0.050000 0.000000 0.423061 0.500000 6.283185
4 0.500000 3.500000 0.050000 0.000000 0.423060 0.500000 6.283185
4 0.500000 3.500000 0.050000 0.000000 0.423061 -0.500000 6.283185
4 0.500000 3.500000 0.050000 0.000000 0.423061 0.500000 6.283185
4 0.500000 3.500000 0.050000 0.000000 0.000000 0.000000 0.000000
4 0.500000 3.500000 0.050000 0.000000 0.000000 0.000000 0.000000
4 0.500000 3.500000 0.050000 0.000000 0.000000 0.000000 0.000000
4 0.500000 3.500000 0.050000 0.000000 0.000000 0.338792 0.000000
4 0.500000 3.500000 0.050000 0.000000 0.423061 0.500000 6.283185
4 0.500000 3.500000 0.050000 0.000000 0.423061 0.500000 6.283185
4 0.500000 3.500000 0.050000 0.000000 0.000000 0.000000 0.000000
4 0.500000 3.500000 0.050000 0.000000 0.000000 0.000000 0.000000
4 0.500000 3.500000 0.050000 0.000000 0.423061 0.500000 6.283185
4 0.500000 3.500000 0.050000 0.000000 0.000000 0.000000 0.000000
4 0.500000 3.500000 0.050000 0.000000 0.423061 0.500000 6.283185
4 0.500000 3.500000 0.050000 0.000000 0.423061 0.500000 6.283185
4 0.500000 3.500000 0.050000 0.000000 0.000000 0.000000 0.000000
4 0.500000 3.500000 0.050000 0.000000 0.423061 0.500000 6.283185
4 0.500000 3.500000 0.050000 0.000000 0.000000 0.000000 0.000000
4 0.500000 3.500000 0.050000 0.000000 0.000000 0.000000 0.000000
4 0.500000 3.500000 0.050000 0.000000 0.423061 0.500000 6.283185
4 0.500000 3.500000 0.050000 0.000000 0.000000 0.000000 0.000000
4 0.500000 3.500000 0.050000 0.000000 0.423061 0.500000 6.283185
4 0.500000 3.500000 0.050000 0.000000 0.423061 -0.500000 6.283185
4 0.500000 3.500000 0.050000 0.000000 0.000000 0.000000 0.000000
4 0.500000 3.500000 0.050000 0.000000 0.000000 0.000000 0.000000
4 0.500000 3.500000 0.050000 0.000000 0.000000 0.000000 0.000000
4 0.500000 3.500000 0.050000 0.000000 0.423061 0.500000 6.283185
4 0.500000 3.500000 0.050000 0.000000 0.423061 0.500000 6.283185
4 0.500000 3.500000 0.050000 0.000000 0.423061 0.500000 6.283185
4 0.500000 3.500000 0.050000 0.000000 0.423061 0.500000 6.283185
4 0.500000 3.500000 0.050000 0.000000 0.423061 0.500000 6.283185
4 0.500000 3.500000 0.050000 0.000000 0.000000 0.000000 0.000000
4 0.500000 3.500000 0.050000 0.000000 0.423061 0.500000 6.283185
4 0.500000 3.500000 0.050000 0.000000 0.000000 0.000000 0.000000
4 0.500000 3.500000 0.050000 0.000000 0.000000 0.000000 0.000000
4 0.500000 3.500000 0.050000 0.000000 0.000000 0.000000 0.000000
4 0.500000 3.500000 0.050000 0.000000 0.000000 0.000000 0.000000
4 0.500000 3.500000 0.050000 0.000000 0.000000 0.000000 0.000000
4 0.500000 3.500000 0.050000 0.000000 0.000000 0.000000 0.000000
4 0.500000 3.500000 0.050000 0.000000 0.423061 -0.500000 6.283185
4 0.500000 3.500000 0.050000 0.000000 0.000000 0.000000 0.000000
4 0.500000 3.500000 0.050000 0.000000 0.000000 0.000000 0.000000
4 0.500000 3.500000 0.050000 0.000000 0.423061 0.500000 6.283185
4 0.500000 3.500000 0.050000 0.000000 0.423061 0.500000 6.283185
4 0.500000 3.500000 0.050000 0.000000 0.423061 0.500000 6.283185
4 0.500000 3.500000 0.050000 0.000000 0.000000 0.000000 0.000000
4 0.500000 3.500000 0.050000 0.000000 0.423061 0.500000 6.283185
4 0.500000 3.500000 0.050000 0.000000 0.423061 0.500000 6.283185
4 0.500000 3.500000 0.050000 0.000000 0.423061 -0.500000 6.283185
4 0.500000 3.500000 0.050000 0.000000 0.423060 0.500000 6.283185
4 0.500000 3.500000 0.050000 0.000000 0.423061 0.500000 6.283185
4 0.500000 3.500000 0.050000 0.000000 0.423061 -0.500000 6.283185
4 0.500000 3.500000 0.050000 0.000000 0.423061 0.500000 6.283185
4 0.500000 3.500000 0.050000 0.000000 0.423061 0.500000 6.283185
4 0.500000 3.500000 0.050000 0.000000 0.000000 0.000000 0.000000
4 0.500000 3.500000 0.050000 0.000000 0.000000 0.000000 0.000000
4 0.500000 3.500000 0.050000 0.000000 0.423061 0.500000 6.283185
4 0.500000 3.500000 0.050000 0.000000 0.000000 0.000000 0.000000
4 0.500000 3.500000 0.050000 0.000000 0.423060 0.500000 6.283185
4 0.500000 3.500000 0.050000 0.000000 0.423060 0.500000 6.283185
4 0.500000 3.500000 0.050000 0.000000 0.000000 0.000000 0.000000
4 0.500000 3.500000 0.050000 0.000000 0.000000 0.000000 0.000000
4 0.500000 3.500000 0.050000 0.000000 0.423061 0.500000 6.283185
4 0.500000 3.500000 0.050000 0.000000 0.423061 0.500000 6.283185
4 0.500000 3.500000 0.050000 0.000000 0.000000 0.000000 0.000000
4 0.500000 3.500000 0.050000 0.000000 0.423060 0.500000 6.283185
4 0.500000 3.500000 0.050000 0.000000 0.423061 0.500000 6.283185
4 0.500000 3.500000 0.050000 0.000000 0.423061 0.500000 6.283185
4 0.500000 3.500000 0.050000 0.000000 0.000000 0.000000 0.000000
4 0.500000 3.500000 0.050000 0.000000 0.423061 0.500000 6.283185
4 0.500000 3.500000 0.050000 0.000000 0.423061 0.500000 6.283185
4 0.500000 3.500000 0.050000 0.000000 0.423061 0.500000 6.283185
4 0.500000 3.500000 0.050000 0.000000 0.423061 0.500000 6.283185
4 0.500000 3.500000 0.050000 0.000000 0.423061 -0.500000 6.283185
4 0.500000 3.500000 0.050000 0.000000 0.423061 0.500000 6.283185
4 0.500000 3.500000 0.050000 0.000000 0.423061 -0.500000 6.283185
4 0.500000 3.500000 0.050000 0.000000 0.423061 0.500000 6.283185
4 0.500000 3.500000 0.050000 0.000000 0.423061 0.500000 6.283185
4 0.500000 3.500000 0.050000 0.000000 0.423061 0.500000 6.283185
4 0.500000 3.500000 0.050000 0.000000 0.423061 -0.500000 6.283185
4 0.500000 3.500000 0.050000 0.000000 0.423061 -0.500000 6.283185
4 0.500000 3.500000 0.050000 0.000000 0.423061 0.500000 6.283185
4 0.500000 3.500000 0.050000 0.000000 0.423061 0.500000 6.283185
4 0.500000 3.500000 0.050000 0.000000 0.423061 0.500000 6.283185
4 0.500000 3.500000 0.050000 0.000000 0.423061 0.500000 6.283185
4 0.500000 3.500000 0.050000 0.000000 0.423061 0.500000 6.283185
4 0.500000 3.500000 0.050000 0.000000 0.000000 0.000000 0.000000
4 0.500000 3.500000 0.050000 0.000000 0.423062 0.500000 6.283185
4 0.500000 3.500000 0.050000 0.000000 0.000000 0.000000 0.000000
4 0.500000 3.500000 0.050000 0.000000 0.423061 0.500000 6.283185
4 0.500000 3.500000 0.050000 0.000000 0.423061 -0.500000 6.283185
4 0.500000 3.500000 0.050000 0.000000 0.423061 0.500000 6.283185
4 0.500000 3.500000 0.050000 0.000000 0.000000 0.000000 0.000000
4 0.500000 3.500000 0.050000 0.000000 0.000000 0.000000 0.000000
4 0.500000 3.500000 0.050000 0.000000 0.000000 -0.358358 0.000000
4 0.500000 3.500000 0.050000 0.000000 0.000000 0.000000 0.000000
4 0.500000 3.500000 0.050000 0.000000 0.423061 0.500000 6.283185
4 0.500000 3.500000 0.050000 0.000000 0.423061 -0.500000 6.283185
4 0.500000 3.500000 0.050000 0.000000 0.423061 0.500000 6.283185
4 0.500000 3.500000 0.050000 0.000000 0.423061 0.500000 6.283185
4 0.500000 3.500000 0.050000 0.000000 0.423061 0.500000 6.283185
4 0.500000 3.500000 0.050000 0.000000 0.423061 -0.500000 6.283185
4 0.500000 3.500000 0.050000 0.000000 0.423061 0.500000 6.283185
4 0.500000 3.500000 0.050000 0.000000 0.000000 0.000000 0.000000
4 0.500000 3.500000 0.050000 0.000000 0.000000 0.000000 0.000000
4 0.500000 3.500000 0.050000 0.000000 0.423061 0.500000 6.283185
4 0.500000 3.500000 0.050000 0.000000 0.423060 0.500000 6.283185
4 0.500000 3.500000 0.050000 0.000000 0.423061 0.500000 6.283185
4 0.500000 3.500000 0.050000 0.000000 0.000000 0.000000 0.000000
4 0.500000 3.500000 0.050000 0.000000 0.423060 0.500000 6.283185
4 0.500000 3.500000 0.050000 0.000000 0.423061 -0.500000 6.283185
4 0.500000 3.500000 0.050000 0.000000 0.000000 -0.341564 0.000000
4 0.500000 3.500000 0.050000 0.000000 0.423060 0.500000 6.283185
4 0.500000 3.500000 0.050000 0.000000 0.423061 0.500000 6.283185
4 0.500000 3.500000 0.050000 0.000000 0.423061 0.500000 6.283185
4 0.500000 3.500000 0.050000 0.000000 0.000000 0.000000 0.000000
4 0.500000 3.500000 0.050000 0.000000 0.423061 0.500000 6.283185
4 0.500000 3.500000 0.050000 0.000000 0.000000 0.341488 0.000000
4 0.500000 3.500000 0.050000 0.000000 0.423061 0.500000 6.283185
4 0.500000 3.500000 0.050000 0.000000 0.000000 0.000000 0.000000
4 0.500000 3.500000 0.050000 0.000000 0.423060 0.500000 6.283185
4 0.500000 3.500000 0.050000 0.000000 0.423061 -0.500000 6.283185
4 0.500000 3.500000 0.050000 0.000000 0.423060 0.500000 6.283185
4 0.500000 3.500000 0.050000 0.000000 0.000000 0.000000 0.000000
4 0.500000 3.500000 0.050000 0.000000 0.423061 0.500000 6.283185
4 0.500000 3.500000 0.050000 0.000000 0.423061 0.500000 6.283185
4 0.500000 3.500000 0.050000 0.000000 0.000000 0.338235 0.000000
4 0.500000 3.500000 0.050000 0.000000 0.000000 0.000000 0.000000
4 0.500000 3.500000 0.050000 0.000000 0.000000 0.000000 0.000000
4 0.500000 3.500000 0.050000 0.000000 0.423061 0.500000 6.283185
4 0.500000 3.500000 0.050000 0.000000 0.000000 0.000000 0.000000
4 0.500000 3.500000 0.050000 0.000000 0.423060 -0.500000 6.283185
4 0.500000 3.500000 0.050000 0.000000 0.000000 0.000000 0.000000
4 0.500000 3.500000 0.050000 0.000000 0.423061 0.500000 6.283185
4 0.500000 3.500000 0.050000 0.000000 0.423061 -0.500000 6.283185
4 0.500000 3.500000 0.050000 0.000000 0.423061 -0.500000 6.283185
4 0.500000 3.500000 0.050000 0.000000 0.000000 -0.340816 0.000000
4 0.500000 3.500000 0.050000 0.000000 0.000000 0.000000 0.000000
4 0.500000 3.500000 0.050000 0.000000 0.423061 0.500000 6.283185
4 0.500000 3.500000 0.050000 0.000000 0.000000 0.000000 0.000000
4 0.500000 3.500000 0.050000 0.000000 0.423061 0.500000 6.283185
4 0.500000 3.500000 0.050000 0.000000 0.423061 0.500000 6.283185
4 0.500000 3.500000 0.050000 0.000000 0.423061 0.500000 6.283185
4 0.500000 3.500000 0.050000 0.000000 0.423060 0.500000 6.283185
4 0.500000 3.500000 0.050000 0.000000 0.423061 0.500000 6.283185
4 0.500000 3.500000 0.050000 0.000000 0.423061 0.500000 6.283185
4 0.500000 3.500000 0.050000 0.000000 0.000000 0.000000 0.000000
4 0.500000 3.500000 0.050000 0.000000 0.000000 0.000000 0.000000
4 0.500000 3.500000 0.050000 0.000000 0.423061 0.500000 6.283185
4 0.500000 3.500000 0.050000 0.000000 0.000000 0.000000 0.000000
4 0.500000 3.500000 0.050000 0.000000 0.423061 0.500000 6.283185
4 0.500000 3.500000 0.050000 0.000000 0.423061 0.500000 6.283185
4 0.500000 3.500000 0.050000 0.000000 0.423061 0.500000 6.283185
4 0.500000 3.500000 0.050000 0.000000 0.000000 0.000000 0.000000
4 0.500000 3.500000 0.050000 0.000000 0.423061 0.500000 6.283185
4 0.500000 3.500000 0.050000 0.000000 0.000000 0.000000 0.000000
4 0.500000 3.500000 0.050000 0.000000 0.000000 0.000000 0.000000
4 0.500000 3.500000 0.050000 0.000000 0.423061 0.500000 6.283185
4 0.500000 3.500000 0.050000 0.000000 0.423060 -0.500000 6.283185
4 0.500000 3.500000 0.050000 0.000000 0.423061 0.500000 6.283185
4 0.500000 3.500000 0.050000 0.000000 0.423061 0.500000 6.283185
4 0.500000 3.500000 0.050000 0.000000 0.423060 0.500000 6.283185
4 0.500000 3.500000 0.050000 0.000000 0.000000 0.000000 0.000000
4 0.500000 3.500000 0.050000 0.000000 0.423061 -0.500000 6.283185
4 0.500000 3.500000 0.050000 0.000000 0.423061 0.500000 6.283185
4 0.500000 3.500000 0.050000 0.000000 0.423061 0.500000 6.283185
4 0.500000 3.500000 0.050000 0.000000 0.423061 0.500000 6.283185
4 0.500000 3.500000 0.050000 0.000000 0.000000 0.000000 0.000000
4 0.500000 3.500000 0.050000 0.000000 0.000000 0.000000 0.000000
4 0.500000 3.500000 0.050000 0.000000 0.423061 0.500000 6.283185
4 0.500000 3.500000 0.050000 0.000000 0.423061 0.500000 6.283185
4 0.500000 3.500000 0.050000 0.000000 0.000000 0.000000 0.000000
4 0.500000 3.500000 0.050000 0.000000 0.000000 0.000000 0.000000
4 0.500000 3.500000 0.050000 0.000000 0.000000 0.000000 0.000000
4 0.500000 3.500000 0.050000 0.000000 0.423061 -0.500000 6.283185
4 0.500000 3.500000 0.050000 0.000000 0.423061 0.500000 6.283185
4 0.500000 3.500000 0.050000 0.000000 0.423061 0.500000 6.283185
4 0.500000 3.500000 0.050000 0.000000 0.000000 0.000000 0.000000
4 0.500000 3.500000 0.050000 0.000000 0.423061 -0.500000 6.283185
4 0.500000 3.500000 0.050000 0.000000 0.423060 0.500000 6.283185
4 0.500000 3.500000 0.050000 0.000000 0.423061 0.500000 6.283185
4 0.500000 3.500000 0.050000 0.000000 0.423061 0.500000 6.283185
4 0.500000 3.500000 0.050000 0.000000 0.000000 0.000000 0.000000
4 0.500000 3.500000 0.050000 0.000000 0.423061 0.500000 6.283185
4 0.500000 3.500000 0.050000 0.000000 0.000000 -0.337079 0.000000
4 0.500000 3.500000 0.050000 0.000000 0.423061 0.500000 6.283185
4 0.500000 3.500000 0.050000 0.000000 0.000000 0.000000 0.000000
4 0.500000 3.500000 0.050000 0.000000 0.423060 -0.500000 6.283185
4 0.500000 3.500000 0.050000 0.000000 0.423061 0.500000 6.283185
4 0.500000 3.500000 0.050000 0.000000 0.423061 0.500000 6.283185
4 0.500000 3.500000 0.050000 0.000000 0.423061 0.500000 6.283185
4 0.500000 3.500000 0.050000 0.000000 0.423061 0.500000 6.283185
4 0.500000 3.500000 0.050000 0.000000 0.423061 0.500000 6.283185
4 0.500000 3.500000 0.050000 0.000000 0.000000 0.000000 0.000000
4 0.500000 3.500000 0.050000 0.000000 0.423061 0.500000 6.283185
4 0.500000 3.500000 0.050000 0.000000 0.000000 0.000000 0.000000
4 0.500000 3.500000 0.050000 0.000000 0.000000 0.000000 0.000000
4 0.500000 3.500000 0.050000 0.000000 0.000000 0.000000 0.000000
4 0.500000 3.500000 0.050000 0.000000 0.423061 0.500000 6.283185
4 0.500000 3.500000 0.050000 0.000000 0.423060 0.500000 6.283185
4 0.500000 3.500000 0.050000 0.000000 0.000000 0.000000 0.000000
4 0.500000 3.500000 0.050000 0.000000 0.423061 0.500000 6.283185
4 0.500000 3.500000 0.050000 0.000000 0.423061 0.500000 6.283185
4 0.500000 3.500000 0.050000 0.000000 0.423061 0.500000 6.283185
4 0.500000 3.500000 0.050000 0.000000 0.423061 -0.500000 6.283185
4 0.500000 3.500000 0.050000 0.000000 0.000000 0.000000 0.000000
4 0.500000 3.500000 0.050000 0.000000 0.000000 0.000000 0.000000
4 0.500000 3.500000 0.050000 0.000000 0.000000 0.000000 0.000000
4 0.500000 3.500000 0.050000 0.000000 0.000000 0.000000 0.000000
4 0.500000 3.500000 0.050000 0.000000 0.423061 0.500000 6.283185
4 0.500000 3.500000 0.050000 0.000000 0.423061 0.500000 6.283185
4 0.500000 3.500000 0.050000 0.000000 0.423061 0.500000 6.283185
4 0.500000 3.500000 0.050000 0.000000 0.423061 0.500000 6.283185
4 0.500000 3.500000 0.050000 0.000000 0.423061 0.500000 6.283185
4 0.500000 3.500000 0.050000 0.000000 0.000000 0.000000 0.000000
4 0.500000 3.500000 0.050000 0.000000 0.000000 0.000000 0.000000
4 0.500000 3.500000 0.050000 0.000000 0.423061 0.500000 6.283185
4 0.500000 3.500000 0.050000 0.000000 0.000000 0.000000 0.000000
4 0.500000 3.500000 0.050000 0.000000 0.423061 0.500000 6.283185
4 0.500000 3.500000 0.050000 0.000000 0.000000 0.000000 0.000000
4 0.500000 3.500000 0.050000 0.000000 0.000000 -0.338100 0.000000
4 0.500000 3.500000 0.050000 0.000000 0.423061 0.500000 6.283185
4 0.500000 3.500000 0.050000 0.000000 0.000000 0.000000 0.000000
4 0.500000 3.500000 0.050000 0.000000 0.423061 0.500000 6.283185
4 0.500000 3.500000 0.050000 0.000000 0.423061 -0.500000 6.283185
4 0.500000 3.500000 0.050000 0.000000 0.423061 0.500000 6.283185
4 0.500000 3.500000 0.050000 0.000000 0.423061 0.500000 6.283185
4 0.500000 3.500000 0.050000 0.000000 0.000000 0.000000 0.000000
4 0.500000 3.500000 0.050000 0.000000 0.000000 0.000000 0.000000
4 0.500000 3.500000 0.050000 0.000000 0.000000 0.000000 0.000000
4 0.500000 3.500000 0.050000 0.000000 0.423061 -0.500000 6.283185
4 0.500000 3.500000 0.050000 0.000000 0.423061 -0.500000 6.283185
4 0.500000 3.500000 0.050000 0.000000 0.423061 0.500000 6.283185
4 0.500000 3.500000 0.050000 0.000000 0.423061 -0.500000 6.283185
4 0.500000 3.500000 0.050000 0.000000 0.423061 0.500000 6.283185
4 0.500000 3.500000 0.050000 0.000000 0.000000 0.000000 0.000000
4 0.500000 3.500000 0.050000 0.000000 0.000000 0.000000 0.000000
4 0.500000 3.500000 0.050000 0.000000 0.423061 0.500000 6.283185
4 0.500000 3.500000 0.050000 0.000000 0.000000 0.339139 0.000000
4 0.500000 3.500000 0.050000 0.000000 0.000000 0.000000 0.000000
4 0.500000 3.500000 0.050000 0.000000 0.000000 0.339051 0.000000
4 0.500000 3.500000 0.050000 0.000000 0.423061 0.500000 6.283185
4 0.500000 3.500000 0.050000 0.000000 0.000000 0.000000 0.000000
4 0.500000 3.500000 0.050000 0.000000 0.423061 0.500000 6.283185
4 0.500000 3.500000 0.050000 0.000000 0.423061 0.500000 6.283185
4 0.500000 3.500000 0.050000 0.000000 0.423061 0.500000 6.283185
4 0.500000 3.500000 0.050000 0.000000 0.423061 0.500000 6.283185
4 0.500000 3.500000 0.050000 0.000000 0.423061 0.500000 6.283185
4 0.500000 3.500000 0.050000 0.000000 0.000000 0.000000 0.000000
4 0.500000 3.500000 0.050000 0.000000 0.423061 0.500000 6.283185
4 0.500000 3.500000 0.050000 0.000000 0.423061 0.500000 6.283185
4 0.500000 3.500000 0.050000 0.000000 0.000000 0.000000 0.000000
4 0.500000 3.500000 0.050000 0.000000 0.000000 0.000000 0.000000
4 0.500000 3.500000 0.050000 0.000000 0.423061 -0.500000 6.283185
4 0.500000 3.500000 0.050000 0.000000 0.423061 -0.500000 6.283185
4 0.500000 3.500000 0.050000 0.000000 0.423061 0.500000 6.283185
4 0.500000 3.500000 0.050000 0.000000 0.000000 0.000000 0.000000
4 0.500000 3.500000 0.050000 0.000000 0.423060 0.500000 6.283185
4 0.500000 3.500000 0.050000 0.000000 0.000000 0.000000 0.000000
4 0.500000 3.500000 0.050000 0.000000 0.423060 0.500000 6.283185
4 0.500000 3.500000 0.050000 0.000000 0.423061 0.500000 6.283185
4 0.500000 3.500000 0.050000 0.000000 0.000000 0.000000 0.000000
4 0.500000 3.500000 0.050000 0.000000 0.423061 -0.500000 6.283185
4 0.500000 3.500000 0.050000 0.000000 0.000000 0.340862 0.000000
4 0.500000 3.500000 0.050000 0.000000 0.423061 0.500000 6.283185
4 0.500000 3.500000 0.050000 0.000000 0.000000 0.000000 0.000000
4 0.500000 3.500000 0.050000 0.000000 0.000000 0.000000 0.000000
4 0.500000 3.500000 0.050000 0.000000 0.000000 0.000000 0.000000
4 0.500000 3.500000 0.050000 0.000000 0.423061 0.500000 6.283185
4 0.500000 3.500000 0.050000 0.000000 0.423061 0.500000 6.283185
4 0.500000 3.500000 0.050000 0.000000 0.423061 0.500000 6.283185
4 0.500000 3.500000 0.050000 0.000000 0.000000 0.000000 0.000000
4 0.500000 3.500000 0.050000 0.000000 0.000000 -0.701870 0.000000
4 0.500000 3.500000 0.050000 0.000000 0.423060 0.500000 6.283185
4 0.500000 3.500000 0.050000 0.000000 0.423061 0.500000 6.283185
4 0.500000 3.500000 0.050000 0.000000 0.423061 0.500000 6.283185
4 0.500000 3.500000 0.050000 0.000000 0.423061 0.500000 6.283185
4 0.500000 3.500000 0.050000 0.000000 0.423061 -0.500000 6.283185
4 0.500000 3.500000 0.050000 0.000000 0.423061 -0.500000 6.283185
4 0.500000 3.500000 0.050000 0.000000 0.423060 -0.500000 6.283185
4 0.500000 3.500000 0.050000 0.000000 0.000000 0.000000 0.000000
4 0.500000 3.500000 0.050000 0.000000 0.423061 -0.500000 6.283185
4 0.500000 3.500000 0.050000 0.000000 0.423060 0.500000 6.283185
4 0.500000 3.500000 0.050000 0.000000 0.000000 0.338042 0.000000
4 0.500000 3.500000 0.050000 0.000000 0.423061 0.500000 6.283185
4 0.500000 3.500000 0.050000 0.000000 0.423061 0.500000 6.283185
4 0.500000 3.500000 0.050000 0.000000 0.423060 -0.500000 6.283185
4 0.500000 3.500000 0.050000 0.000000 0.423061 0.500000 6.283185
4 0.500000 3.500000 0.050000 0.000000 0.423060 0.500000 6.283185
4 0.500000 3.500000 0.050000 0.000000 0.423061 -0.500000 6.283185
4 0.500000 3.500000 0.050000 0.000000 0.423061 -0.500000 6.283185
4 0.500000 3.500000 0.050000 0.000000 0.000000 0.341053 0.000000
4 0.500000 3.500000 0.050000 0.000000 0.000000 0.000000 0.000000
4 0.500000 3.500000 0.050000 0.000000 0.423061 0.500000 6.283185
4 0.500000 3.500000 0.050000 0.000000 0.423061 0.500000 6.283185
4 0.500000 3.500000 0.050000 0.000000 0.423061 -0.500000 6.283185
4 0.500000 3.500000 0.050000 0.000000 0.423061 0.500000 6.283185
4 0.500000 3.500000 0.050000 0.000000 0.423061 0.500000 6.283185
4 0.500000 3.500000 0.050000 0.000000 0.423060 -0.500000 6.283185
4 0.500000 3.500000 0.050000 0.000000 0.000000 0.000000 0.000000
4 0.500000 3.500000 0.050000 0.000000 0.000000 0.000000 0.000000
4 0.500000 3.500000 0.050000 0.000000 0.000000 0.000000 0.000000
4 0.500000 3.500000 0.050000 0.000000 0.423061 0.500000 6.283185
4 0.500000 3.500000 0.050000 0.000000 0.423061 0.500000 6.283185
4 0.500000 3.500000 0.050000 0.000000 0.423062 0.500000 6.283185
4 0.500000 3.500000 0.050000 0.000000 0.423061 -0.500000 6.283185
4 0.500000 3.500000 0.050000 0.000000 0.000000 0.000000 0.000000
4 0.500000 3.500000 0.050000 0.000000 0.423061 0.500000 6.283185
4 0.500000 3.500000 0.050000 0.000000 0.423061 0.500000 6.283185
4 0.500000 3.500000 0.050000 0.000000 0.423061 0.500000 6.283185
4 0.500000 3.500000 0.050000 0.000000 0.000000 0.338220 0.000000
4 0.500000 3.500000 0.050000 0.000000 0.000000 0.000000 0.000000
4 0.500000 3.500000 0.050000 0.000000 0.423061 -0.500000 6.283185
4 0.500000 3.500000 0.050000 0.000000 0.423061 -0.500000 6.283185
4 0.500000 3.500000 0.050000 0.000000 0.423061 0.500000 6.283185
4 0.500000 3.500000 0.050000 0.000000 0.000000 0.000000 0.000000
4 0.500000 3.500000 0.050000 0.000000 0.423061 0.500000 6.283185
4 0.500000 3.500000 0.050000 0.000000 0.423060 0.500000 6.283185
4 0.500000 3.500000 0.050000 0.000000 0.423060 -0.500000 6.283185
4 0.500000 3.500000 0.050000 0.000000 0.000000 0.000000 0.000000
4 0.500000 3.500000 0.050000 0.000000 0.000000 0.000000 0.000000
4 0.500000 3.500000 0.050000 0.000000 0.423061 0.500000 6.283185
4 0.500000 3.500000 0.050000 0.000000 0.000000 0.000000 0.000000
4 0.500000 3.500000 0.050000 0.000000 0.423061 0.500000 6.283185
4 0.500000 3.500000 0.050000 0.000000 0.000000 0.000000 0.000000
4 0.500000 3.500000 0.050000 0.000000 0.423061 -0.500000 6.283185
4 0.500000 3.500000 0.050000 0.000000 0.423060 0.500000 6.283185
4 0.500000 3.500000 0.050000 0.000000 0.000000 0.000000 0.000000
4 0.500000 3.500000 0.050000 0.000000 0.423061 0.500000 6.283185
4 0.500000 3.500000 0.050000 0.000000 0.423061 0.500000 6.283185
4 0.500000 3.500000 0.050000 0.000000 0.000000 0.000000 0.000000
4 0.500000 3.500000 0.050000 0.000000 0.423061 0.500000 6.283185
4 0.500000 3.500000 0.050000 0.000000 0.423061 0.500000 6.283185
4 0.500000 3.500000 0.050000 0.000000 0.423061 0.500000 6.283185
4 0.500000 3.500000 0.050000 0.000000 0.423061 0.500000 6.283185
4 0.500000 3.500000 0.050000 0.000000 0.423061 0.500000 6.283185
4 0.500000 3.500000 0.050000 0.000000 0.000000 0.000000 0.000000
4 0.500000 3.500000 0.050000 0.000000 0.423061 0.500000 6.283185
4 0.500000 3.500000 0.050000 0.000000 0.423061 0.500000 6.283185
4 0.500000 3.500000 0.050000 0.000000 0.423061 -0.500000 6.283185
4 0.500000 3.500000 0.050000 0.000000 0.423061 -0.500000 6.283185
4 0.500000 3.500000 0.050000 0.000000 0.423060 0.500000 6.283185
4 0.500000 3.500000 0.050000 0.000000 0.423061 -0.500000 6.283185
4 0.500000 3.500000 0.050000 0.000000 0.423061 0.500000 6.283185
4 0.500000 3.500000 0.050000 0.000000 0.423061 0.500000 6.283185
4 0.500000 3.500000 0.050000 0.000000 0.423060 -0.500000 6.283185
4 0.500000 3.500000 0.050000 0.000000 0.423061 0.500000 6.283185
4 0.500000 3.500000 0.050000 0.000000 0.423061 0.500000 6.283185
4 0.500000 3.500000 0.050000 0.000000 0.000000 0.000000 0.000000
4 0.500000 3.500000 0.050000 0.000000 0.423061 0.500000 6.283185
4 0.500000 3.500000 0.050000 0.000000 0.423060 0.500000 6.283185
4 0.500000 3.500000 0.050000 0.000000 0.423061 -0.500000 6.283185
4 0.500000 3.500000 0.050000 0.000000 0.423061 -0.500000 6.283185
4 0.500000 3.500000 0.050000 0.000000 0.423061 0.500000 6.283185
4 0.500000 3.500000 0.050000 0.000000 0.423061 0.500000 6.283185
4 0.500000 3.500000 0.050000 0.000000 0.423061 -0.500000 6.283185
4 0.500000 3.500000 0.050000 0.000000 0.423060 0.500000 6.283185
4 0.500000 3.500000 0.050000 0.000000 0.000000 0.000000 0.000000
4 0.500000 3.500000 0.050000 0.000000 0.000000 0.000000 0.000000
4 0.500000 3.500000 0.050000 0.000000 0.423060 0.500000 6.283185
4 0.500000 3.500000 0.050000 0.000000 0.423060 0.500000 6.283185
4 0.500000 3.500000 0.050000 0.000000 0.000000 0.000000 0.000000
4 0.500000 3.500000 0.050000 0.000000 0.423061 0.500000 6.283185
4 0.500000 3.500000 0.050000 0.000000 0.000000 0.339440 0.000000
4 0.500000 3.500000 0.050000 0.000000 0.000000 0.000000 0.000000
4 0.500000 3.500000 0.050000 0.000000 0.000000 0.337526 0.000000
4 0.500000 3.500000 0.050000 0.000000 0.000000 0.000000 0.000000
4 0.500000 3.500000 0.050000 0.000000 0.423061 0.500000 6.283185
4 0.500000 3.500000 0.050000 0.000000 0.423061 0.500000 6.283185
4 0.500000 3.500000 0.050000 0.000000 0.000000 0.309309 0.000000
4 0.500000 3.500000 0.050000 0.000000 0.423061 0.500000 6.283185
4 0.500000 3.500000 0.050000 0.000000 0.000000 0.000000 0.000000
4 0.500000 3.500000 0.050000 0.000000 0.000000 0.000000 0.000000
4 0.500000 3.500000 0.050000 0.000000 0.423060 0.500000 6.283185
4 0.500000 3.500000 0.050000 0.000000 0.423061 -0.500000 6.283185
4 0.500000 3.500000 0.050000 0.000000 0.423060 -0.500000 6.283185
4 0.500000 3.500000 0.050000 0.000000 0.000000 0.000000 0.000000
4 0.500000 3.500000 0.050000 0.000000 0.000000 0.000000 0.000000
4 0.500000 3.500000 0.050000 0.000000 0.423061 0.500000 6.283185
4 0.500000 3.500000 0.050000 0.000000 0.000000 0.000000 0.000000
4 0.500000 3.500000 0.050000 0.000000 0.000000 0.000000 0.000000
4 0.500000 3.500000 0.050000 0.000000 0.000000 0.000000 0.000000
4 0.500000 3.500000 0.050000 0.000000 0.423060 -0.500000 6.283185
4 0.500000 3.500000 0.050000 0.000000 0.423061 0.500000 6.283185
4 0.500000 3.500000 0.050000 0.000000 0.423061 0.500000 6.283185
4 0.500000 3.500000 0.050000 0.000000 0.423061 0.500000 6.283185
4 0.500000 3.500000 0.050000 0.000000 0.000000 0.000000 0.000000
4 0.500000 3.500000 0.050000 0.000000 0.423061 0.500000 6.283185
4 0.500000 3.500000 0.050000 0.000000 0.000000 0.000000 0.000000
4 0.500000 3.500000 0.050000 0.000000 0.000000 -0.337417 0.000000
4 0.500000 3.500000 0.050000 0.000000 0.000000 0.000000 0.000000
4 0.500000 3.500000 0.050000 0.000000 0.000000 0.338493 0.000000
4 0.500000 3.500000 0.050000 0.000000 0.423061 0.500000 6.283185
4 0.500000 3.500000 0.050000 0.000000 0.000000 -0.422432 0.000000
4 0.500000 3.500000 0.050000 0.000000 0.000000 0.000000 0.000000
4 0.500000 3.500000 0.050000 0.000000 0.423060 0.500000 6.283185
4 0.500000 3.500000 0.050000 0.000000 0.000000 0.000000 0.000000
4 0.500000 3.500000 0.050000 0.000000 0.423060 -0.500000 6.283185
4 0.500000 3.500000 0.050000 0.000000 0.423061 0.500000 6.283185
4 0.500000 3.500000 0.050000 0.000000 0.423061 -0.500000 6.283185
4 0.500000 3.500000 0.050000 0.000000 0.000000 0.000000 0.000000
4 0.500000 3.500000 0.050000 0.000000 0.000000 0.000000 0.000000
4 0.500000 3.500000 0.050000 0.000000 0.423061 -0.500000 6.283185
4 0.500000 3.500000 0.050000 0.000000 0.423060 -0.500000 6.283185
4 0.500000 3.500000 0.050000 0.000000 0.000000 0.000000 0.000000
4 0.500000 3.500000 0.050000 0.000000 0.000000 0.338477 0.000000
4 0.500000 3.500000 0.050000 0.000000 0.423061 0.500000 6.283185
4 0.500000 3.500000 0.050000 0.000000 0.423060 0.500000 6.283185
4 0.500000 3.500000 0.050000 0.000000 0.000000 0.000000 0.000000
4 0.500000 3.500000 0.050000 0.000000 0.423061 0.500000 6.283185
4 0.500000 3.500000 0.050000 0.000000 0.000000 0.000000 0.000000
4 0.500000 3.500000 0.050000 0.000000 0.000000 0.000000 0.000000
4 0.500000 3.500000 0.050000 0.000000 0.423061 -0.500000 6.283185
4 0.500000 3.500000 0.050000 0.000000 0.000000 0.000000 0.000000
4 0.500000 3.500000 0.050000 0.000000 0.423061 0.500000 6.283185
4 0.500000 3.500000 0.050000 0.000000 0.423061 -0.500000 6.283185
4 0.500000 3.500000 0.050000 0.000000 0.423061 0.500000 6.283185
4 0.500000 3.500000 0.050000 0.000000 0.423061 -0.500000 6.283185
4 0.500000 3.500000 0.050000 0.000000 0.000000 0.000000 0.000000
4 0.500000 3.500000 0.050000 0.000000 0.423060 0.500000 6.283185
4 0.500000 3.500000 0.050000 0.000000 0.000000 0.000000 0.000000
4 0.500000 3.500000 0.050000 0.000000 0.000000 -0.338930 0.000000
4 0.500000 3.500000 0.050000 0.000000 0.000000 0.000000 0.000000
4 0.500000 3.500000 0.050000 0.000000 0.423061 0.500000 6.283185
4 0.500000 3.500000 0.050000 0.000000 0.000000 0.000000 0.000000
4 0.500000 3.500000 0.050000 0.000000 0.423061 0.500000 6.283185
4 0.500000 3.500000 0.050000 0.000000 0.000000 0.000000 0.000000
4 0.500000 3.500000 0.050000 0.000000 0.423061 -0.500000 6.283185
4 0.500000 3.500000 0.050000 0.000000 0.000000 0.000000 0.000000
4 0.500000 3.500000 0.050000 0.000000 0.000000 0.000000 0.000000
4 0.500000 3.500000 0.050000 0.000000 0.423060 0.500000 6.283185
4 0.500000 3.500000 0.050000 0.000000 0.423061 0.500000 6.283185
4 0.500000 3.500000 0.050000 0.000000 0.423061 0.500000 6.283185
4 0.500000 3.500000 0.050000 0.000000 0.423061 0.500000 6.283185
4 0.500000 3.500000 0.050000 0.000000 0.423061 -0.500000 6.283185
4 0.500000 3.500000 0.050000 0.000000 0.000000 0.000000 0.000000
4 0.500000 3.500000 0.050000 0.000000 0.423061 -0.500000 6.283185
4 0.500000 3.500000 0.050000 0.000000 0.000000 0.000000 0.000000
4 0.500000 3.500000 0.050000 0.000000 0.423061 0.500000 6.283185
4 0.500000 3.500000 0.050000 0.000000 0.000000 0.000000 0.000000
4 0.500000 3.500000 0.050000 0.000000 0.000000 0.000000 0.000000
4 0.500000 3.500000 0.050000 0.000000 0.000000 0.000000 0.000000
4 0.500000 3.500000 0.050000 0.000000 0.423060 0.500000 6.283185
4 0.500000 3.500000 0.050000 0.000000 0.000000 0.000000 0.000000
4 0.500000 3.500000 0.050000 0.000000 0.423061 0.500000 6.283185
4 0.500000 3.500000 0.050000 0.000000 0.423061 0.500000 6.283185
4 0.500000 3.500000 0.050000 0.000000 0.423061 -0.500000 6.283185
4 0.500000 3.500000 0.050000 0.000000 0.000000 0.000000 0.000000
4 0.500000 3.500000 0.050000 0.000000 0.423061 0.500000 6.283185
4 0.500000 3.500000 0.050000 0.000000 0.423061 -0.500000 6.283185
4 0.500000 3.500000 0.050000 0.000000 0.423061 0.500000 6.283185
4 0.500000 3.500000 0.050000 0.000000 0.000000 0.000000 0.000000
4 0.500000 3.500000 0.050000 0.000000 0.000000 0.000000 0.000000
4 0.500000 3.500000 0.050000 0.000000 0.423061 0.500000 6.283185
4 0.500000 3.500000 0.050000 0.000000 0.423061 0.500000 6.283185
4 0.500000 3.500000 0.050000 0.000000 0.423061 0.500000 6.283185
4 0.500000 3.500000 0.050000 0.000000 0.423061 0.500000 6.283185
4 0.500000 3.500000 0.050000 0.000000 0.000000 0.000000 0.000000
4 0.500000 3.500000 0.050000 0.000000 0.423060 0.500000 6.283185
4 0.500000 3.500000 0.050000 0.000000 0.423061 0.500000 6.283185
4 0.500000 3.500000 0.050000 0.000000 0.423061 -0.500000 6.283185
4 0.500000 3.500000 0.050000 0.000000 0.423060 0.500000 6.283185
4 0.500000 3.500000 0.050000 0.000000 0.423061 0.500000 6.283185
4 0.500000 3.500000 0.050000 0.000000 0.000000 0.000000 0.000000
4 0.500000 3.500000 0.050000 0.000000 0.000000 0.000000 0.000000
4 0.500000 3.500000 0.050000 0.000000 0.000000 0.000000 0.000000
4 0.500000 3.500000 0.050000 0.000000 0.423061 0.500000 6.283185
4 0.500000 3.500000 0.050000 0.000000 0.423061 0.500000 6.283185
4 0.500000 3.500000 0.050000 0.000000 0.000000 0.000000 0.000000
4 0.500000 3.500000 0.050000 0.000000 0.000000 0.000000 0.000000
4 0.500000 3.500000 0.050000 0.000000 0.000000 0.000000 0.000000
4 0.500000 3.500000 0.050000 0.000000 0.000000 0.000000 0.000000
4 0.500000 3.500000 0.050000 0.000000 0.423061 0.500000 6.283185
4 0.500000 3.500000 0.050000 0.000000 0.423061 0.500000 6.283185
4 0.500000 3.500000 0.050000 0.000000 0.000000 0.000000 0.000000
4 0.500000 3.500000 0.050000 0.000000 0.423061 0.500000 6.283185
4 0.500000 3.500000 0.050000 0.000000 0.423061 0.500000 6.283185
4 0.500000 3.500000 0.050000 0.000000 0.423061 0.500000 6.283185
4 0.500000 3.500000 0.050000 0.000000 0.000000 0.000000 0.000000
4 0.500000 3.500000 0.050000 0.000000 0.423061 0.500000 6.283185
4 0.500000 3.500000 0.050000 0.000000 0.000000 0.000000 0.000000
4 0.500000 3.500000 0.050000 0.000000 0.000000 0.000000 0.000000
4 0.500000 3.500000 0.050000 0.000000 0.000000 0.000000 0.000000
4 0.500000 3.500000 0.050000 0.000000 0.423061 0.500000 6.283185
4 0.500000 3.500000 0.050000 0.000000 0.000000 0.000000 0.000000
4 0.500000 3.500000 0.050000 0.000000 0.423060 0.500000 6.283185
4 0.500000 3.500000 0.050000 0.000000 0.000000 0.327844 0.000000
4 0.500000 3.500000 0.050000 0.000000 0.423061 0.500000 6.283185
4 0.500000 3.500000 0.050000 0.000000 0.423061 -0.500000 6.283185
4 0.500000 3.500000 0.050000 0.000000 0.423061 0.500000 6.283185
4 0.500000 3.500000 0.050000 0.000000 0.423061 0.500000 6.283185
4 0.500000 3.500000 0.050000 0.000000 0.423061 -0.500000 6.283185
4 0.500000 3.500000 0.050000 0.000000 0.423061 0.500000 6.283185
4 0.500000 3.500000 0.050000 0.000000 0.423061 0.500000 6.283185
4 0.500000 3.500000 0.050000 0.000000 0.000000 0.000000 0.000000
4 0.500000 3.500000 0.050000 0.000000 0.423061 -0.500000 6.283185
4 0.500000 3.500000 0.050000 0.000000 0.423060 0.500000 6.283185
4 0.500000 3.500000 0.050000 0.000000 0.423061 0.500000 6.283185
4 0.500000 3.500000 0.050000 0.000000 0.000000 0.000000 0.000000
4 0.500000 3.500000 0.050000 0.000000 0.423061 0.500000 6.283185
4 0.500000 3.500000 0.050000 0.000000 0.423060 0.500000 6.283185
4 0.500000 3.500000 0.050000 0.000000 0.000000 0.000000 0.000000
4 0.500000 3.500000 0.050000 0.000000 0.423061 0.500000 6.283185
4 0.500000 3.500000 0.050000 0.000000 0.000000 0.000000 0.000000
4 0.500000 3.500000 0.050000 0.000000 0.000000 0.000000 0.000000
4 0.500000 3.500000 0.050000 0.000000 0.423061 -0.500000 6.283185
4 0.500000 3.500000 0.050000 0.000000 0.423061 -0.500000 6.283185
4 0.500000 3.500000 0.050000 0.000000 0.423061 0.500000 6.283185
4 0.500000 3.500000 0.050000 0.000000 0.423061 -0.500000 6.283185
4 0.500000 3.500000 0.050000 0.000000 0.000000 0.000000 0.000000
4 0.500000 3.500000 0.050000 0.000000 0.423061 0.500000 6.283185
4 0.500000 3.500000 0.050000 0.000000 0.423061 0.500000 6.283185
4 0.500000 3.500000 0.050000 0.000000 0.423060 0.500000 6.283185
4 0.500000 3.500000 0.050000 0.000000 0.423061 -0.500000 6.283185
4 0.500000 3.500000 0.050000 0.000000 0.000000 0.000000 0.000000
4 0.500000 3.500000 0.050000 0.000000 0.423061 0.500000 6.283185
4 0.500000 3.500000 0.050000 0.000000 0.000000 0.000000 0.000000
4 0.500000 3.500000 0.050000 0.000000 0.000000 0.000000 0.000000
4 0.500000 3.500000 0.050000 0.000000 0.000000 0.339086 0.000000
4 0.500000 3.500000 0.050000 0.000000 0.000000 0.000000 0.000000
4 0.500000 3.500000 0.050000 0.000000 0.423061 0.500000 6.283185
4 0.500000 3.500000 0.050000 0.000000 0.423061 0.500000 6.283185
4 0.500000 3.500000 0.050000 0.000000 0.000000 0.000000 0.000000
4 0.500000 3.500000 0.050000 0.000000 0.423061 0.500000 6.283185
4 0.500000 3.500000 0.050000 0.000000 0.000000 0.000000 0.000000
4 0.500000 3.500000 0.050000 0.000000 0.423061 0.500000 6.283185
4 0.500000 3.500000 0.050000 0.000000 0.423061 -0.500000 6.283185
4 0.500000 3.500000 0.050000 0.000000 0.000000 0.442198 0.000000
4 0.500000 3.500000 0.050000 0.000000 0.423061 0.500000 6.283185
4 0.500000 3.500000 0.050000 0.000000 0.423061 0.500000 6.283185
4 0.500000 3.500000 0.050000 0.000000 0.423061 0.500000 6.283185
4 0.500000 3.500000 0.050000 0.000000 0.423061 -0.500000 6.283185
4 0.500000 3.500000 0.050000 0.000000 0.423062 0.500000 6.283185
4 0.500000 3.500000 0.050000 0.000000 0.423060 0.500000 6.283185
4 0.500000 3.500000 0.050000 0.000000 0.423061 0.500000 6.283185
4 0.500000 3.500000 0.050000 0.000000 0.423061 0.500000 6.283185
4 0.500000 3.500000 0.050000 0.000000 0.423062 0.500000 6.283185
4 0.500000 3.500000 0.050000 0.000000 0.423061 0.500000 6.283185
4 0.500000 3.500000 0.050000 0.000000 0.423061 0.500000 6.283185
4 0.500000 3.500000 0.050000 0.000000 0.000000 0.000000 0.000000
4 0.500000 3.500000 0.050000 0.000000 0.000000 0.000000 0.000000
4 0.500000 3.500000 0.050000 0.000000 0.423061 0.500000 6.283185
4 0.500000 3.500000 0.050000 0.000000 0.423061 0.500000 6.283185
4 0.500000 3.500000 0.050000 0.000000 0.423061 0.500000 6.283185
4 0.500000 3.500000 0.050000 0.000000 0.423061 0.500000 6.283185
4 0.500000 3.500000 0.050000 0.000000 0.423061 0.500000 6.283185
4 0.500000 3.500000 0.050000 0.000000 0.423061 0.500000 6.283185
4 0.500000 3.500000 0.050000 0.000000 0.423061 0.500000 6.283185
4 0.500000 3.500000 0.050000 0.000000 0.000000 0.000000 0.000000
4 0.500000 3.500000 0.050000 0.000000 0.000000 0.000000 0.000000
4 0.500000 3.500000 0.050000 0.000000 0.000000 -0.340228 0.000000
4 0.500000 3.500000 0.050000 0.000000 0.423061 0.500000 6.283185
4 0.500000 3.500000 0.050000 0.000000 0.423061 0.500000 6.283185
4 0.500000 3.500000 0.050000 0.000000 0.000000 0.000000 0.000000
4 0.500000 3.500000 0.050000 0.000000 0.423061 0.500000 6.283185
4 0.500000 3.500000 0.050000 0.000000 0.423061 0.500000 6.283185
4 0.500000 3.500000 0.050000 0.000000 0.423061 0.500000 6.283185
4 0.500000 3.500000 0.050000 0.000000 0.000000 0.000000 0.000000
4 0.500000 3.500000 0.050000 0.000000 0.423061 0.500000 6.283185
4 0.500000 3.500000 0.050000 0.000000 0.423061 0.500000 6.283185
4 0.500000 3.500000 0.050000 0.000000 0.423061 -0.500000 6.283185
4 0.500000 3.500000 0.050000 0.000000 0.423061 0.500000 6.283185
4 0.500000 3.500000 0.050000 0.000000 0.000000 0.000000 0.000000
4 0.500000 3.500000 0.050000 0.000000 0.000000 0.000000 0.000000
4 0.500000 3.500000 0.050000 0.000000 0.000000 0.000000 0.000000
4 0.500000 3.500000 0.050000 0.000000 0.423061 0.500000 6.283185
4 0.500000 3.500000 0.050000 0.000000 0.423060 0.500000 6.283185
4 0.500000 3.500000 0.050000 0.000000 0.000000 0.338220 0.000000
4 0.500000 3.500000 0.050000 0.000000 0.423061 0.500000 6.283185
4 0.500000 3.500000 0.050000 0.000000 0.423061 0.500000 6.283185
4 0.500000 3.500000 0.050000 0.000000 0.423061 0.500000 6.283185
4 0.500000 3.500000 0.050000 0.000000 0.000000 0.000000 0.000000
4 0.500000 3.500000 0.050000 0.000000 0.423061 0.500000 6.283185
4 0.500000 3.500000 0.050000 0.000000 0.423061 0.500000 6.283185
4 0.500000 3.500000 0.050000 0.000000 0.423061 0.500000 6.283185
4 0.500000 3.500000 0.050000 0.000000 0.423061 0.500000 6.283185
4 0.500000 3.500000 0.050000 0.000000 0.423061 -0.500000 6.283185
4 0.500000 3.500000 0.050000 0.000000 0.423061 0.500000 6.283185
4 0.500000 3.500000 0.050000 0.000000 0.423061 0.500000 6.283185
4 0.500000 3.500000 0.050000 0.000000 0.423061 0.500000 6.283185
4 0.500000 3.500000 0.050000 0.000000 0.423061 -0.500000 6.283185
4 0.500000 3.500000 0.050000 0.000000 0.000000 0.000000 0.000000
4 0.500000 3.500000 0.050000 0.000000 0.000000 0.000000 0.000000
4 0.500000 3.500000 0.050000 0.000000 0.423061 0.500000 6.283185
4 0.500000 3.500000 0.050000 0.000000 0.423061 0.500000 6.283185
4 0.500000 3.500000 0.050000 0.000000 0.423061 0.500000 6.283185
4 0.500000 3.500000 0.050000 0.000000 0.000000 0.000000 0.000000
4 0.500000 3.500000 0.050000 0.000000 0.423061 0.500000 6.283185
4 0.500000 3.500000 0.050000 0.000000 0.000000 0.000000 0.000000
4 0.500000 3.500000 0.050000 0.000000 0.423061 0.500000 6.283185
4 0.500000 3.500000 0.050000 0.000000 0.423061 0.500000 6.283185
4 0.500000 3.500000 0.050000 0.000000 0.423061 0.500000 6.283185
4 0.500000 3.500000 0.050000 0.000000 0.423061 0.500000 6.283185
4 0.500000 3.500000 0.050000 0.000000 0.000000 0.000000 0.000000
4 0.500000 3.500000 0.050000 0.000000 0.000000 0.000000 0.000000
4 0.500000 3.500000 0.050000 0.000000 0.423061 0.500000 6.283185
4 0.500000 3.500000 0.050000 0.000000 0.423061 -0.500000 6.283185
4 0.500000 3.500000 0.050000 0.000000 0.000000 0.000000 0.000000
4 0.500000 3.500000 0.050000 0.000000 0.423061 0.500000 6.283185
4 0.500000 3.500000 0.050000 0.000000 0.423061 0.500000 6.283185
4 0.500000 3.500000 0.050000 0.000000 0.423060 0.500000 6.283185
4 0.500000 3.500000 0.050000 0.000000 0.423060 0.500000 6.283185
4 0.500000 3.500000 0.050000 0.000000 0.423061 0.500000 6.283185
4 0.500000 3.500000 0.050000 0.000000 0.423061 0.500000 6.283185
4 0.500000 3.500000 0.050000 0.000000 0.000000 0.338947 0.000000
4 0.500000 3.500000 0.050000 0.000000 0.000000 0.000000 0.000000
4 0.500000 3.500000 0.050000 0.000000 0.000000 0.000000 0.000000
4 0.500000 3.500000 0.050000 0.000000 0.000000 0.000000 0.000000
4 0.500000 3.500000 0.050000 0.000000 0.423061 0.500000 6.283185
4 0.500000 3.500000 0.050000 0.000000 0.423060 0.500000 6.283185
4 0.500000 3.500000 0.050000 0.000000 0.000000 0.340040 0.000000
4 0.500000 3.500000 0.050000 0.000000 0.423061 -0.500000 6.283185
4 0.500000 3.500000 0.050000 0.000000 0.423061 0.500000 6.283185
4 0.500000 3.500000 0.050000 0.000000 0.000000 0.336782 0.000000
4 0.500000 3.500000 0.050000 0.000000 0.423061 -0.500000 6.283185
4 0.500000 3.500000 0.050000 0.000000 0.423061 0.500000 6.283185
4 0.500000 3.500000 0.050000 0.000000 0.000000 0.000000 0.000000
4 0.500000 3.500000 0.050000 0.000000 0.000000 0.000000 0.000000
4 0.500000 3.500000 0.050000 0.000000 0.423061 0.500000 6.283185
4 0.500000 3.500000 0.050000 0.000000 0.423060 0.500000 6.283185
4 0.500000 3.500000 0.050000 0.000000 0.000000 0.000000 0.000000
4 0.500000 3.500000 0.050000 0.000000 0.423061 0.500000 6.283185
4 0.500000 3.500000 0.050000 0.000000 0.000000 0.340010 0.000000
4 0.500000 3.500000 0.050000 0.000000 0.000000 0.000000 0.000000
4 0.500000 3.500000 0.050000 0.000000 0.423061 -0.500000 6.283185
4 0.500000 3.500000 0.050000 0.000000 0.423060 -0.500000 6.283185
4 0.500000 3.500000 0.050000 0.000000 0.423061 0.500000 6.283185
4 0.500000 3.500000 0.050000 0.000000 0.423061 0.500000 6.283185
4 0.500000 3.500000 0.050000 0.000000 0.423060 0.500000 6.283185
4 0.500000 3.500000 0.050000 0.000000 0.000000 0.000000 0.000000
4 0.500000 3.500000 0.050000 0.000000 0.000000 0.000000 0.000000
4 0.500000 3.500000 0.050000 0.000000 0.423061 0.500000 6.283185
4 0.500000 3.500000 0.050000 0.000000 0.423061 0.500000 6.283185
4 0.500000 3.500000 0.050000 0.000000 0.000000 0.000000 0.000000
4 0.500000 3.500000 0.050000 0.000000 0.423060 0.500000 6.283185
4 0.500000 3.500000 0.050000 0.000000 0.423060 0.500000 6.283185
4 0.500000 3.500000 0.050000 0.000000 0.423061 0.500000 6.283185
4 0.500000 3.500000 0.050000 0.000000 0.423061 0.500000 6.283185
4 0.500000 3.500000 0.050000 0.000000 0.000000 0.340292 0.000000
4 0.500000 3.500000 0.050000 0.000000 0.000000 0.000000 0.000000
4 0.500000 3.500000 0.050000 0.000000 0.423061 0.500000 6.283185
4 0.500000 3.500000 0.050000 0.000000 0.000000 0.000000 0.000000
4 0.500000 3.500000 0.050000 0.000000 0.423061 -0.500000 6.283185
4 0.500000 3.500000 0.050000 0.000000 0.423061 0.500000 6.283185
4 0.500000 3.500000 0.050000 0.000000 0.423061 -0.500000 6.283185
4 0.500000 3.500000 0.050000 0.000000 0.423061 0.500000 6.283185
4 0.500000 3.500000 0.050000 0.000000 0.000000 0.339937 0.000000
4 0.500000 3.500000 0.050000 0.000000 0.000000 0.000000 0.000000
4 0.500000 3.500000 0.050000 0.000000 0.000000 0.000000 0.000000
4 0.500000 3.500000 0.050000 0.000000 0.423061 0.500000 6.283185
4 0.500000 3.500000 0.050000 0.000000 0.423061 -0.500000 6.283185
4 0.500000 3.500000 0.050000 0.000000 0.423061 0.500000 6.283185
4 0.500000 3.500000 0.050000 0.000000 0.423060 0.500000 6.283185
4 0.500000 3.500000 0.050000 0.000000 0.423061 0.500000 6.283185
4 0.500000 3.500000 0.050000 0.000000 0.000000 0.345250 0.000000
4 0.500000 3.500000 0.050000 0.000000 0.000000 0.000000 0.000000
4 0.500000 3.500000 0.050000 0.000000 0.423060 0.500000 6.283185
4 0.500000 3.500000 0.050000 0.000000 0.423060 0.500000 6.283185
4 0.500000 3.500000 0.050000 0.000000 0.000000 0.000000 0.000000
4 0.500000 3.500000 0.050000 0.000000 0.000000 0.000000 0.000000
4 0.500000 3.500000 0.050000 0.000000 0.000000 0.000000 0.000000
4 0.500000 3.500000 0.050000 0.000000 0.423061 0.500000 6.283185
4 0.500000 3.500000 0.050000 0.000000 0.000000 0.000000 0.000000
4 0.500000 3.500000 0.050000 0.000000 0.000000 0.338159 0.000000
4 0.500000 3.500000 0.050000 0.000000 0.423061 0.500000 6.283185
4 0.500000 3.500000 0.050000 0.000000 0.423061 0.500000 6.283185
4 0.500000 3.500000 0.050000 0.000000 0.423060 -0.500000 6.283185
4 0.500000 3.500000 0.050000 0.000000 0.000000 0.000000 0.000000
4 0.500000 3.500000 0.050000 0.000000 0.423060 -0.500000 6.283185
4 0.500000 3.500000 0.050000 0.000000 0.423061 0.500000 6.283185
4 0.500000 3.500000 0.050000 0.000000 0.000000 -0.340886 0.000000
4 0.500000 3.500000 0.050000 0.000000 0.000000 0.000000 0.000000
4 0.500000 3.500000 0.050000 0.000000 0.423060 0.500000 6.283185
4 0.500000 3.500000 0.050000 0.000000 0.423060 0.500000 6.283185
4 0.500000 3.500000 0.050000 0.000000 0.423061 0.500000 6.283185
4 0.500000 3.500000 0.050000 0.000000 0.000000 0.340426 0.000000
4 0.500000 3.500000 0.050000 0.000000 0.423061 0.500000 6.283185
4 0.500000 3.500000 0.050000 0.000000 0.000000 0.000000 0.000000
4 0.500000 3.500000 0.050000 0.000000 0.423061 0.500000 6.283185
4 0.500000 3.500000 0.050000 0.000000 0.000000 0.000000 0.000000
4 0.500000 3.500000 0.050000 0.000000 0.423061 0.500000 6.283185
4 0.500000 3.500000 0.050000 0.000000 0.423061 -0.500000 6.283185
4 0.500000 3.500000 0.050000 0.000000 0.000000 0.339583 0.000000
4 0.500000 3.500000 0.050000 0.000000 0.423061 0.500000 6.283185
4 0.500000 3.500000 0.050000 0.000000 0.423060 0.500000 6.283185
4 0.500000 3.500000 0.050000 0.000000 0.000000 -0.339026 0.000000
4 0.500000 3.500000 0.050000 0.000000 0.423061 0.500000 6.283185
4 0.500000 3.500000 0.050000 0.000000 0.000000 0.000000 0.000000
4 0.500000 3.500000 0.050000 0.000000 0.423061 -0.500000 6.283185
4 0.500000 3.500000 0.050000 0.000000 0.423061 0.500000 6.283185
4 0.500000 3.500000 0.050000 0.000000 0.000000 0.000000 0.000000
4 0.500000 3.500000 0.050000 0.000000 0.423061 0.500000 6.283185
4 0.500000 3.500000 0.050000 0.000000 0.423061 0.500000 6.283185
4 0.500000 3.500000 0.050000 0.000000 0.423061 0.500000 6.283185
4 0.500000 3.500000 0.050000 0.000000 0.423061 0.500000 6.283185
4 0.500000 3.500000 0.050000 0.000000 0.423061 0.500000 6.283185
4 0.500000 3.500000 0.050000 0.000000 0.000000 0.000000 0.000000
4 0.500000 3.500000 0.050000 0.000000 0.423060 0.500000 6.283185
4 0.500000 3.500000 0.050000 0.000000 0.000000 0.000000 0.000000
4 0.500000 3.500000 0.050000 0.000000 0.423060 0.500000 6.283185
4 0.500000 3.500000 0.050000 0.000000 0.000000 0.337824 0.000000
4 0.500000 3.500000 0.050000 0.000000 0.423061 0.500000 6.283185
4 0.500000 3.500000 0.050000 0.000000 0.000000 0.000000 0.000000
4 0.500000 3.500000 0.050000 0.000000 0.000000 0.000000 0.000000
4 0.500000 3.500000 0.050000 0.000000 0.423061 0.500000 6.283185
4 0.500000 3.500000 0.050000 0.000000 0.423061 -0.500000 6.283185
4 0.500000 3.500000 0.050000 0.000000 0.423061 0.500000 6.283185
4 0.500000 3.500000 0.050000 0.000000 0.423061 0.500000 6.283185
4 0.500000 3.500000 0.050000 0.000000 0.423061 0.500000 6.283185
4 0.500000 3.500000 0.050000 0.000000 0.000000 0.000000 0.000000
4 0.500000 3.500000 0.050000 0.000000 0.000000 0.000000 0.000000
4 0.500000 3.500000 0.050000 0.000000 0.423060 0.500000 6.283185
4 0.500000 3.500000 0.050000 0.000000 0.000000 0.000000 0.000000
4 0.500000 3.500000 0.050000 0.000000 0.000000 0.000000 0.000000
4 0.500000 3.500000 0.050000 0.000000 0.423061 0.500000 6.283185
4 0.500000 3.500000 0.050000 0.000000 0.423061 0.500000 6.283185
4 0.500000 3.500000 0.050000 0.000000 0.000000 0.000000 0.000000
4 0.500000 3.500000 0.050000 0.000000 0.423061 0.500000 6.283185
4 0.500000 3.500000 0.050000 0.000000 0.423061 0.500000 6.283185
4 0.500000 3.500000 0.050000 0.000000 0.000000 0.000000 0.000000
4 0.500000 3.500000 0.050000 0.000000 0.000000 0.000000 0.000000
4 0.500000 3.500000 0.050000 0.000000 0.423061 0.500000 6.283185
4 0.500000 3.500000 0.050000 0.000000 0.000000 0.000000 0.000000
4 0.500000 3.500000 0.050000 0.000000 0.423061 0.500000 6.283185
4 0.500000 3.500000 0.050000 0.000000 0.000000 0.000000 0.000000
4 0.500000 3.500000 0.050000 0.000000 0.000000 0.000000 0.000000
4 0.500000 3.500000 0.050000 0.000000 0.000000 0.000000 0.000000
4 0.500000 3.500000 0.050000 0.000000 0.000000 0.000000 0.000000
4 0.500000 3.500000 0.050000 0.000000 0.423060 0.500000 6.283185
4 0.500000 3.500000 0.050000 0.000000 0.423060 0.500000 6.283185
4 0.500000 3.500000 0.050000 0.000000 0.000000 0.000000 0.000000
4 0.500000 3.500000 0.050000 0.000000 0.423061 0.500000 6.283185
4 0.500000 3.500000 0.050000 0.000000 0.000000 0.000000 0.000000
4 0.500000 3.500000 0.050000 0.000000 0.000000 0.000000 0.000000
4 0.500000 3.500000 0.050000 0.000000 0.423061 0.500000 6.283185
4 0.500000 3.500000 0.050000 0.000000 0.000000 0.000000 0.000000
4 0.500000 3.500000 0.050000 0.000000 0.423061 0.500000 6.283185
4 0.500000 3.500000 0.050000 0.000000 0.423061 0.500000 6.283185
4 0.500000 3.500000 0.050000 0.000000 0.423061 0.500000 6.283185
4 0.500000 3.500000 0.050000 0.000000 0.000000 0.000000 0.000000
4 0.500000 3.500000 0.050000 0.000000 0.423061 0.500000 6.283185
4 0.500000 3.500000 0.050000 0.000000 0.423060 0.500000 6.283185
4 0.500000 3.500000 0.050000 0.000000 0.423060 0.500000 6.283185
4 0.500000 3.500000 0.050000 0.000000 0.423061 -0.500000 6.283185
4 0.500000 3.500000 0.050000 0.000000 0.423061 0.500000 6.283185
4 0.500000 3.500000 0.050000 0.000000 0.423061 0.500000 6.283185
4 0.500000 3.500000 0.050000 0.000000 0.423064 -0.500000 6.283185
4 0.500000 3.500000 0.050000 0.000000 0.423064 0.500000 6.283185
