4 0.500000 3.500000 0.050000 0.000000 0.000000 0.000000 0.000000
4 0.500000 3.500000 0.050000 0.000000 0.423061 0.500000 6.283185
4 0.500000 3.500000 0.050000 0.000000 0.423061 0.500000 6.283185
4 0.500000 3.500000 0.050000 0.000000 0.000000 0.000000 0.000000
4 0.500000 3.500000 0.050000 0.000000 0.423061 0.500000 6.283185
4 0.500000 3.500000 0.050000 0.000000 0.000000 0.000000 0.000000
4 0.500000 3.500000 0.050000 0.000000 0.423061 0.500000 6.283185
4 0.500000 3.500000 0.050000 0.000000 0.000000 0.000000 0.000000
4 0.500000 3.500000 0.050000 0.000000 0.423061 -0.500000 6.283185
4 0.500000 3.500000 0.050000 0.000000 0.423061 0.500000 6.283185
4 0.500000 3.500000 0.050000 0.000000 0.423061 0.500000 6.283185
4 0.500000 3.500000 0.050000 0.000000 0.423061 0.500000 6.283185
4 0.500000 3.500000 0.050000 0.000000 0.423060 -0.500000 6.283185
4 0.500000 3.500000 0.050000 0.000000 0.423061 0.500000 6.283185
4 0.500000 3.500000 0.050000 0.000000 0.423060 0.500000 6.283185
4 0.500000 3.500000 0.050000 0.000000 0.000000 0.000000 0.000000
4 0.500000 3.500000 0.050000 0.000000 0.423061 0.500000 6.283185
4 0.500000 3.500000 0.050000 0.000000 0.423061 0.500000 6.283185
4 0.500000 3.500000 0.050000 0.000000 0.423061 0.500000 6.283185
4 0.500000 3.500000 0.050000 0.000000 0.423061 0.500000 6.283185
4 0.500000 3.500000 0.050000 0.000000 0.000000 0.000000 0.000000
4 0.500000 3.500000 0.050000 0.000000 0.423061 0.500000 6.283185
4 0.500000 3.500000 0.050000 0.000000 0.423061 0.500000 6.283185
4 0.500000 3.500000 0.050000 0.000000 0.423061 -0.500000 6.283185
4 0.500000 3.500000 0.050000 0.000000 0.423061 0.500000 6.283185
4 0.500000 3.500000 0.050000 0.000000 0.423061 0.500000 6.283185
4 0.500000 3.500000 0.050000 0.000000 0.423061 0.500000 6.283185
4 0.500000 3.500000 0.050000 0.000000 0.000000 0.000000 0.000000
4 0.500000 3.500000 0.050000 0.000000 0.000000 0.000000 0.000000
4 0.500000 3.500000 0.050000 0.000000 0.423061 0.500000 6.283185
4 0.500000 3.500000 0.050000 0.000000 0.423061 0.500000 6.283185
4 0.500000 3.500000 0.050000 0.000000 0.000000 0.000000 0.000000
4 0.500000 3.500000 0.050000 0.000000 0.423060 0.500000 6.283185
4 0.500000 3.500000 0.050000 0.000000 0.000000 0.337810 0.000000
4 0.500000 3.500000 0.050000 0.000000 0.423061 0.500000 6.283185
4 0.500000 3.500000 0.050000 0.000000 0.000000 0.339394 0.000000
4 0.500000 3.500000 0.050000 0.000000 0.423061 0.500000 6.283185
4 0.500000 3.500000 0.050000 0.000000 0.000000 0.000000 0.000000
4 0.500000 3.500000 0.050000 0.000000 0.000000 0.000000 0.000000
4 0.500000 3.500000 0.050000 0.000000 0.423060 0.500000 6.283185
4 0.500000 3.500000 0.050000 0.000000 0.423061 0.500000 6.283185
4 0.500000 3.500000 0.050000 0.000000 0.000000 0.000000 0.000000
4 0.500000 3.500000 0.050000 0.000000 0.423060 0.500000 6.283185
4 0.500000 3.500000 0.050000 0.000000 0.423061 0.500000 6.283185
4 0.500000 3.500000 0.050000 0.000000 0.423060 0.500000 6.283185
4 0.500000 3.500000 0.050000 0.000000 0.423061 0.500000 6.283185
4 0.500000 3.500000 0.050000 0.000000 0.000000 0.338509 0.000000
4 0.500000 3.500000 0.050000 0.000000 0.423061 0.500000 6.283185
4 0.500000 3.500000 0.050000 0.000000 0.423061 0.500000 6.283185
4 0.500000 3.500000 0.050000 0.000000 0.423060 0.500000 6.283185
4 0.500000 3.500000 0.050000 0.000000 0.000000 0.000000 0.000000
4 0.500000 3.500000 0.050000 0.000000 0.423060 0.500000 6.283185
4 0.500000 3.500000 0.050000 0.000000 0.423061 0.500000 6.283185
4 0.500000 3.500000 0.050000 0.000000 0.423061 0.500000 6.283185
4 0.500000 3.500000 0.050000 0.000000 0.000000 0.000000 0.000000
4 0.500000 3.500000 0.050000 0.000000 0.423061 0.500000 6.283185
4 0.500000 3.500000 0.050000 0.000000 0.423061 -0.500000 6.283185
4 0.500000 3.500000 0.050000 0.000000 0.000000 0.000000 0.000000
4 0.500000 3.500000 0.050000 0.000000 0.423060 0.500000 6.283185
4 0.500000 3.500000 0.050000 0.000000 0.000000 0.000000 0.000000
4 0.500000 3.500000 0.050000 0.000000 0.423061 -0.500000 6.283185
4 0.500000 3.500000 0.050000 0.000000 0.423061 0.500000 6.283185
4 0.500000 3.500000 0.050000 0.000000 0.000000 0.000000 0.000000
4 0.500000 3.500000 0.050000 0.000000 0.000000 0.000000 0.000000
4 0.500000 3.500000 0.050000 0.000000 0.000000 0.000000 0.000000
4 0.500000 3.500000 0.050000 0.000000 0.000000 0.338809 0.000000
4 0.500000 3.500000 0.050000 0.000000 0.423061 0.500000 6.283185
4 0.500000 3.500000 0.050000 0.000000 0.423061 0.500000 6.283185
4 0.500000 3.500000 0.050000 0.000000 0.000000 0.000000 0.000000
4 0.500000 3.500000 0.050000 0.000000 0.000000 0.000000 0.000000
4 0.500000 3.500000 0.050000 0.000000 0.000000 0.255352 0.000000
4 0.500000 3.500000 0.050000 0.000000 0.000000 0.000000 0.000000
4 0.500000 3.500000 0.050000 0.000000 0.423060 0.500000 6.283185
4 0.500000 3.500000 0.050000 0.000000 0.000000 0.000000 0.000000
4 0.500000 3.500000 0.050000 0.000000 0.423061 -0.500000 6.283185
4 0.500000 3.500000 0.050000 0.000000 0.423061 0.500000 6.283185
4 0.500000 3.500000 0.050000 0.000000 0.423061 0.500000 6.283185
4 0.500000 3.500000 0.050000 0.000000 0.423061 -0.500000 6.283185
4 0.500000 3.500000 0.050000 0.000000 0.000000 0.000000 0.000000
4 0.500000 3.500000 0.050000 0.000000 0.423061 0.500000 6.283185
4 0.500000 3.500000 0.050000 0.000000 0.000000 0.000000 0.000000
4 0.500000 3.500000 0.050000 0.000000 0.423061 0.500000 6.283185
4 0.500000 3.500000 0.050000 0.000000 0.000000 0.000000 0.000000
4 0.500000 3.500000 0.050000 0.000000 0.000000 0.000000 0.000000
4 0.500000 3.500000 0.050000 0.000000 0.423060 0.500000 6.283185
4 0.500000 3.500000 0.050000 0.000000 0.000000 0.000000 0.000000
4 0.500000 3.500000 0.050000 0.000000 0.423061 -0.500000 6.283185
4 0.500000 3.500000 0.050000 0.000000 0.423061 0.500000 6.283185
4 0.500000 3.500000 0.050000 0.000000 0.423061 0.500000 6.283185
4 0.500000 3.500000 0.050000 0.000000 0.000000 0.341709 0.000000
4 0.500000 3.500000 0.050000 0.000000 0.423061 -0.500000 6.283185
4 0.500000 3.500000 0.050000 0.000000 0.423061 0.500000 6.283185
4 0.500000 3.500000 0.050000 0.000000 0.423060 0.500000 6.283185
4 0.500000 3.500000 0.050000 0.000000 0.423060 0.500000 6.283185
4 0.500000 3.500000 0.050000 0.000000 0.423061 0.500000 6.283185
4 0.500000 3.500000 0.050000 0.000000 0.423060 0.500000 6.283185
4 0.500000 3.500000 0.050000 0.000000 0.000000 0.000000 0.000000
4 0.500000 3.500000 0.050000 0.000000 0.423061 0.500000 6.283185
4 0.500000 3.500000 0.050000 0.000000 0.000000 0.337838 0.000000
4 0.500000 3.500000 0.050000 0.000000 0.423060 -0.500000 6.283185
4 0.500000 3.500000 0.050000 0.000000 0.423061 0.500000 6.283185
4 0.500000 3.500000 0.050000 0.000000 0.423060 0.500000 6.283185
4 0.500000 3.500000 0.050000 0.000000 0.000000 0.000000 0.000000
4 0.500000 3.500000 0.050000 0.000000 0.423061 0.500000 6.283185
4 0.500000 3.500000 0.050000 0.000000 0.000000 0.000000 0.000000
4 0.500000 3.500000 0.050000 0.000000 0.000000 0.344615 0.000000
4 0.500000 3.500000 0.050000 0.000000 0.423061 0.500000 6.283185
4 0.500000 3.500000 0.050000 0.000000 0.423061 0.500000 6.283185
4 0.500000 3.500000 0.050000 0.000000 0.000000 0.000000 0.000000
4 0.500000 3.500000 0.050000 0.000000 0.423061 0.500000 6.283185
4 0.500000 3.500000 0.050000 0.000000 0.000000 0.000000 0.000000
4 0.500000 3.500000 0.050000 0.000000 0.423061 0.500000 6.283185
4 0.500000 3.500000 0.050000 0.000000 0.423061 -0.500000 6.283185
4 0.500000 3.500000 0.050000 0.000000 0.423060 0.500000 6.283185
4 0.500000 3.500000 0.050000 0.000000 0.423061 0.500000 6.283185
4 0.500000 3.500000 0.050000 0.000000 0.000000 0.339157 0.000000
4 0.500000 3.500000 0.050000 0.000000 0.423061 0.500000 6.283185
4 0.500000 3.500000 0.050000 0.000000 0.423061 -0.500000 6.283185
4 0.500000 3.500000 0.050000 0.000000 0.423060 0.500000 6.283185
4 0.500000 3.500000 0.050000 0.000000 0.423061 0.500000 6.283185
4 0.500000 3.500000 0.050000 0.000000 0.000000 0.000000 0.000000
4 0.500000 3.500000 0.050000 0.000000 0.000000 0.000000 0.000000
4 0.500000 3.500000 0.050000 0.000000 0.423061 0.500000 6.283185
4 0.500000 3.500000 0.050000 0.000000 0.423061 0.500000 6.283185
4 0.500000 3.500000 0.050000 0.000000 0.423061 0.500000 6.283185
4 0.500000 3.500000 0.050000 0.000000 0.000000 0.000000 0.000000
4 0.500000 3.500000 0.050000 0.000000 0.000000 0.000000 0.000000
4 0.500000 3.500000 0.050000 0.000000 0.423061 0.500000 6.283185
4 0.500000 3.500000 0.050000 0.000000 0.423061 -0.500000 6.283185
4 0.500000 3.500000 0.050000 0.000000 0.423061 0.500000 6.283185
4 0.500000 3.500000 0.050000 0.000000 0.000000 0.000000 0.000000
4 0.500000 3.500000 0.050000 0.000000 0.423061 0.500000 6.283185
4 0.500000 3.500000 0.050000 0.000000 0.423061 0.500000 6.283185
4 0.500000 3.500000 0.050000 0.000000 0.000000 0.000000 0.000000
4 0.500000 3.500000 0.050000 0.000000 0.423061 0.500000 6.283185
4 0.500000 3.500000 0.050000 0.000000 0.423061 0.500000 6.283185
4 0.500000 3.500000 0.050000 0.000000 0.000000 0.000000 0.000000
4 0.500000 3.500000 0.050000 0.000000 0.423061 -0.500000 6.283185
4 0.500000 3.500000 0.050000 0.000000 0.423061 0.500000 6.283185
4 0.500000 3.500000 0.050000 0.000000 0.000000 0.340404 0.000000
4 0.500000 3.500000 0.050000 0.000000 0.000000 0.000000 0.000000
4 0.500000 3.500000 0.050000 0.000000 0.000000 -0.196048 0.000000
4 0.500000 3.500000 0.050000 0.000000 0.423061 0.500000 6.283185
4 0.500000 3.500000 0.050000 0.000000 0.000000 0.000000 0.000000
4 0.500000 3.500000 0.050000 0.000000 0.423061 0.500000 6.283185
4 0.500000 3.500000 0.050000 0.000000 0.000000 0.000000 0.000000
4 0.500000 3.500000 0.050000 0.000000 0.423060 0.500000 6.283185
4 0.500000 3.500000 0.050000 0.000000 0.000000 0.000000 0.000000
4 0.500000 3.500000 0.050000 0.000000 0.000000 0.000000 0.000000
4 0.500000 3.500000 0.050000 0.000000 0.000000 0.000000 0.000000
4 0.500000 3.500000 0.050000 0.000000 0.423060 0.500000 6.283185
4 0.500000 3.500000 0.050000 0.000000 0.423060 0.500000 6.283185
4 0.500000 3.500000 0.050000 0.000000 0.423061 0.500000 6.283185
4 0.500000 3.500000 0.050000 0.000000 0.423061 0.500000 6.283185
4 0.500000 3.500000 0.050000 0.000000 0.423061 0.500000 6.283185
4 0.500000 3.500000 0.050000 0.000000 0.423061 0.500000 6.283185
4 0.500000 3.500000 0.050000 0.000000 0.423061 -0.500000 6.283185
4 0.500000 3.500000 0.050000 0.000000 0.423061 0.500000 6.283185
4 0.500000 3.500000 0.050000 0.000000 0.423061 0.500000 6.283185
4 0.500000 3.500000 0.050000 0.000000 0.423061 0.500000 6.283185
4 0.500000 3.500000 0.050000 0.000000 0.000000 0.000000 0.000000
4 0.500000 3.500000 0.050000 0.000000 0.423061 0.500000 6.283185
4 0.500000 3.500000 0.050000 0.000000 0.000000 0.000000 0.000000
4 0.500000 3.500000 0.050000 0.000000 0.000000 -0.336420 0.000000
4 0.500000 3.500000 0.050000 0.000000 0.423061 0.500000 6.283185
4 0.500000 3.500000 0.050000 0.000000 0.423061 0.500000 6.283185
4 0.500000 3.500000 0.050000 0.000000 0.423060 0.500000 6.283185
4 0.500000 3.500000 0.050000 0.000000 0.000000 0.000000 0.000000
4 0.500000 3.500000 0.050000 0.000000 0.000000 0.000000 0.000000
4 0.500000 3.500000 0.050000 0.000000 0.423060 0.500000 6.283185
4 0.500000 3.500000 0.050000 0.000000 0.423061 0.500000 6.283185
4 0.500000 3.500000 0.050000 0.000000 0.000000 0.000000 0.000000
4 0.500000 3.500000 0.050000 0.000000 0.423061 0.500000 6.283185
4 0.500000 3.500000 0.050000 0.000000 0.000000 0.357576 0.000000
4 0.500000 3.500000 0.050000 0.000000 0.423061 0.500000 6.283185
4 0.500000 3.500000 0.050000 0.000000 0.423061 0.500000 6.283185
4 0.500000 3.500000 0.050000 0.000000 0.423061 0.500000 6.283185
4 0.500000 3.500000 0.050000 0.000000 0.423061 0.500000 6.283185
4 0.500000 3.500000 0.050000 0.000000 0.423061 0.500000 6.283185
4 0.500000 3.500000 0.050000 0.000000 0.423060 0.500000 6.283185
4 0.500000 3.500000 0.050000 0.000000 0.423060 0.500000 6.283185
4 0.500000 3.500000 0.050000 0.000000 0.423061 0.500000 6.283185
4 0.500000 3.500000 0.050000 0.000000 0.423060 -0.500000 6.283185
4 0.500000 3.500000 0.050000 0.000000 0.423061 -0.500000 6.283185
4 0.500000 3.500000 0.050000 0.000000 0.423061 -0.500000 6.283185
4 0.500000 3.500000 0.050000 0.000000 0.423061 0.500000 6.283185
4 0.500000 3.500000 0.050000 0.000000 0.000000 0.000000 0.000000
4 0.500000 3.500000 0.050000 0.000000 0.423061 0.500000 6.283185
4 0.500000 3.500000 0.050000 0.000000 0.423061 0.500000 6.283185
4 0.500000 3.500000 0.050000 0.000000 0.000000 0.000000 0.000000
4 0.500000 3.500000 0.050000 0.000000 0.000000 0.000000 0.000000
4 0.500000 3.500000 0.050000 0.000000 0.000000 0.000000 0.000000
4 0.500000 3.500000 0.050000 0.000000 0.423061 0.500000 6.283185
4 0.500000 3.500000 0.050000 0.000000 0.423061 0.500000 6.283185
4 0.500000 3.500000 0.050000 0.000000 0.423060 0.500000 6.283185
4 0.500000 3.500000 0.050000 0.000000 0.423060 0.500000 6.283185
4 0.500000 3.500000 0.050000 0.000000 0.423061 -0.500000 6.283185
4 0.500000 3.500000 0.050000 0.000000 0.000000 0.335036 0.000000
4 0.500000 3.500000 0.050000 0.000000 0.423061 0.500000 6.283185
4 0.500000 3.500000 0.050000 0.000000 0.000000 0.341969 0.000000
4 0.500000 3.500000 0.050000 0.000000 0.423061 -0.500000 6.283185
4 0.500000 3.500000 0.050000 0.000000 0.000000 0.000000 0.000000
4 0.500000 3.500000 0.050000 0.000000 0.423061 0.500000 6.283185
4 0.500000 3.500000 0.050000 0.000000 0.423061 0.500000 6.283185
4 0.500000 3.500000 0.050000 0.000000 0.423061 0.500000 6.283185
4 0.500000 3.500000 0.050000 0.000000 0.423061 0.500000 6.283185
4 0.500000 3.500000 0.050000 0.000000 0.000000 0.000000 0.000000
4 0.500000 3.500000 0.050000 0.000000 0.000000 0.000000 0.000000
4 0.500000 3.500000 0.050000 0.000000 0.000000 0.000000 0.000000
4 0.500000 3.500000 0.050000 0.000000 0.423061 -0.500000 6.283185
4 0.500000 3.500000 0.050000 0.000000 0.000000 0.000000 0.000000
4 0.500000 3.500000 0.050000 0.000000 0.423061 0.500000 6.283185
4 0.500000 3.500000 0.050000 0.000000 0.423061 0.500000 6.283185
4 0.500000 3.500000 0.050000 0.000000 0.423061 -0.500000 6.283185
4 0.500000 3.500000 0.050000 0.000000 0.000000 0.000000 0.000000
4 0.500000 3.500000 0.050000 0.000000 0.423060 0.500000 6.283185
4 0.500000 3.500000 0.050000 0.000000 0.423060 0.500000 6.283185
4 0.500000 3.500000 0.050000 0.000000 0.423061 0.500000 6.283185
4 0.500000 3.500000 0.050000 0.000000 0.423061 -0.500000 6.283185
4 0.500000 3.500000 0.050000 0.000000 0.000000 0.000000 0.000000
4 0.500000 3.500000 0.050000 0.000000 0.000000 0.000000 0.000000
4 0.500000 3.500000 0.050000 0.000000 0.423061 0.500000 6.283185
4 0.500000 3.500000 0.050000 0.000000 0.000000 0.000000 0.000000
4 0.500000 3.500000 0.050000 0.000000 0.000000 0.000000 0.000000
4 0.500000 3.500000 0.050000 0.000000 0.000000 0.000000 0.000000
4 0.500000 3.500000 0.050000 0.000000 0.423061 0.500000 6.283185
4 0.500000 3.500000 0.050000 0.000000 0.423061 0.500000 6.283185
4 0.500000 3.500000 0.050000 0.000000 0.000000 0.000000 0.000000
4 0.500000 3.500000 0.050000 0.000000 0.000000 0.000000 0.000000
4 0.500000 3.500000 0.050000 0.000000 0.423061 0.500000 6.283185
4 0.500000 3.500000 0.050000 0.000000 0.423061 0.500000 6.283185
4 0.500000 3.500000 0.050000 0.000000 0.423061 0.500000 6.283185
4 0.500000 3.500000 0.050000 0.000000 0.423060 0.500000 6.283185
4 0.500000 3.500000 0.050000 0.000000 0.000000 0.000000 0.000000
4 0.500000 3.500000 0.050000 0.000000 0.423061 -0.500000 6.283185
4 0.500000 3.500000 0.050000 0.000000 0.423061 0.500000 6.283185
4 0.500000 3.500000 0.050000 0.000000 0.000000 0.000000 0.000000
4 0.500000 3.500000 0.050000 0.000000 0.423060 0.500000 6.283185
4 0.500000 3.500000 0.050000 0.000000 0.423061 0.500000 6.283185
4 0.500000 3.500000 0.050000 0.000000 0.423061 -0.500000 6.283185
4 0.500000 3.500000 0.050000 0.000000 0.000000 0.000000 0.000000
4 0.500000 3.500000 0.050000 0.000000 0.423061 0.500000 6.283185
4 0.500000 3.500000 0.050000 0.000000 0.423061 -0.500000 6.283185
4 0.500000 3.500000 0.050000 0.000000 0.423060 0.500000 6.283185
4 0.500000 3.500000 0.050000 0.000000 0.423061 0.500000 6.283185
4 0.500000 3.500000 0.050000 0.000000 0.000000 0.000000 0.000000
4 0.500000 3.500000 0.050000 0.000000 0.423061 0.500000 6.283185
4 0.500000 3.500000 0.050000 0.000000 0.423061 -0.500000 6.283185
4 0.500000 3.500000 0.050000 0.000000 0.000000 0.000000 0.000000
4 0.500000 3.500000 0.050000 0.000000 0.000000 0.000000 0.000000
4 0.500000 3.500000 0.050000 0.000000 0.423061 0.500000 6.283185
4 0.500000 3.500000 0.050000 0.000000 0.000000 0.000000 0.000000
4 0.500000 3.500000 0.050000 0.000000 0.000000 0.000000 0.000000
4 0.500000 3.500000 0.050000 0.000000 0.000000 0.000000 0.000000
4 0.500000 3.500000 0.050000 0.000000 0.000000 0.338057 0.000000
4 0.500000 3.500000 0.050000 0.000000 0.000000 0.000000 0.000000
4 0.500000 3.500000 0.050000 0.000000 0.423061 0.500000 6.283185
4 0.500000 3.500000 0.050000 0.000000 0.000000 0.000000 0.000000
4 0.500000 3.500000 0.050000 0.000000 0.000000 0.000000 0.000000
4 0.500000 3.500000 0.050000 0.000000 0.423061 -0.500000 6.283185
4 0.500000 3.500000 0.050000 0.000000 0.423061 -0.500000 6.283185
4 0.500000 3.500000 0.050000 0.000000 0.423061 0.500000 6.283185
4 0.500000 3.500000 0.050000 0.000000 0.000000 0.000000 0.000000
4 0.500000 3.500000 0.050000 0.000000 0.000000 0.338189 0.000000
4 0.500000 3.500000 0.050000 0.000000 0.423061 -0.500000 6.283185
4 0.500000 3.500000 0.050000 0.000000 0.423061 0.500000 6.283185
4 0.500000 3.500000 0.050000 0.000000 0.423061 0.500000 6.283185
4 0.500000 3.500000 0.050000 0.000000 0.423061 0.500000 6.283185
4 0.500000 3.500000 0.050000 0.000000 0.423060 0.500000 6.283185
4 0.500000 3.500000 0.050000 0.000000 0.423061 0.500000 6.283185
4 0.500000 3.500000 0.050000 0.000000 0.000000 0.000000 0.000000
4 0.500000 3.500000 0.050000 0.000000 0.423060 0.500000 6.283185
4 0.500000 3.500000 0.050000 0.000000 0.423061 0.500000 6.283185
4 0.500000 3.500000 0.050000 0.000000 0.000000 0.000000 0.000000
4 0.500000 3.500000 0.050000 0.000000 0.423061 0.500000 6.283185
4 0.500000 3.500000 0.050000 0.000000 0.000000 0.000000 0.000000
4 0.500000 3.500000 0.050000 0.000000 0.423060 0.500000 6.283185
4 0.500000 3.500000 0.050000 0.000000 0.423061 0.500000 6.283185
4 0.500000 3.500000 0.050000 0.000000 0.423060 0.500000 6.283185
4 0.500000 3.500000 0.050000 0.000000 0.423061 -0.500000 6.283185
4 0.500000 3.500000 0.050000 0.000000 0.000000 0.000000 0.000000
4 0.500000 3.500000 0.050000 0.000000 0.000000 0.000000 0.000000
4 0.500000 3.500000 0.050000 0.000000 0.000000 0.000000 0.000000
4 0.500000 3.500000 0.050000 0.000000 0.423061 -0.500000 6.283185
4 0.500000 3.500000 0.050000 0.000000 0.423060 0.500000 6.283185
4 0.500000 3.500000 0.050000 0.000000 0.423061 0.500000 6.283185
4 0.500000 3.500000 0.050000 0.000000 0.000000 0.000000 0.000000
4 0.500000 3.500000 0.050000 0.000000 0.000000 0.000000 0.000000
4 0.500000 3.500000 0.050000 0.000000 0.423061 0.500000 6.283185
4 0.500000 3.500000 0.050000 0.000000 0.000000 0.339069 0.000000
4 0.500000 3.500000 0.050000 0.000000 0.423061 0.500000 6.283185
4 0.500000 3.500000 0.050000 0.000000 0.423061 0.500000 6.283185
4 0.500000 3.500000 0.050000 0.000000 0.000000 0.000000 0.000000
4 0.500000 3.500000 0.050000 0.000000 0.423061 0.500000 6.283185
4 0.500000 3.500000 0.050000 0.000000 0.000000 0.000000 0.000000
4 0.500000 3.500000 0.050000 0.000000 0.000000 0.342767 0.000000
4 0.500000 3.500000 0.050000 0.000000 0.423061 0.500000 6.283185
4 0.500000 3.500000 0.050000 0.000000 0.000000 0.000000 0.000000
4 0.500000 3.500000 0.050000 0.000000 0.423061 0.500000 6.283185
4 0.500000 3.500000 0.050000 0.000000 0.423061 0.500000 6.283185
4 0.500000 3.500000 0.050000 0.000000 0.000000 0.000000 0.000000
4 0.500000 3.500000 0.050000 0.000000 0.000000 0.000000 0.000000
4 0.500000 3.500000 0.050000 0.000000 0.000000 0.000000 0.000000
4 0.500000 3.500000 0.050000 0.000000 0.423061 0.500000 6.283185
4 0.500000 3.500000 0.050000 0.000000 0.423060 0.500000 6.283185
4 0.500000 3.500000 0.050000 0.000000 0.423061 0.500000 6.283185
4 0.500000 3.500000 0.050000 0.000000 0.423061 0.500000 6.283185
4 0.500000 3.500000 0.050000 0.000000 0.423061 0.500000 6.283185
4 0.500000 3.500000 0.050000 0.000000 0.000000 0.000000 0.000000
4 0.500000 3.500000 0.050000 0.000000 0.423061 0.500000 6.283185
4 0.500000 3.500000 0.050000 0.000000 0.000000 0.000000 0.000000
4 0.500000 3.500000 0.050000 0.000000 0.000000 0.000000 0.000000
4 0.500000 3.500000 0.050000 0.000000 0.423061 0.500000 6.283185
4 0.500000 3.500000 0.050000 0.000000 0.000000 0.000000 0.000000
4 0.500000 3.500000 0.050000 0.000000 0.000000 0.000000 0.000000
4 0.500000 3.500000 0.050000 0.000000 0.000000 0.000000 0.000000
4 0.500000 3.500000 0.050000 0.000000 0.423061 0.500000 6.283185
4 0.500000 3.500000 0.050000 0.000000 0.000000 0.000000 0.000000
4 0.500000 3.500000 0.050000 0.000000 0.000000 0.000000 0.000000
4 0.500000 3.500000 0.050000 0.000000 0.423061 0.500000 6.283185
4 0.500000 3.500000 0.050000 0.000000 0.423061 0.500000 6.283185
4 0.500000 3.500000 0.050000 0.000000 0.000000 0.000000 0.000000
4 0.500000 3.500000 0.050000 0.000000 0.000000 0.000000 0.000000
4 0.500000 3.500000 0.050000 0.000000 0.423061 -0.500000 6.283185
4 0.500000 3.500000 0.050000 0.000000 0.423061 0.500000 6.283185
4 0.500000 3.500000 0.050000 0.000000 0.423061 0.500000 6.283185
4 0.500000 3.500000 0.050000 0.000000 0.423061 0.500000 6.283185
4 0.500000 3.500000 0.050000 0.000000 0.423061 0.500000 6.283185
4 0.500000 3.500000 0.050000 0.000000 0.423061 0.500000 6.283185
4 0.500000 3.500000 0.050000 0.000000 0.423061 -0.500000 6.283185
4 0.500000 3.500000 0.050000 0.000000 0.423061 0.500000 6.283185
4 0.500000 3.500000 0.050000 0.000000 0.000000 0.000000 0.000000
4 0.500000 3.500000 0.050000 0.000000 0.000000 0.000000 0.000000
4 0.500000 3.500000 0.050000 0.000000 0.423061 -0.500000 6.283185
4 0.500000 3.500000 0.050000 0.000000 0.000000 0.000000 0.000000
4 0.500000 3.500000 0.050000 0.000000 0.423061 0.500000 6.283185
4 0.500000 3.500000 0.050000 0.000000 0.423060 0.500000 6.283185
4 0.500000 3.500000 0.050000 0.000000 0.423061 -0.500000 6.283185
4 0.500000 3.500000 0.050000 0.000000 0.000000 0.000000 0.000000
4 0.500000 3.500000 0.050000 0.000000 0.423061 0.500000 6.283185
4 0.500000 3.500000 0.050000 0.000000 0.423061 0.500000 6.283185
4 0.500000 3.500000 0.050000 0.000000 0.000000 0.000000 0.000000
4 0.500000 3.500000 0.050000 0.000000 0.423061 0.500000 6.283185
4 0.500000 3.500000 0.050000 0.000000 0.423061 0.500000 6.283185
4 0.500000 3.500000 0.050000 0.000000 0.423061 0.500000 6.283185
4 0.500000 3.500000 0.050000 0.000000 0.000000 0.000000 0.000000
4 0.500000 3.500000 0.050000 0.000000 0.423061 0.500000 6.283185
4 0.500000 3.500000 0.050000 0.000000 0.423061 0.500000 6.283185
4 0.500000 3.500000 0.050000 0.000000 0.423061 0.500000 6.283185
4 0.500000 3.500000 0.050000 0.000000 0.423061 0.500000 6.283185
4 0.500000 3.500000 0.050000 0.000000 0.423061 0.500000 6.283185
4 0.500000 3.500000 0.050000 0.000000 0.423062 0.500000 6.283185
4 0.500000 3.500000 0.050000 0.000000 0.423061 0.500000 6.283185
4 0.500000 3.500000 0.050000 0.000000 0.423061 -0.500000 6.283185
4 0.500000 3.500000 0.050000 0.000000 0.423060 0.500000 6.283185
4 0.500000 3.500000 0.050000 0.000000 0.423061 -0.500000 6.283185
4 0.500000 3.500000 0.050000 0.000000 0.423061 0.500000 6.283185
4 0.500000 3.500000 0.050000 0.000000 0.423061 0.500000 6.283185
4 0.500000 3.500000 0.050000 0.000000 0.423061 0.500000 6.283185
4 0.500000 3.500000 0.050000 0.000000 0.423061 -0.500000 6.283185
4 0.500000 3.500000 0.050000 0.000000 0.423060 0.500000 6.283185
4 0.500000 3.500000 0.050000 0.000000 0.423061 0.500000 6.283185
4 0.500000 3.500000 0.050000 0.000000 0.423061 0.500000 6.283185
4 0.500000 3.500000 0.050000 0.000000 0.000000 0.000000 0.000000
4 0.500000 3.500000 0.050000 0.000000 0.423061 -0.500000 6.283185
4 0.500000 3.500000 0.050000 0.000000 0.000000 0.000000 0.000000
4 0.500000 3.500000 0.050000 0.000000 0.423061 0.500000 6.283185
4 0.500000 3.500000 0.050000 0.000000 0.423061 0.500000 6.283185
4 0.500000 3.500000 0.050000 0.000000 0.423061 0.500000 6.283185
4 0.500000 3.500000 0.050000 0.000000 0.000000 0.000000 0.000000
4 0.500000 3.500000 0.050000 0.000000 0.000000 0.000000 0.000000
4 0.500000 3.500000 0.050000 0.000000 0.423061 0.500000 6.283185
4 0.500000 3.500000 0.050000 0.000000 0.000000 0.000000 0.000000
4 0.500000 3.500000 0.050000 0.000000 0.423061 0.500000 6.283185
4 0.500000 3.500000 0.050000 0.000000 0.423061 0.500000 6.283185
4 0.500000 3.500000 0.050000 0.000000 0.423061 0.500000 6.283185
4 0.500000 3.500000 0.050000 0.000000 0.423061 0.500000 6.283185
4 0.500000 3.500000 0.050000 0.000000 0.423061 0.500000 6.283185
4 0.500000 3.500000 0.050000 0.000000 0.423061 0.500000 6.283185
4 0.500000 3.500000 0.050000 0.000000 0.423061 0.500000 6.283185
4 0.500000 3.500000 0.050000 0.000000 0.000000 0.000000 0.000000
4 0.500000 3.500000 0.050000 0.000000 0.000000 0.000000 0.000000
4 0.500000 3.500000 0.050000 0.000000 0.423060 0.500000 6.283185
4 0.500000 3.500000 0.050000 0.000000 0.423061 0.500000 6.283185
4 0.500000 3.500000 0.050000 0.000000 0.423061 0.500000 6.283185
4 0.500000 3.500000 0.050000 0.000000 0.000000 0.000000 0.000000
4 0.500000 3.500000 0.050000 0.000000 0.423061 0.500000 6.283185
4 0.500000 3.500000 0.050000 0.000000 0.423061 0.500000 6.283185
4 0.500000 3.500000 0.050000 0.000000 0.423061 0.500000 6.283185
4 0.500000 3.500000 0.050000 0.000000 0.423061 0.500000 6.283185
4 0.500000 3.500000 0.050000 0.000000 0.423060 -0.500000 6.283185
4 0.500000 3.500000 0.050000 0.000000 0.423061 0.500000 6.283185
4 0.500000 3.500000 0.050000 0.000000 0.000000 0.000000 0.000000
4 0.500000 3.500000 0.050000 0.000000 0.423061 0.500000 6.283185
4 0.500000 3.500000 0.050000 0.000000 0.000000 0.339193 0.000000
4 0.500000 3.500000 0.050000 0.000000 0.423061 -0.500000 6.283185
4 0.500000 3.500000 0.050000 0.000000 0.000000 0.000000 0.000000
4 0.500000 3.500000 0.050000 0.000000 0.423061 0.500000 6.283185
4 0.500000 3.500000 0.050000 0.000000 0.423060 0.500000 6.283185
4 0.500000 3.500000 0.050000 0.000000 0.423061 -0.500000 6.283185
4 0.500000 3.500000 0.050000 0.000000 0.000000 0.000000 0.000000
4 0.500000 3.500000 0.050000 0.000000 0.423061 0.500000 6.283185
4 0.500000 3.500000 0.050000 0.000000 0.423064 0.500000 6.283185
4 0.500000 3.500000 0.050000 0.000000 0.000000 0.000000 0.000000
4 0.500000 3.500000 0.050000 0.000000 0.000000 0.000000 0.000000
4 0.500000 3.500000 0.050000 0.000000 0.000000 0.000000 0.000000
4 0.500000 3.500000 0.050000 0.000000 0.423061 0.500000 6.283185
4 0.500000 3.500000 0.050000 0.000000 0.000000 0.000000 0.000000
4 0.500000 3.500000 0.050000 0.000000 0.423060 0.500000 6.283185
4 0.500000 3.500000 0.050000 0.000000 0.000000 0.000000 0.000000
4 0.500000 3.500000 0.050000 0.000000 0.423061 0.500000 6.283185
4 0.500000 3.500000 0.050000 0.000000 0.423061 0.500000 6.283185
4 0.500000 3.500000 0.050000 0.000000 0.423061 0.500000 6.283185
4 0.500000 3.500000 0.050000 0.000000 0.000000 -0.338817 0.000000
4 0.500000 3.500000 0.050000 0.000000 0.000000 0.000000 0.000000
4 0.500000 3.500000 0.050000 0.000000 0.423061 -0.500000 6.283185
4 0.500000 3.500000 0.050000 0.000000 0.000000 0.000000 0.000000
4 0.500000 3.500000 0.050000 0.000000 0.423061 -0.500000 6.283185
4 0.500000 3.500000 0.050000 0.000000 0.423060 0.500000 6.283185
4 0.500000 3.500000 0.050000 0.000000 0.423061 0.500000 6.283185
4 0.500000 3.500000 0.050000 0.000000 0.423061 0.500000 6.283185
4 0.500000 3.500000 0.050000 0.000000 0.423061 0.500000 6.283185
4 0.500000 3.500000 0.050000 0.000000 0.423061 0.500000 6.283185
4 0.500000 3.500000 0.050000 0.000000 0.000000 0.000000 0.000000
4 0.500000 3.500000 0.050000 0.000000 0.000000 0.000000 0.000000
4 0.500000 3.500000 0.050000 0.000000 0.423060 0.500000 6.283185
4 0.500000 3.500000 0.050000 0.000000 0.000000 0.000000 0.000000
4 0.500000 3.500000 0.050000 0.000000 0.423061 0.500000 6.283185
4 0.500000 3.500000 0.050000 0.000000 0.423061 0.500000 6.283185
4 0.500000 3.500000 0.050000 0.000000 0.423061 0.500000 6.283185
4 0.500000 3.500000 0.050000 0.000000 0.000000 0.000000 0.000000
4 0.500000 3.500000 0.050000 0.000000 0.423061 0.500000 6.283185
4 0.500000 3.500000 0.050000 0.000000 0.000000 0.000000 0.000000
4 0.500000 3.500000 0.050000 0.000000 0.000000 0.000000 0.000000
4 0.500000 3.500000 0.050000 0.000000 0.423061 0.500000 6.283185
4 0.500000 3.500000 0.050000 0.000000 0.423061 -0.500000 6.283185
4 0.500000 3.500000 0.050000 0.000000 0.423061 0.500000 6.283185
4 0.500000 3.500000 0.050000 0.000000 0.423061 0.500000 6.283185
4 0.500000 3.500000 0.050000 0.000000 0.423061 -0.500000 6.283185
4 0.500000 3.500000 0.050000 0.000000 0.000000 0.000000 0.000000
4 0.500000 3.500000 0.050000 0.000000 0.423060 0.500000 6.283185
4 0.500000 3.500000 0.050000 0.000000 0.423061 0.500000 6.283185
4 0.500000 3.500000 0.050000 0.000000 0.423061 0.500000 6.283185
4 0.500000 3.500000 0.050000 0.000000 0.423061 0.500000 6.283185
4 0.500000 3.500000 0.050000 0.000000 0.000000 0.000000 0.000000
4 0.500000 3.500000 0.050000 0.000000 0.000000 0.347293 0.000000
4 0.500000 3.500000 0.050000 0.000000 0.423061 0.500000 6.283185
4 0.500000 3.500000 0.050000 0.000000 0.423060 -0.500000 6.283185
4 0.500000 3.500000 0.050000 0.000000 0.000000 0.000000 0.000000
4 0.500000 3.500000 0.050000 0.000000 0.000000 0.000000 0.000000
4 0.500000 3.500000 0.050000 0.000000 0.000000 0.338895 0.000000
4 0.500000 3.500000 0.050000 0.000000 0.423061 0.500000 6.283185
4 0.500000 3.500000 0.050000 0.000000 0.423061 -0.500000 6.283185
4 0.500000 3.500000 0.050000 0.000000 0.423061 0.500000 6.283185
4 0.500000 3.500000 0.050000 0.000000 0.000000 0.000000 0.000000
4 0.500000 3.500000 0.050000 0.000000 0.423061 0.500000 6.283185
4 0.500000 3.500000 0.050000 0.000000 0.423061 0.500000 6.283185
4 0.500000 3.500000 0.050000 0.000000 0.423060 0.500000 6.283185
4 0.500000 3.500000 0.050000 0.000000 0.423060 0.500000 6.283185
4 0.500000 3.500000 0.050000 0.000000 0.000000 0.338338 0.000000
4 0.500000 3.500000 0.050000 0.000000 0.423062 0.500000 6.283185
4 0.500000 3.500000 0.050000 0.000000 0.000000 0.000000 0.000000
4 0.500000 3.500000 0.050000 0.000000 0.423061 0.500000 6.283185
4 0.500000 3.500000 0.050000 0.000000 0.000000 0.000000 0.000000
4 0.500000 3.500000 0.050000 0.000000 0.423061 0.500000 6.283185
4 0.500000 3.500000 0.050000 0.000000 0.423061 0.500000 6.283185
4 0.500000 3.500000 0.050000 0.000000 0.423060 0.500000 6.283185
4 0.500000 3.500000 0.050000 0.000000 0.423061 0.500000 6.283185
4 0.500000 3.500000 0.050000 0.000000 0.423061 0.500000 6.283185
4 0.500000 3.500000 0.050000 0.000000 0.423060 0.500000 6.283185
4 0.500000 3.500000 0.050000 0.000000 0.000000 0.000000 0.000000
4 0.500000 3.500000 0.050000 0.000000 0.423060 -0.500000 6.283185
4 0.500000 3.500000 0.050000 0.000000 0.000000 0.000000 0.000000
4 0.500000 3.500000 0.050000 0.000000 0.423061 0.500000 6.283185
4 0.500000 3.500000 0.050000 0.000000 0.000000 0.000000 0.000000
4 0.500000 3.500000 0.050000 0.000000 0.423061 0.500000 6.283185
4 0.500000 3.500000 0.050000 0.000000 0.423060 0.500000 6.283185
4 0.500000 3.500000 0.050000 0.000000 0.000000 0.000000 0.000000
4 0.500000 3.500000 0.050000 0.000000 0.423060 -0.500000 6.283185
4 0.500000 3.500000 0.050000 0.000000 0.423061 0.500000 6.283185
4 0.500000 3.500000 0.050000 0.000000 0.423060 0.500000 6.283185
4 0.500000 3.500000 0.050000 0.000000 0.423061 -0.500000 6.283185
4 0.500000 3.500000 0.050000 0.000000 0.000000 0.000000 0.000000
4 0.500000 3.500000 0.050000 0.000000 0.000000 0.000000 0.000000
4 0.500000 3.500000 0.050000 0.000000 0.000000 0.000000 0.000000
4 0.500000 3.500000 0.050000 0.000000 0.000000 0.000000 0.000000
4 0.500000 3.500000 0.050000 0.000000 0.423061 0.500000 6.283185
4 0.500000 3.500000 0.050000 0.000000 0.423061 -0.500000 6.283185
4 0.500000 3.500000 0.050000 0.000000 0.423061 0.500000 6.283185
4 0.500000 3.500000 0.050000 0.000000 0.423061 0.500000 6.283185
4 0.500000 3.500000 0.050000 0.000000 0.423061 0.500000 6.283185
4 0.500000 3.500000 0.050000 0.000000 0.000000 0.000000 0.000000
4 0.500000 3.500000 0.050000 0.000000 0.000000 0.000000 0.000000
4 0.500000 3.500000 0.050000 0.000000 0.423061 0.500000 6.283185
4 0.500000 3.500000 0.050000 0.000000 0.000000 0.337398 0.000000
4 0.500000 3.500000 0.050000 0.000000 0.423061 0.500000 6.283185
4 0.500000 3.500000 0.050000 0.000000 0.000000 0.000000 0.000000
4 0.500000 3.500000 0.050000 0.000000 0.000000 0.338338 0.000000
4 0.500000 3.500000 0.050000 0.000000 0.423061 -0.500000 6.283185
4 0.500000 3.500000 0.050000 0.000000 0.000000 0.000000 0.000000
4 0.500000 3.500000 0.050000 0.000000 0.423061 -0.500000 6.283185
4 0.500000 3.500000 0.050000 0.000000 0.423061 0.500000 6.283185
4 0.500000 3.500000 0.050000 0.000000 0.423060 0.500000 6.283185
4 0.500000 3.500000 0.050000 0.000000 0.423060 0.500000 6.283185
4 0.500000 3.500000 0.050000 0.000000 0.000000 0.000000 0.000000
4 0.500000 3.500000 0.050000 0.000000 0.000000 0.000000 0.000000
4 0.500000 3.500000 0.050000 0.000000 0.000000 0.000000 0.000000
4 0.500000 3.500000 0.050000 0.000000 0.423061 0.500000 6.283185
4 0.500000 3.500000 0.050000 0.000000 0.423061 0.500000 6.283185
4 0.500000 3.500000 0.050000 0.000000 0.423060 0.500000 6.283185
4 0.500000 3.500000 0.050000 0.000000 0.423061 0.500000 6.283185
4 0.500000 3.500000 0.050000 0.000000 0.423061 -0.500000 6.283185
4 0.500000 3.500000 0.050000 0.000000 0.000000 0.000000 0.000000
4 0.500000 3.500000 0.050000 0.000000 0.000000 0.000000 0.000000
4 0.500000 3.500000 0.050000 0.000000 0.423061 0.500000 6.283185
4 0.500000 3.500000 0.050000 0.000000 0.000000 0.337880 0.000000
4 0.500000 3.500000 0.050000 0.000000 0.000000 0.340748 0.000000
4 0.500000 3.500000 0.050000 0.000000 0.000000 0.000000 0.000000
4 0.500000 3.500000 0.050000 0.000000 0.423061 0.500000 6.283185
4 0.500000 3.500000 0.050000 0.000000 0.000000 0.000000 0.000000
4 0.500000 3.500000 0.050000 0.000000 0.423061 0.500000 6.283185
4 0.500000 3.500000 0.050000 0.000000 0.423061 0.500000 6.283185
4 0.500000 3.500000 0.050000 0.000000 0.423061 -0.500000 6.283185
4 0.500000 3.500000 0.050000 0.000000 0.423061 0.500000 6.283185
4 0.500000 3.500000 0.050000 0.000000 0.423060 0.500000 6.283185
4 0.500000 3.500000 0.050000 0.000000 0.000000 0.000000 0.000000
4 0.500000 3.500000 0.050000 0.000000 0.423061 -0.500000 6.283185
4 0.500000 3.500000 0.050000 0.000000 0.423060 -0.500000 6.283185
4 0.500000 3.500000 0.050000 0.000000 0.000000 0.000000 0.000000
4 0.500000 3.500000 0.050000 0.000000 0.000000 0.000000 0.000000
4 0.500000 3.500000 0.050000 0.000000 0.423060 -0.500000 6.283185
4 0.500000 3.500000 0.050000 0.000000 0.423061 0.500000 6.283185
4 0.500000 3.500000 0.050000 0.000000 0.423061 0.500000 6.283185
4 0.500000 3.500000 0.050000 0.000000 0.000000 0.000000 0.000000
4 0.500000 3.500000 0.050000 0.000000 0.423061 -0.500000 6.283185
4 0.500000 3.500000 0.050000 0.000000 0.000000 0.000000 0.000000
4 0.500000 3.500000 0.050000 0.000000 0.423061 0.500000 6.283185
4 0.500000 3.500000 0.050000 0.000000 0.423061 -0.500000 6.283185
4 0.500000 3.500000 0.050000 0.000000 0.000000 0.000000 0.000000
4 0.500000 3.500000 0.050000 0.000000 0.423061 0.500000 6.283185
4 0.500000 3.500000 0.050000 0.000000 0.000000 0.338462 0.000000
4 0.500000 3.500000 0.050000 0.000000 0.423061 0.500000 6.283185
4 0.500000 3.500000 0.050000 0.000000 0.000000 0.355363 0.000000
4 0.500000 3.500000 0.050000 0.000000 0.000000 0.000000 0.000000
4 0.500000 3.500000 0.050000 0.000000 0.000000 0.000000 0.000000
4 0.500000 3.500000 0.050000 0.000000 0.423061 0.500000 6.283185
4 0.500000 3.500000 0.050000 0.000000 0.423061 0.500000 6.283185
4 0.500000 3.500000 0.050000 0.000000 0.423061 0.500000 6.283185
4 0.500000 3.500000 0.050000 0.000000 0.000000 -0.341734 0.000000
4 0.500000 3.500000 0.050000 0.000000 0.000000 0.000000 0.000000
4 0.500000 3.500000 0.050000 0.000000 0.423061 -0.500000 6.283185
4 0.500000 3.500000 0.050000 0.000000 0.423061 0.500000 6.283185
4 0.500000 3.500000 0.050000 0.000000 0.423061 0.500000 6.283185
4 0.500000 3.500000 0.050000 0.000000 0.423061 -0.500000 6.283185
4 0.500000 3.500000 0.050000 0.000000 0.423061 0.500000 6.283185
4 0.500000 3.500000 0.050000 0.000000 0.423061 -0.500000 6.283185
4 0.500000 3.500000 0.050000 0.000000 0.423061 0.500000 6.283185
4 0.500000 3.500000 0.050000 0.000000 0.000000 0.000000 0.000000
4 0.500000 3.500000 0.050000 0.000000 0.423060 0.500000 6.283185
4 0.500000 3.500000 0.050000 0.000000 0.423061 -0.500000 6.283185
4 0.500000 3.500000 0.050000 0.000000 0.000000 -0.338947 0.000000
4 0.500000 3.500000 0.050000 0.000000 0.423061 0.500000 6.283185
4 0.500000 3.500000 0.050000 0.000000 0.423060 0.500000 6.283185
4 0.500000 3.500000 0.050000 0.000000 0.423061 0.500000 6.283185
4 0.500000 3.500000 0.050000 0.000000 0.423061 0.500000 6.283185
4 0.500000 3.500000 0.050000 0.000000 0.423061 -0.500000 6.283185
4 0.500000 3.500000 0.050000 0.000000 0.423061 -0.500000 6.283185
4 0.500000 3.500000 0.050000 0.000000 0.423061 -0.500000 6.283185
4 0.500000 3.500000 0.050000 0.000000 0.000000 -0.345588 0.000000
4 0.500000 3.500000 0.050000 0.000000 0.000000 0.000000 0.000000
4 0.500000 3.500000 0.050000 0.000000 0.423061 0.500000 6.283185
4 0.500000 3.500000 0.050000 0.000000 0.423061 -0.500000 6.283185
4 0.500000 3.500000 0.050000 0.000000 0.423061 -0.500000 6.283185
4 0.500000 3.500000 0.050000 0.000000 0.423061 -0.500000 6.283185
4 0.500000 3.500000 0.050000 0.000000 0.423061 0.500000 6.283185
4 0.500000 3.500000 0.050000 0.000000 0.423061 0.500000 6.283185
4 0.500000 3.500000 0.050000 0.000000 0.000000 0.000000 0.000000
4 0.500000 3.500000 0.050000 0.000000 0.000000 0.000000 0.000000
4 0.500000 3.500000 0.050000 0.000000 0.000000 0.000000 0.000000
4 0.500000 3.500000 0.050000 0.000000 0.423061 -0.500000 6.283185
4 0.500000 3.500000 0.050000 0.000000 0.423061 0.500000 6.283185
4 0.500000 3.500000 0.050000 0.000000 0.423061 0.500000 6.283185
4 0.500000 3.500000 0.050000 0.000000 0.423060 0.500000 6.283185
4 0.500000 3.500000 0.050000 0.000000 0.000000 0.000000 0.000000
4 0.500000 3.500000 0.050000 0.000000 0.423061 0.500000 6.283185
4 0.500000 3.500000 0.050000 0.000000 0.423061 0.500000 6.283185
4 0.500000 3.500000 0.050000 0.000000 0.423060 0.500000 6.283185
4 0.500000 3.500000 0.050000 0.000000 0.000000 0.000000 0.000000
4 0.500000 3.500000 0.050000 0.000000 0.000000 0.000000 0.000000
4 0.500000 3.500000 0.050000 0.000000 0.423061 0.500000 6.283185
4 0.500000 3.500000 0.050000 0.000000 0.423061 0.500000 6.283185
4 0.500000 3.500000 0.050000 0.000000 0.423061 0.500000 6.283185
4 0.500000 3.500000 0.050000 0.000000 0.000000 0.000000 0.000000
4 0.500000 3.500000 0.050000 0.000000 0.423061 0.500000 6.283185
4 0.500000 3.500000 0.050000 0.000000 0.423061 0.500000 6.283185
4 0.500000 3.500000 0.050000 0.000000 0.423062 0.500000 6.283185
4 0.500000 3.500000 0.050000 0.000000 0.000000 0.000000 0.000000
4 0.500000 3.500000 0.050000 0.000000 0.000000 -0.320930 0.000000
4 0.500000 3.500000 0.050000 0.000000 0.423061 0.500000 6.283185
4 0.500000 3.500000 0.050000 0.000000 0.000000 0.000000 0.000000
4 0.500000 3.500000 0.050000 0.000000 0.423061 0.500000 6.283185
4 0.500000 3.500000 0.050000 0.000000 0.000000 0.000000 0.000000
4 0.500000 3.500000 0.050000 0.000000 0.423061 0.500000 6.283185
4 0.500000 3.500000 0.050000 0.000000 0.423061 0.500000 6.283185
4 0.500000 3.500000 0.050000 0.000000 0.000000 0.000000 0.000000
4 0.500000 3.500000 0.050000 0.000000 0.423060 0.500000 6.283185
4 0.500000 3.500000 0.050000 0.000000 0.423060 0.500000 6.283185
4 0.500000 3.500000 0.050000 0.000000 0.000000 0.000000 0.000000
4 0.500000 3.500000 0.050000 0.000000 0.423061 0.500000 6.283185
4 0.500000 3.500000 0.050000 0.000000 0.423060 0.500000 6.283185
4 0.500000 3.500000 0.050000 0.000000 0.423061 -0.500000 6.283185
4 0.500000 3.500000 0.050000 0.000000 0.423061 -0.500000 6.283185
4 0.500000 3.500000 0.050000 0.000000 0.423061 0.500000 6.283185
4 0.500000 3.500000 0.050000 0.000000 0.000000 0.000000 0.000000
4 0.500000 3.500000 0.050000 0.000000 0.423061 0.500000 6.283185
4 0.500000 3.500000 0.050000 0.000000 0.423061 0.500000 6.283185
4 0.500000 3.500000 0.050000 0.000000 0.423061 0.500000 6.283185
4 0.500000 3.500000 0.050000 0.000000 0.423061 0.500000 6.283185
4 0.500000 3.500000 0.050000 0.000000 0.423061 0.500000 6.283185
4 0.500000 3.500000 0.050000 0.000000 0.423061 -0.500000 6.283185
4 0.500000 3.500000 0.050000 0.000000 0.423061 0.500000 6.283185
4 0.500000 3.500000 0.050000 0.000000 0.423060 0.500000 6.283185
4 0.500000 3.500000 0.050000 0.000000 0.423061 0.500000 6.283185
4 0.500000 3.500000 0.050000 0.000000 0.423061 0.500000 6.283185
4 0.500000 3.500000 0.050000 0.000000 0.423061 0.500000 6.283185
4 0.500000 3.500000 0.050000 0.000000 0.000000 0.000000 0.000000
4 0.500000 3.500000 0.050000 0.000000 0.423061 0.500000 6.283185
4 0.500000 3.500000 0.050000 0.000000 0.423061 0.500000 6.283185
4 0.500000 3.500000 0.050000 0.000000 0.423061 0.500000 6.283185
4 0.500000 3.500000 0.050000 0.000000 0.423060 0.500000 6.283185
4 0.500000 3.500000 0.050000 0.000000 0.423061 -0.500000 6.283185
4 0.500000 3.500000 0.050000 0.000000 0.423060 0.500000 6.283185
4 0.500000 3.500000 0.050000 0.000000 0.423061 0.500000 6.283185
4 0.500000 3.500000 0.050000 0.000000 0.423060 0.500000 6.283185
4 0.500000 3.500000 0.050000 0.000000 0.000000 0.000000 0.000000
4 0.500000 3.500000 0.050000 0.000000 0.000000 0.000000 0.000000
4 0.500000 3.500000 0.050000 0.000000 0.423061 0.500000 6.283185
4 0.500000 3.500000 0.050000 0.000000 0.423060 0.500000 6.283185
4 0.500000 3.500000 0.050000 0.000000 0.000000 0.000000 0.000000
4 0.500000 3.500000 0.050000 0.000000 0.423061 0.500000 6.283185
4 0.500000 3.500000 0.050000 0.000000 0.423062 -0.500000 6.283185
4 0.500000 3.500000 0.050000 0.000000 0.000000 0.000000 0.000000
4 0.500000 3.500000 0.050000 0.000000 0.000000 0.000000 0.000000
4 0.500000 3.500000 0.050000 0.000000 0.000000 0.000000 0.000000
4 0.500000 3.500000 0.050000 0.000000 0.423061 0.500000 6.283185
4 0.500000 3.500000 0.050000 0.000000 0.423061 0.500000 6.283185
4 0.500000 3.500000 0.050000 0.000000 0.000000 0.000000 0.000000
4 0.500000 3.500000 0.050000 0.000000 0.423061 0.500000 6.283185
4 0.500000 3.500000 0.050000 0.000000 0.000000 0.000000 0.000000
4 0.500000 3.500000 0.050000 0.000000 0.000000 0.000000 0.000000
4 0.500000 3.500000 0.050000 0.000000 0.423061 0.500000 6.283185
4 0.500000 3.500000 0.050000 0.000000 0.423061 0.500000 6.283185
4 0.500000 3.500000 0.050000 0.000000 0.423061 -0.500000 6.283185
4 0.500000 3.500000 0.050000 0.000000 0.000000 0.000000 0.000000
4 0.500000 3.500000 0.050000 0.000000 0.423061 0.500000 6.283185
4 0.500000 3.500000 0.050000 0.000000 0.423060 0.500000 6.283185
4 0.500000 3.500000 0.050000 0.000000 0.000000 0.000000 0.000000
4 0.500000 3.500000 0.050000 0.000000 0.000000 0.000000 0.000000
4 0.500000 3.500000 0.050000 0.000000 0.000000 0.000000 0.000000
4 0.500000 3.500000 0.050000 0.000000 0.423061 0.500000 6.283185
4 0.500000 3.500000 0.050000 0.000000 0.423061 0.500000 6.283185
4 0.500000 3.500000 0.050000 0.000000 0.423060 0.500000 6.283185
4 0.500000 3.500000 0.050000 0.000000 0.423061 0.500000 6.283185
4 0.500000 3.500000 0.050000 0.000000 0.000000 0.000000 0.000000
4 0.500000 3.500000 0.050000 0.000000 0.423061 0.500000 6.283185
4 0.500000 3.500000 0.050000 0.000000 0.000000 0.000000 0.000000
4 0.500000 3.500000 0.050000 0.000000 0.000000 0.000000 0.000000
4 0.500000 3.500000 0.050000 0.000000 0.000000 0.000000 0.000000
4 0.500000 3.500000 0.050000 0.000000 0.000000 0.000000 0.000000
4 0.500000 3.500000 0.050000 0.000000 0.423060 0.500000 6.283185
4 0.500000 3.500000 0.050000 0.000000 0.423061 0.500000 6.283185
4 0.500000 3.500000 0.050000 0.000000 0.000000 0.000000 0.000000
4 0.500000 3.500000 0.050000 0.000000 0.423060 0.500000 6.283185
4 0.500000 3.500000 0.050000 0.000000 0.000000 0.000000 0.000000
4 0.500000 3.500000 0.050000 0.000000 0.423061 -0.500000 6.283185
4 0.500000 3.500000 0.050000 0.000000 0.423061 0.500000 6.283185
4 0.500000 3.500000 0.050000 0.000000 0.423061 0.500000 6.283185
4 0.500000 3.500000 0.050000 0.000000 0.000000 0.000000 0.000000
4 0.500000 3.500000 0.050000 0.000000 0.000000 0.000000 0.000000
4 0.500000 3.500000 0.050000 0.000000 0.423061 -0.500000 6.283185
4 0.500000 3.500000 0.050000 0.000000 0.423061 0.500000 6.283185
4 0.500000 3.500000 0.050000 0.000000 0.000000 0.000000 0.000000
4 0.500000 3.500000 0.050000 0.000000 0.000000 0.000000 0.000000
4 0.500000 3.500000 0.050000 0.000000 0.423061 0.500000 6.283185
4 0.500000 3.500000 0.050000 0.000000 0.423061 0.500000 6.283185
4 0.500000 3.500000 0.050000 0.000000 0.000000 0.000000 0.000000
4 0.500000 3.500000 0.050000 0.000000 0.423061 0.500000 6.283185
4 0.500000 3.500000 0.050000 0.000000 0.000000 0.000000 0.000000
4 0.500000 3.500000 0.050000 0.000000 0.000000 0.340681 0.000000
4 0.500000 3.500000 0.050000 0.000000 0.423061 0.500000 6.283185
4 0.500000 3.500000 0.050000 0.000000 0.000000 0.000000 0.000000
4 0.500000 3.500000 0.050000 0.000000 0.423061 0.500000 6.283185
4 0.500000 3.500000 0.050000 0.000000 0.423061 0.500000 6.283185
4 0.500000 3.500000 0.050000 0.000000 0.423061 0.500000 6.283185
4 0.500000 3.500000 0.050000 0.000000 0.423061 0.500000 6.283185
4 0.500000 3.500000 0.050000 0.000000 0.000000 0.000000 0.000000
4 0.500000 3.500000 0.050000 0.000000 0.423061 -0.500000 6.283185
4 0.500000 3.500000 0.050000 0.000000 0.423061 -0.500000 6.283185
4 0.500000 3.500000 0.050000 0.000000 0.000000 0.000000 0.000000
4 0.500000 3.500000 0.050000 0.000000 0.000000 0.000000 0.000000
4 0.500000 3.500000 0.050000 0.000000 0.423061 0.500000 6.283185
4 0.500000 3.500000 0.050000 0.000000 0.000000 0.000000 0.000000
4 0.500000 3.500000 0.050000 0.000000 0.423061 0.500000 6.283185
4 0.500000 3.500000 0.050000 0.000000 0.000000 0.000000 0.000000
4 0.500000 3.500000 0.050000 0.000000 0.423061 0.500000 6.283185
4 0.500000 3.500000 0.050000 0.000000 0.000000 0.000000 0.000000
4 0.500000 3.500000 0.050000 0.000000 0.000000 0.000000 0.000000
4 0.500000 3.500000 0.050000 0.000000 0.423061 -0.500000 6.283185
4 0.500000 3.500000 0.050000 0.000000 0.423061 0.500000 6.283185
4 0.500000 3.500000 0.050000 0.000000 0.423061 0.500000 6.283185
4 0.500000 3.500000 0.050000 0.000000 0.423062 0.500000 6.283185
4 0.500000 3.500000 0.050000 0.000000 0.423061 0.500000 6.283185
4 0.500000 3.500000 0.050000 0.000000 0.000000 0.000000 0.000000
4 0.500000 3.500000 0.050000 0.000000 0.423060 0.500000 6.283185
4 0.500000 3.500000 0.050000 0.000000 0.000000 0.000000 0.000000
4 0.500000 3.500000 0.050000 0.000000 0.423061 0.500000 6.283185
4 0.500000 3.500000 0.050000 0.000000 0.000000 0.000000 0.000000
4 0.500000 3.500000 0.050000 0.000000 0.423061 0.500000 6.283185
4 0.500000 3.500000 0.050000 0.000000 0.000000 0.000000 0.000000
4 0.500000 3.500000 0.050000 0.000000 0.423060 0.500000 6.283185
4 0.500000 3.500000 0.050000 0.000000 0.000000 0.000000 0.000000
4 0.500000 3.500000 0.050000 0.000000 0.423061 0.500000 6.283185
4 0.500000 3.500000 0.050000 0.000000 0.423061 0.500000 6.283185
4 0.500000 3.500000 0.050000 0.000000 0.423061 0.500000 6.283185
4 0.500000 3.500000 0.050000 0.000000 0.423061 0.500000 6.283185
4 0.500000 3.500000 0.050000 0.000000 0.423061 0.500000 6.283185
4 0.500000 3.500000 0.050000 0.000000 0.423060 0.500000 6.283185
4 0.500000 3.500000 0.050000 0.000000 0.423064 -0.500000 6.283185
4 0.500000 3.500000 0.050000 0.000000 0.000000 0.000000 0.000000
4 0.500000 3.500000 0.050000 0.000000 0.000000 0.000000 0.000000
4 0.500000 3.500000 0.050000 0.000000 0.423061 0.500000 6.283185
4 0.500000 3.500000 0.050000 0.000000 0.423061 0.500000 6.283185
4 0.500000 3.500000 0.050000 0.000000 0.423061 0.500000 6.283185
4 0.500000 3.500000 0.050000 0.000000 0.423061 0.500000 6.283185
4 0.500000 3.500000 0.050000 0.000000 0.000000 0.000000 0.000000
4 0.500000 3.500000 0.050000 0.000000 0.423061 -0.500000 6.283185
4 0.500000 3.500000 0.050000 0.000000 0.423061 0.500000 6.283185
4 0.500000 3.500000 0.050000 0.000000 0.423061 0.500000 6.283185
4 0.500000 3.500000 0.050000 0.000000 0.423061 0.500000 6.283185
4 0.500000 3.500000 0.050000 0.000000 0.423060 0.500000 6.283185
4 0.500000 3.500000 0.050000 0.000000 0.000000 0.000000 0.000000
4 0.500000 3.500000 0.050000 0.000000 0.000000 0.000000 0.000000
4 0.500000 3.500000 0.050000 0.000000 0.000000 0.000000 0.000000
4 0.500000 3.500000 0.050000 0.000000 0.423061 0.500000 6.283185
4 0.500000 3.500000 0.050000 0.000000 0.423061 0.500000 6.283185
4 0.500000 3.500000 0.050000 0.000000 0.000000 0.000000 0.000000
4 0.500000 3.500000 0.050000 0.000000 0.000000 0.000000 0.000000
4 0.500000 3.500000 0.050000 0.000000 0.000000 0.000000 0.000000
4 0.500000 3.500000 0.050000 0.000000 0.000000 0.000000 0.000000
4 0.500000 3.500000 0.050000 0.000000 0.423060 -0.500000 6.283185
4 0.500000 3.500000 0.050000 0.000000 0.423061 0.500000 6.283185
4 0.500000 3.500000 0.050000 0.000000 0.000000 0.000000 0.000000
4 0.500000 3.500000 0.050000 0.000000 0.423060 0.500000 6.283185
4 0.500000 3.500000 0.050000 0.000000 0.423061 0.500000 6.283185
4 0.500000 3.500000 0.050000 0.000000 0.423061 0.500000 6.283185
4 0.500000 3.500000 0.050000 0.000000 0.000000 0.000000 0.000000
4 0.500000 3.500000 0.050000 0.000000 0.423061 0.500000 6.283185
4 0.500000 3.500000 0.050000 0.000000 0.000000 0.000000 0.000000
4 0.500000 3.500000 0.050000 0.000000 0.000000 0.000000 0.000000
4 0.500000 3.500000 0.050000 0.000000 0.000000 0.000000 0.000000
4 0.500000 3.500000 0.050000 0.000000 0.423061 0.500000 6.283185
4 0.500000 3.500000 0.050000 0.000000 0.000000 0.000000 0.000000
4 0.500000 3.500000 0.050000 0.000000 0.423060 -0.500000 6.283185
4 0.500000 3.500000 0.050000 0.000000 0.000000 0.000000 0.000000
4 0.500000 3.500000 0.050000 0.000000 0.423061 0.500000 6.283185
4 0.500000 3.500000 0.050000 0.000000 0.423061 0.500000 6.283185
4 0.500000 3.500000 0.050000 0.000000 0.423061 -0.500000 6.283185
4 0.500000 3.500000 0.050000 0.000000 0.423060 0.500000 6.283185
4 0.500000 3.500000 0.050000 0.000000 0.423061 0.500000 6.283185
4 0.500000 3.500000 0.050000 0.000000 0.423061 0.500000 6.283185
4 0.500000 3.500000 0.050000 0.000000 0.423061 0.500000 6.283185
4 0.500000 3.500000 0.050000 0.000000 0.000000 0.000000 0.000000
4 0.500000 3.500000 0.050000 0.000000 0.423061 -0.500000 6.283185
4 0.500000 3.500000 0.050000 0.000000 0.423061 0.500000 6.283185
4 0.500000 3.500000 0.050000 0.000000 0.423061 -0.500000 6.283185
4 0.500000 3.500000 0.050000 0.000000 0.000000 0.000000 0.000000
4 0.500000 3.500000 0.050000 0.000000 0.423061 -0.500000 6.283185
4 0.500000 3.500000 0.050000 0.000000 0.423061 0.500000 6.283185
4 0.500000 3.500000 0.050000 0.000000 0.000000 0.000000 0.000000
4 0.500000 3.500000 0.050000 0.000000 0.423060 0.500000 6.283185
4 0.500000 3.500000 0.050000 0.000000 0.000000 0.000000 0.000000
4 0.500000 3.500000 0.050000 0.000000 0.000000 0.000000 0.000000
4 0.500000 3.500000 0.050000 0.000000 0.423061 0.500000 6.283185
4 0.500000 3.500000 0.050000 0.000000 0.423061 0.500000 6.283185
4 0.500000 3.500000 0.050000 0.000000 0.423061 0.500000 6.283185
4 0.500000 3.500000 0.050000 0.000000 0.423061 0.500000 6.283185
4 0.500000 3.500000 0.050000 0.000000 0.000000 -0.339506 0.000000
4 0.500000 3.500000 0.050000 0.000000 0.423061 0.500000 6.283185
4 0.500000 3.500000 0.050000 0.000000 0.423061 0.500000 6.283185
4 0.500000 3.500000 0.050000 0.000000 0.423061 0.500000 6.283185
4 0.500000 3.500000 0.050000 0.000000 0.423061 0.500000 6.283185
4 0.500000 3.500000 0.050000 0.000000 0.000000 0.000000 0.000000
4 0.500000 3.500000 0.050000 0.000000 0.423061 0.500000 6.283185
4 0.500000 3.500000 0.050000 0.000000 0.000000 0.000000 0.000000
4 0.500000 3.500000 0.050000 0.000000 0.000000 0.000000 0.000000
4 0.500000 3.500000 0.050000 0.000000 0.423061 0.500000 6.283185
4 0.500000 3.500000 0.050000 0.000000 0.000000 0.000000 0.000000
4 0.500000 3.500000 0.050000 0.000000 0.423061 0.500000 6.283185
4 0.500000 3.500000 0.050000 0.000000 0.423061 -0.500000 6.283185
4 0.500000 3.500000 0.050000 0.000000 0.000000 0.000000 0.000000
4 0.500000 3.500000 0.050000 0.000000 0.423061 0.500000 6.283185
4 0.500000 3.500000 0.050000 0.000000 0.000000 0.000000 0.000000
4 0.500000 3.500000 0.050000 0.000000 0.423061 0.500000 6.283185
4 0.500000 3.500000 0.050000 0.000000 0.423061 0.500000 6.283185
4 0.500000 3.500000 0.050000 0.000000 0.423061 0.500000 6.283185
4 0.500000 3.500000 0.050000 0.000000 0.423061 0.500000 6.283185
4 0.500000 3.500000 0.050000 0.000000 0.423061 -0.500000 6.283185
4 0.500000 3.500000 0.050000 0.000000 0.423061 0.500000 6.283185
4 0.500000 3.500000 0.050000 0.000000 0.423060 0.500000 6.283185
4 0.500000 3.500000 0.050000 0.000000 0.423061 -0.500000 6.283185
4 0.500000 3.500000 0.050000 0.000000 0.423061 0.500000 6.283185
4 0.500000 3.500000 0.050000 0.000000 0.423061 0.500000 6.283185
4 0.500000 3.500000 0.050000 0.000000 0.423061 -0.500000 6.283185
4 0.500000 3.500000 0.050000 0.000000 0.423061 0.500000 6.283185
4 0.500000 3.500000 0.050000 0.000000 0.423061 0.500000 6.283185
4 0.500000 3.500000 0.050000 0.000000 0.423061 -0.500000 6.283185
4 0.500000 3.500000 0.050000 0.000000 0.000000 0.000000 0.000000
4 0.500000 3.500000 0.050000 0.000000 0.000000 0.000000 0.000000
4 0.500000 3.500000 0.050000 0.000000 0.423060 0.500000 6.283185
4 0.500000 3.500000 0.050000 0.000000 0.423061 0.500000 6.283185
4 0.500000 3.500000 0.050000 0.000000 0.423061 -0.500000 6.283185
4 0.500000 3.500000 0.050000 0.000000 0.423061 0.500000 6.283185
4 0.500000 3.500000 0.050000 0.000000 0.423060 -0.500000 6.283185
4 0.500000 3.500000 0.050000 0.000000 0.423061 0.500000 6.283185
4 0.500000 3.500000 0.050000 0.000000 0.423061 0.500000 6.283185
4 0.500000 3.500000 0.050000 0.000000 0.000000 0.000000 0.000000
4 0.500000 3.500000 0.050000 0.000000 0.000000 -0.337824 0.000000
4 0.500000 3.500000 0.050000 0.000000 0.423060 0.500000 6.283185
4 0.500000 3.500000 0.050000 0.000000 0.423061 0.500000 6.283185
4 0.500000 3.500000 0.050000 0.000000 0.423061 0.500000 6.283185
4 0.500000 3.500000 0.050000 0.000000 0.000000 0.000000 0.000000
4 0.500000 3.500000 0.050000 0.000000 0.423061 0.500000 6.283185
4 0.500000 3.500000 0.050000 0.000000 0.423061 0.500000 6.283185
4 0.500000 3.500000 0.050000 0.000000 0.423061 -0.500000 6.283185
4 0.500000 3.500000 0.050000 0.000000 0.000000 0.000000 0.000000
4 0.500000 3.500000 0.050000 0.000000 0.423061 0.500000 6.283185
4 0.500000 3.500000 0.050000 0.000000 0.423061 0.500000 6.283185
4 0.500000 3.500000 0.050000 0.000000 0.423061 0.500000 6.283185
4 0.500000 3.500000 0.050000 0.000000 0.423061 0.500000 6.283185
4 0.500000 3.500000 0.050000 0.000000 0.423061 0.500000 6.283185
4 0.500000 3.500000 0.050000 0.000000 0.000000 0.000000 0.000000
4 0.500000 3.500000 0.050000 0.000000 0.000000 0.000000 0.000000
4 0.500000 3.500000 0.050000 0.000000 0.423061 0.500000 6.283185
4 0.500000 3.500000 0.050000 0.000000 0.423062 0.500000 6.283185
4 0.500000 3.500000 0.050000 0.000000 0.423061 0.500000 6.283185
4 0.500000 3.500000 0.050000 0.000000 0.423064 0.500000 6.283185
4 0.500000 3.500000 0.050000 0.000000 0.423061 -0.500000 6.283185
4 0.500000 3.500000 0.050000 0.000000 0.423061 0.500000 6.283185
4 0.500000 3.500000 0.050000 0.000000 0.000000 0.000000 0.000000
4 0.500000 3.500000 0.050000 0.000000 0.423061 0.500000 6.283185
4 0.500000 3.500000 0.050000 0.000000 0.423060 0.500000 6.283185
4 0.500000 3.500000 0.050000 0.000000 0.423061 0.500000 6.283185
4 0.500000 3.500000 0.050000 0.000000 0.423060 0.500000 6.283185
4 0.500000 3.500000 0.050000 0.000000 0.423061 0.500000 6.283185
4 0.500000 3.500000 0.050000 0.000000 0.423061 0.500000 6.283185
4 0.500000 3.500000 0.050000 0.000000 0.423060 -0.500000 6.283185
4 0.500000 3.500000 0.050000 0.000000 0.423061 0.500000 6.283185
4 0.500000 3.500000 0.050000 0.000000 0.423060 0.500000 6.283185
4 0.500000 3.500000 0.050000 0.000000 0.423060 0.500000 6.283185
4 0.500000 3.500000 0.050000 0.000000 0.000000 0.000000 0.000000
4 0.500000 3.500000 0.050000 0.000000 0.423061 -0.500000 6.283185
4 0.500000 3.500000 0.050000 0.000000 0.423061 0.500000 6.283185
4 0.500000 3.500000 0.050000 0.000000 0.423061 -0.500000 6.283185
4 0.500000 3.500000 0.050000 0.000000 0.000000 0.000000 0.000000
4 0.500000 3.500000 0.050000 0.000000 0.423061 0.500000 6.283185
4 0.500000 3.500000 0.050000 0.000000 0.000000 0.000000 0.000000
4 0.500000 3.500000 0.050000 0.000000 0.423061 0.500000 6.283185
4 0.500000 3.500000 0.050000 0.000000 0.423061 0.500000 6.283185
4 0.500000 3.500000 0.050000 0.000000 0.423061 0.500000 6.283185
4 0.500000 3.500000 0.050000 0.000000 0.423061 0.500000 6.283185
4 0.500000 3.500000 0.050000 0.000000 0.000000 0.000000 0.000000
4 0.500000 3.500000 0.050000 0.000000 0.000000 0.000000 0.000000
4 0.500000 3.500000 0.050000 0.000000 0.423061 0.500000 6.283185
4 0.500000 3.500000 0.050000 0.000000 0.423061 0.500000 6.283185
4 0.500000 3.500000 0.050000 0.000000 0.000000 0.000000 0.000000
4 0.500000 3.500000 0.050000 0.000000 0.423061 0.500000 6.283185
4 0.500000 3.500000 0.050000 0.000000 0.423061 0.500000 6.283185
4 0.500000 3.500000 0.050000 0.000000 0.423064 -0.500000 6.283185
4 0.500000 3.500000 0.050000 0.000000 0.423061 -0.500000 6.283185
4 0.500000 3.500000 0.050000 0.000000 0.423061 0.500000 6.283185
4 0.500000 3.500000 0.050000 0.000000 0.423061 0.500000 6.283185
4 0.500000 3.500000 0.050000 0.000000 0.000000 0.339431 0.000000
4 0.500000 3.500000 0.050000 0.000000 0.000000 0.000000 0.000000
4 0.500000 3.500000 0.050000 0.000000 0.000000 0.368101 0.000000
4 0.500000 3.500000 0.050000 0.000000 0.000000 0.338558 0.000000
4 0.500000 3.500000 0.050000 0.000000 0.423060 -0.500000 6.283185
4 0.500000 3.500000 0.050000 0.000000 0.423061 0.500000 6.283185
4 0.500000 3.500000 0.050000 0.000000 0.000000 -0.338493 0.000000
4 0.500000 3.500000 0.050000 0.000000 0.423061 0.500000 6.283185
4 0.500000 3.500000 0.050000 0.000000 0.423061 0.500000 6.283185
4 0.500000 3.500000 0.050000 0.000000 0.000000 -0.330280 0.000000
4 0.500000 3.500000 0.050000 0.000000 0.423061 0.500000 6.283185
4 0.500000 3.500000 0.050000 0.000000 0.423061 0.500000 6.283185
4 0.500000 3.500000 0.050000 0.000000 0.000000 0.000000 0.000000
4 0.500000 3.500000 0.050000 0.000000 0.000000 0.000000 0.000000
4 0.500000 3.500000 0.050000 0.000000 0.423061 0.500000 6.283185
4 0.500000 3.500000 0.050000 0.000000 0.423061 0.500000 6.283185
4 0.500000 3.500000 0.050000 0.000000 0.000000 0.000000 0.000000
4 0.500000 3.500000 0.050000 0.000000 0.423061 0.500000 6.283185
4 0.500000 3.500000 0.050000 0.000000 0.000000 0.000000 0.000000
4 0.500000 3.500000 0.050000 0.000000 0.000000 0.000000 0.000000
4 0.500000 3.500000 0.050000 0.000000 0.423061 0.500000 6.283185
4 0.500000 3.500000 0.050000 0.000000 0.423061 -0.500000 6.283185
4 0.500000 3.500000 0.050000 0.000000 0.423061 0.500000 6.283185
4 0.500000 3.500000 0.050000 0.000000 0.423060 -0.500000 6.283185
4 0.500000 3.500000 0.050000 0.000000 0.423061 -0.500000 6.283185
4 0.500000 3.500000 0.050000 0.000000 0.000000 0.000000 0.000000
4 0.500000 3.500000 0.050000 0.000000 0.000000 0.000000 0.000000
4 0.500000 3.500000 0.050000 0.000000 0.423061 0.500000 6.283185
4 0.500000 3.500000 0.050000 0.000000 0.423061 0.500000 6.283185
4 0.500000 3.500000 0.050000 0.000000 0.000000 0.000000 0.000000
4 0.500000 3.500000 0.050000 0.000000 0.423060 0.500000 6.283185
4 0.500000 3.500000 0.050000 0.000000 0.423061 0.500000 6.283185
4 0.500000 3.500000 0.050000 0.000000 0.423061 0.500000 6.283185
4 0.500000 3.500000 0.050000 0.000000 0.423061 0.500000 6.283185
4 0.500000 3.500000 0.050000 0.000000 0.000000 0.339339 0.000000
4 0.500000 3.500000 0.050000 0.000000 0.000000 0.000000 0.000000
4 0.500000 3.500000 0.050000 0.000000 0.423061 0.500000 6.283185
4 0.500000 3.500000 0.050000 0.000000 0.000000 0.339564 0.000000
4 0.500000 3.500000 0.050000 0.000000 0.423060 0.500000 6.283185
4 0.500000 3.500000 0.050000 0.000000 0.423061 0.500000 6.283185
4 0.500000 3.500000 0.050000 0.000000 0.423061 0.500000 6.283185
4 0.500000 3.500000 0.050000 0.000000 0.423061 0.500000 6.283185
4 0.500000 3.500000 0.050000 0.000000 0.000000 0.000000 0.000000
4 0.500000 3.500000 0.050000 0.000000 0.000000 0.000000 0.000000
4 0.500000 3.500000 0.050000 0.000000 0.423061 0.500000 6.283185
4 0.500000 3.500000 0.050000 0.000000 0.423061 0.500000 6.283185
4 0.500000 3.500000 0.050000 0.000000 0.423061 0.500000 6.283185
4 0.500000 3.500000 0.050000 0.000000 0.423061 -0.500000 6.283185
4 0.500000 3.500000 0.050000 0.000000 0.423061 -0.500000 6.283185
4 0.500000 3.500000 0.050000 0.000000 0.423061 -0.500000 6.283185
4 0.500000 3.500000 0.050000 0.000000 0.000000 0.000000 0.000000
4 0.500000 3.500000 0.050000 0.000000 0.000000 0.000000 0.000000
4 0.500000 3.500000 0.050000 0.000000 0.423061 0.500000 6.283185
4 0.500000 3.500000 0.050000 0.000000 0.423061 0.500000 6.283185
4 0.500000 3.500000 0.050000 0.000000 0.000000 0.000000 0.000000
4 0.500000 3.500000 0.050000 0.000000 0.000000 0.337337 0.000000
4 0.500000 3.500000 0.050000 0.000000 0.000000 0.000000 0.000000
4 0.500000 3.500000 0.050000 0.000000 0.423061 0.500000 6.283185
4 0.500000 3.500000 0.050000 0.000000 0.000000 0.000000 0.000000
4 0.500000 3.500000 0.050000 0.000000 0.000000 0.338182 0.000000
4 0.500000 3.500000 0.050000 0.000000 0.423060 0.500000 6.283185
4 0.500000 3.500000 0.050000 0.000000 0.423060 0.500000 6.283185
4 0.500000 3.500000 0.050000 0.000000 0.423061 0.500000 6.283185
4 0.500000 3.500000 0.050000 0.000000 0.000000 0.000000 0.000000
4 0.500000 3.500000 0.050000 0.000000 0.423060 0.500000 6.283185
4 0.500000 3.500000 0.050000 0.000000 0.423061 0.500000 6.283185
4 0.500000 3.500000 0.050000 0.000000 0.000000 0.000000 0.000000
4 0.500000 3.500000 0.050000 0.000000 0.000000 0.000000 0.000000
4 0.500000 3.500000 0.050000 0.000000 0.423061 0.500000 6.283185
4 0.500000 3.500000 0.050000 0.000000 0.423061 0.500000 6.283185
4 0.500000 3.500000 0.050000 0.000000 0.423061 -0.500000 6.283185
4 0.500000 3.500000 0.050000 0.000000 0.000000 0.000000 0.000000
4 0.500000 3.500000 0.050000 0.000000 0.423061 0.500000 6.283185
4 0.500000 3.500000 0.050000 0.000000 0.000000 0.000000 0.000000
4 0.500000 3.500000 0.050000 0.000000 0.423061 0.500000 6.283185
4 0.500000 3.500000 0.050000 0.000000 0.000000 0.000000 0.000000
4 0.500000 3.500000 0.050000 0.000000 0.423061 0.500000 6.283185
4 0.500000 3.500000 0.050000 0.000000 0.423061 0.500000 6.283185
4 0.500000 3.500000 0.050000 0.000000 0.000000 0.337539 0.000000
4 0.500000 3.500000 0.050000 0.000000 0.423061 0.500000 6.283185
4 0.500000 3.500000 0.050000 0.000000 0.423061 0.500000 6.283185
4 0.500000 3.500000 0.050000 0.000000 0.000000 0.339060 0.000000
4 0.500000 3.500000 0.050000 0.000000 0.423060 0.500000 6.283185
4 0.500000 3.500000 0.050000 0.000000 0.000000 0.000000 0.000000
4 0.500000 3.500000 0.050000 0.000000 0.423061 0.500000 6.283185
4 0.500000 3.500000 0.050000 0.000000 0.423061 0.500000 6.283185
4 0.500000 3.500000 0.050000 0.000000 0.423061 -0.500000 6.283185
4 0.500000 3.500000 0.050000 0.000000 0.423061 0.500000 6.283185
4 0.500000 3.500000 0.050000 0.000000 0.423061 0.500000 6.283185
4 0.500000 3.500000 0.050000 0.000000 0.423064 0.500000 6.283185
4 0.500000 3.500000 0.050000 0.000000 0.423061 -0.500000 6.283185
4 0.500000 3.500000 0.050000 0.000000 0.423061 -0.500000 6.283185
4 0.500000 3.500000 0.050000 0.000000 0.000000 0.000000 0.000000
4 0.500000 3.500000 0.050000 0.000000 0.423061 0.500000 6.283185
4 0.500000 3.500000 0.050000 0.000000 0.000000 0.000000 0.000000
4 0.500000 3.500000 0.050000 0.000000 0.423061 0.500000 6.283185
4 0.500000 3.500000 0.050000 0.000000 0.000000 0.339574 0.000000
4 0.500000 3.500000 0.050000 0.000000 0.423061 0.500000 6.283185
4 0.500000 3.500000 0.050000 0.000000 0.000000 0.000000 0.000000
4 0.500000 3.500000 0.050000 0.000000 0.000000 -0.337796 0.000000
4 0.500000 3.500000 0.050000 0.000000 0.423060 0.500000 6.283185
4 0.500000 3.500000 0.050000 0.000000 0.423060 0.500000 6.283185
4 0.500000 3.500000 0.050000 0.000000 0.423061 0.500000 6.283185
4 0.500000 3.500000 0.050000 0.000000 0.423060 0.500000 6.283185
4 0.500000 3.500000 0.050000 0.000000 0.423061 0.500000 6.283185
4 0.500000 3.500000 0.050000 0.000000 0.000000 0.338212 0.000000
4 0.500000 3.500000 0.050000 0.000000 0.000000 0.000000 0.000000
4 0.500000 3.500000 0.050000 0.000000 0.423061 0.500000 6.283185
4 0.500000 3.500000 0.050000 0.000000 0.000000 0.000000 0.000000
4 0.500000 3.500000 0.050000 0.000000 0.000000 0.000000 0.000000
4 0.500000 3.500000 0.050000 0.000000 0.423061 0.500000 6.283185
4 0.500000 3.500000 0.050000 0.000000 0.423061 0.500000 6.283185
4 0.500000 3.500000 0.050000 0.000000 0.000000 0.000000 0.000000
4 0.500000 3.500000 0.050000 0.000000 0.423061 0.500000 6.283185
4 0.500000 3.500000 0.050000 0.000000 0.423061 0.500000 6.283185
4 0.500000 3.500000 0.050000 0.000000 0.000000 0.000000 0.000000
4 0.500000 3.500000 0.050000 0.000000 0.000000 0.000000 0.000000
4 0.500000 3.500000 0.050000 0.000000 0.423061 0.500000 6.283185
4 0.500000 3.500000 0.050000 0.000000 0.000000 0.000000 0.000000
4 0.500000 3.500000 0.050000 0.000000 0.423061 -0.500000 6.283185
4 0.500000 3.500000 0.050000 0.000000 0.000000 0.337782 0.000000
4 0.500000 3.500000 0.050000 0.000000 0.423061 0.500000 6.283185
4 0.500000 3.500000 0.050000 0.000000 0.000000 0.340557 0.000000
4 0.500000 3.500000 0.050000 0.000000 0.000000 0.000000 0.000000
4 0.500000 3.500000 0.050000 0.000000 0.423061 0.500000 6.283185
4 0.500000 3.500000 0.050000 0.000000 0.423061 0.500000 6.283185
4 0.500000 3.500000 0.050000 0.000000 0.000000 0.000000 0.000000
4 0.500000 3.500000 0.050000 0.000000 0.423061 0.500000 6.283185
4 0.500000 3.500000 0.050000 0.000000 0.000000 0.000000 0.000000
4 0.500000 3.500000 0.050000 0.000000 0.000000 0.000000 0.000000
4 0.500000 3.500000 0.050000 0.000000 0.423060 0.500000 6.283185
4 0.500000 3.500000 0.050000 0.000000 0.000000 0.000000 0.000000
4 0.500000 3.500000 0.050000 0.000000 0.423061 0.500000 6.283185
4 0.500000 3.500000 0.050000 0.000000 0.423061 0.500000 6.283185
4 0.500000 3.500000 0.050000 0.000000 0.423061 0.500000 6.283185
4 0.500000 3.500000 0.050000 0.000000 0.000000 0.000000 0.000000
4 0.500000 3.500000 0.050000 0.000000 0.423060 0.500000 6.283185
4 0.500000 3.500000 0.050000 0.000000 0.423061 -0.500000 6.283185
4 0.500000 3.500000 0.050000 0.000000 0.423061 -0.500000 6.283185
4 0.500000 3.500000 0.050000 0.000000 0.423060 0.500000 6.283185
4 0.500000 3.500000 0.050000 0.000000 0.423061 0.500000 6.283185
4 0.500000 3.500000 0.050000 0.000000 0.423061 0.500000 6.283185
4 0.500000 3.500000 0.050000 0.000000 0.423061 0.500000 6.283185
4 0.500000 3.500000 0.050000 0.000000 0.423061 0.500000 6.283185
