4 0.500000 3.500000 0.050000 0.000000 0.000000 0.000000 0.000000
4 0.500000 3.500000 0.050000 0.000000 0.000000 0.000000 0.000000
4 0.500000 3.500000 0.050000 0.000000 0.000000 0.000000 0.000000
4 0.500000 3.500000 0.050000 0.000000 0.000000 0.000000 0.000000
4 0.500000 3.500000 0.050000 0.000000 0.000000 0.000000 0.000000
4 0.500000 3.500000 0.050000 0.000000 0.000000 0.000000 0.000000
4 0.500000 3.500000 0.050000 0.000000 0.000000 0.000000 0.000000
4 0.500000 3.500000 0.050000 0.000000 0.000000 0.000000 0.000000
4 0.500000 3.500000 0.050000 0.000000 0.000000 0.000000 0.000000
4 0.500000 3.500000 0.050000 0.000000 0.000000 0.000000 0.000000
4 0.500000 3.500000 0.050000 0.000000 0.000000 0.000000 0.000000
4 0.500000 3.500000 0.050000 0.000000 0.000000 0.000000 0.000000
4 0.500000 3.500000 0.050000 0.000000 0.000000 0.000000 0.000000
4 0.500000 3.500000 0.050000 0.000000 0.000000 0.000000 0.000000
4 0.500000 3.500000 0.050000 0.000000 0.000000 0.339545 0.000000
4 0.500000 3.500000 0.050000 0.000000 0.000000 0.000000 0.000000
4 0.500000 3.500000 0.050000 0.000000 0.000000 0.000000 0.000000
4 0.500000 3.500000 0.050000 0.000000 0.000000 0.000000 0.000000
4 0.500000 3.500000 0.050000 0.000000 0.000000 0.000000 0.000000
4 0.500000 3.500000 0.050000 0.000000 0.000000 0.000000 0.000000
4 0.500000 3.500000 0.050000 0.000000 0.000000 0.000000 0.000000
4 0.500000 3.500000 0.050000 0.000000 0.000000 0.000000 0.000000
4 0.500000 3.500000 0.050000 0.000000 0.000000 0.000000 0.000000
4 0.500000 3.500000 0.050000 0.000000 0.000000 0.000000 0.000000
4 0.500000 3.500000 0.050000 0.000000 0.000000 0.339450 0.000000
4 0.500000 3.500000 0.050000 0.000000 0.000000 0.000000 0.000000
4 0.500000 3.500000 0.050000 0.000000 0.000000 0.000000 0.000000
4 0.500000 3.500000 0.050000 0.000000 0.000000 0.000000 0.000000
4 0.500000 3.500000 0.050000 0.000000 0.000000 0.000000 0.000000
4 0.500000 3.500000 0.050000 0.000000 0.000000 0.339487 0.000000
4 0.500000 3.500000 0.050000 0.000000 0.000000 0.000000 0.000000
4 0.500000 3.500000 0.050000 0.000000 0.000000 0.000000 0.000000
4 0.500000 3.500000 0.050000 0.000000 0.000000 0.000000 0.000000
4 0.500000 3.500000 0.050000 0.000000 0.000000 0.000000 0.000000
4 0.500000 3.500000 0.050000 0.000000 0.000000 0.000000 0.000000
4 0.500000 3.500000 0.050000 0.000000 0.000000 0.000000 0.000000
4 0.500000 3.500000 0.050000 0.000000 0.000000 0.000000 0.000000
4 0.500000 3.500000 0.050000 0.000000 0.000000 0.000000 0.000000
4 0.500000 3.500000 0.050000 0.000000 0.000000 0.000000 0.000000
4 0.500000 3.500000 0.050000 0.000000 0.000000 0.000000 0.000000
4 0.500000 3.500000 0.050000 0.000000 0.000000 0.000000 0.000000
4 0.500000 3.500000 0.050000 0.000000 0.000000 0.000000 0.000000
4 0.500000 3.500000 0.050000 0.000000 0.000000 0.000000 0.000000
4 0.500000 3.500000 0.050000 0.000000 0.000000 0.000000 0.000000
4 0.500000 3.500000 0.050000 0.000000 0.000000 0.000000 0.000000
4 0.500000 3.500000 0.050000 0.000000 0.000000 0.000000 0.000000
4 0.500000 3.500000 0.050000 0.000000 0.000000 0.000000 0.000000
4 0.500000 3.500000 0.050000 0.000000 0.000000 0.000000 0.000000
4 0.500000 3.500000 0.050000 0.000000 0.000000 0.000000 0.000000
4 0.500000 3.500000 0.050000 0.000000 0.000000 0.000000 0.000000
4 0.500000 3.500000 0.050000 0.000000 0.000000 0.000000 0.000000
4 0.500000 3.500000 0.050000 0.000000 0.000000 0.000000 0.000000
4 0.500000 3.500000 0.050000 0.000000 0.000000 0.000000 0.000000
4 0.500000 3.500000 0.050000 0.000000 0.000000 0.000000 0.000000
4 0.500000 3.500000 0.050000 0.000000 0.000000 0.000000 0.000000
4 0.500000 3.500000 0.050000 0.000000 0.000000 0.000000 0.000000
4 0.500000 3.500000 0.050000 0.000000 0.000000 0.000000 0.000000
4 0.500000 3.500000 0.050000 0.000000 0.000000 0.000000 0.000000
4 0.500000 3.500000 0.050000 0.000000 0.000000 0.000000 0.000000
4 0.500000 3.500000 0.050000 0.000000 0.000000 0.000000 0.000000
4 0.500000 3.500000 0.050000 0.000000 0.000000 0.000000 0.000000
4 0.500000 3.500000 0.050000 0.000000 0.000000 0.000000 0.000000
4 0.500000 3.500000 0.050000 0.000000 0.000000 0.000000 0.000000
4 0.500000 3.500000 0.050000 0.000000 0.000000 0.000000 0.000000
4 0.500000 3.500000 0.050000 0.000000 0.000000 0.000000 0.000000
4 0.500000 3.500000 0.050000 0.000000 0.000000 0.000000 0.000000
4 0.500000 3.500000 0.050000 0.000000 0.000000 0.000000 0.000000
4 0.500000 3.500000 0.050000 0.000000 0.000000 0.000000 0.000000
4 0.500000 3.500000 0.050000 0.000000 0.000000 0.000000 0.000000
4 0.500000 3.500000 0.050000 0.000000 0.000000 0.000000 0.000000
4 0.500000 3.500000 0.050000 0.000000 0.000000 0.000000 0.000000
4 0.500000 3.500000 0.050000 0.000000 0.000000 0.000000 0.000000
4 0.500000 3.500000 0.050000 0.000000 0.000000 0.000000 0.000000
4 0.500000 3.500000 0.050000 0.000000 0.000000 0.000000 0.000000
4 0.500000 3.500000 0.050000 0.000000 0.000000 0.000000 0.000000
4 0.500000 3.500000 0.050000 0.000000 0.000000 0.000000 0.000000
4 0.500000 3.500000 0.050000 0.000000 0.000000 0.000000 0.000000
4 0.500000 3.500000 0.050000 0.000000 0.000000 0.000000 0.000000
4 0.500000 3.500000 0.050000 0.000000 0.000000 0.000000 0.000000
4 0.500000 3.500000 0.050000 0.000000 0.000000 0.000000 0.000000
4 0.500000 3.500000 0.050000 0.000000 0.000000 0.000000 0.000000
4 0.500000 3.500000 0.050000 0.000000 0.000000 0.000000 0.000000
4 0.500000 3.500000 0.050000 0.000000 0.000000 0.000000 0.000000
4 0.500000 3.500000 0.050000 0.000000 0.000000 0.000000 0.000000
4 0.500000 3.500000 0.050000 0.000000 0.000000 0.000000 0.000000
4 0.500000 3.500000 0.050000 0.000000 0.000000 0.000000 0.000000
4 0.500000 3.500000 0.050000 0.000000 0.000000 0.000000 0.000000
4 0.500000 3.500000 0.050000 0.000000 0.000000 0.000000 0.000000
4 0.500000 3.500000 0.050000 0.000000 0.000000 0.000000 0.000000
4 0.500000 3.500000 0.050000 0.000000 0.000000 0.000000 0.000000
4 0.500000 3.500000 0.050000 0.000000 0.000000 0.000000 0.000000
4 0.500000 3.500000 0.050000 0.000000 0.000000 0.000000 0.000000
4 0.500000 3.500000 0.050000 0.000000 0.000000 0.000000 0.000000
4 0.500000 3.500000 0.050000 0.000000 0.000000 0.000000 0.000000
4 0.500000 3.500000 0.050000 0.000000 0.000000 0.000000 0.000000
4 0.500000 3.500000 0.050000 0.000000 0.000000 0.000000 0.000000
4 0.500000 3.500000 0.050000 0.000000 0.000000 0.000000 0.000000
4 0.500000 3.500000 0.050000 0.000000 0.000000 0.000000 0.000000
4 0.500000 3.500000 0.050000 0.000000 0.000000 0.000000 0.000000
4 0.500000 3.500000 0.050000 0.000000 0.000000 0.000000 0.000000
4 0.500000 3.500000 0.050000 0.000000 0.000000 0.000000 0.000000
4 0.500000 3.500000 0.050000 0.000000 0.000000 0.000000 0.000000
4 0.500000 3.500000 0.050000 0.000000 0.000000 0.000000 0.000000
4 0.500000 3.500000 0.050000 0.000000 0.000000 0.000000 0.000000
4 0.500000 3.500000 0.050000 0.000000 0.000000 0.000000 0.000000
4 0.500000 3.500000 0.050000 0.000000 0.000000 0.000000 0.000000
4 0.500000 3.500000 0.050000 0.000000 0.000000 0.000000 0.000000
4 0.500000 3.500000 0.050000 0.000000 0.000000 0.000000 0.000000
4 0.500000 3.500000 0.050000 0.000000 0.000000 0.000000 0.000000
4 0.500000 3.500000 0.050000 0.000000 0.000000 0.000000 0.000000
4 0.500000 3.500000 0.050000 0.000000 0.000000 0.000000 0.000000
4 0.500000 3.500000 0.050000 0.000000 0.000000 0.000000 0.000000
4 0.500000 3.500000 0.050000 0.000000 0.000000 0.000000 0.000000
4 0.500000 3.500000 0.050000 0.000000 0.000000 0.000000 0.000000
4 0.500000 3.500000 0.050000 0.000000 0.000000 0.000000 0.000000
4 0.500000 3.500000 0.050000 0.000000 0.000000 0.000000 0.000000
4 0.500000 3.500000 0.050000 0.000000 0.000000 0.000000 0.000000
4 0.500000 3.500000 0.050000 0.000000 0.000000 0.000000 0.000000
4 0.500000 3.500000 0.050000 0.000000 0.000000 0.000000 0.000000
4 0.500000 3.500000 0.050000 0.000000 0.000000 0.000000 0.000000
4 0.500000 3.500000 0.050000 0.000000 0.000000 0.000000 0.000000
4 0.500000 3.500000 0.050000 0.000000 0.000000 0.000000 0.000000
4 0.500000 3.500000 0.050000 0.000000 0.000000 0.000000 0.000000
4 0.500000 3.500000 0.050000 0.000000 0.000000 0.000000 0.000000
4 0.500000 3.500000 0.050000 0.000000 0.000000 0.000000 0.000000
4 0.500000 3.500000 0.050000 0.000000 0.000000 0.000000 0.000000
4 0.500000 3.500000 0.050000 0.000000 0.000000 0.000000 0.000000
4 0.500000 3.500000 0.050000 0.000000 0.000000 0.000000 0.000000
4 0.500000 3.500000 0.050000 0.000000 0.000000 0.000000 0.000000
4 0.500000 3.500000 0.050000 0.000000 0.000000 0.000000 0.000000
4 0.500000 3.500000 0.050000 0.000000 0.000000 0.000000 0.000000
4 0.500000 3.500000 0.050000 0.000000 0.000000 0.000000 0.000000
4 0.500000 3.500000 0.050000 0.000000 0.000000 0.000000 0.000000
4 0.500000 3.500000 0.050000 0.000000 0.000000 0.000000 0.000000
4 0.500000 3.500000 0.050000 0.000000 0.000000 0.000000 0.000000
4 0.500000 3.500000 0.050000 0.000000 0.000000 0.000000 0.000000
4 0.500000 3.500000 0.050000 0.000000 0.000000 0.000000 0.000000
4 0.500000 3.500000 0.050000 0.000000 0.000000 0.000000 0.000000
4 0.500000 3.500000 0.050000 0.000000 0.000000 0.000000 0.000000
4 0.500000 3.500000 0.050000 0.000000 0.000000 0.000000 0.000000
4 0.500000 3.500000 0.050000 0.000000 0.000000 0.000000 0.000000
4 0.500000 3.500000 0.050000 0.000000 0.000000 0.000000 0.000000
4 0.500000 3.500000 0.050000 0.000000 0.000000 0.000000 0.000000
4 0.500000 3.500000 0.050000 0.000000 0.000000 0.000000 0.000000
4 0.500000 3.500000 0.050000 0.000000 0.000000 0.000000 0.000000
4 0.500000 3.500000 0.050000 0.000000 0.000000 0.000000 0.000000
4 0.500000 3.500000 0.050000 0.000000 0.000000 0.000000 0.000000
4 0.500000 3.500000 0.050000 0.000000 0.000000 0.000000 0.000000
4 0.500000 3.500000 0.050000 0.000000 0.000000 0.000000 0.000000
4 0.500000 3.500000 0.050000 0.000000 0.000000 0.000000 0.000000
4 0.500000 3.500000 0.050000 0.000000 0.000000 0.000000 0.000000
4 0.500000 3.500000 0.050000 0.000000 0.000000 0.000000 0.000000
4 0.500000 3.500000 0.050000 0.000000 0.000000 0.000000 0.000000
4 0.500000 3.500000 0.050000 0.000000 0.000000 0.000000 0.000000
4 0.500000 3.500000 0.050000 0.000000 0.000000 0.000000 0.000000
4 0.500000 3.500000 0.050000 0.000000 0.000000 0.000000 0.000000
4 0.500000 3.500000 0.050000 0.000000 0.000000 0.000000 0.000000
4 0.500000 3.500000 0.050000 0.000000 0.000000 0.000000 0.000000
4 0.500000 3.500000 0.050000 0.000000 0.000000 0.000000 0.000000
4 0.500000 3.500000 0.050000 0.000000 0.000000 0.000000 0.000000
4 0.500000 3.500000 0.050000 0.000000 0.000000 0.000000 0.000000
4 0.500000 3.500000 0.050000 0.000000 0.000000 0.000000 0.000000
4 0.500000 3.500000 0.050000 0.000000 0.000000 0.000000 0.000000
4 0.500000 3.500000 0.050000 0.000000 0.000000 0.000000 0.000000
4 0.500000 3.500000 0.050000 0.000000 0.000000 0.339086 0.000000
4 0.500000 3.500000 0.050000 0.000000 0.000000 0.000000 0.000000
4 0.500000 3.500000 0.050000 0.000000 0.000000 0.000000 0.000000
4 0.500000 3.500000 0.050000 0.000000 0.000000 0.000000 0.000000
4 0.500000 3.500000 0.050000 0.000000 0.000000 0.000000 0.000000
4 0.500000 3.500000 0.050000 0.000000 0.000000 0.000000 0.000000
4 0.500000 3.500000 0.050000 0.000000 0.000000 0.000000 0.000000
4 0.500000 3.500000 0.050000 0.000000 0.000000 0.000000 0.000000
4 0.500000 3.500000 0.050000 0.000000 0.000000 0.000000 0.000000
4 0.500000 3.500000 0.050000 0.000000 0.000000 0.000000 0.000000
4 0.500000 3.500000 0.050000 0.000000 0.000000 0.000000 0.000000
4 0.500000 3.500000 0.050000 0.000000 0.000000 0.000000 0.000000
4 0.500000 3.500000 0.050000 0.000000 0.000000 0.000000 0.000000
4 0.500000 3.500000 0.050000 0.000000 0.000000 0.000000 0.000000
4 0.500000 3.500000 0.050000 0.000000 0.000000 0.000000 0.000000
4 0.500000 3.500000 0.050000 0.000000 0.000000 0.000000 0.000000
4 0.500000 3.500000 0.050000 0.000000 0.000000 0.000000 0.000000
4 0.500000 3.500000 0.050000 0.000000 0.000000 0.000000 0.000000
4 0.500000 3.500000 0.050000 0.000000 0.000000 0.000000 0.000000
4 0.500000 3.500000 0.050000 0.000000 0.000000 0.000000 0.000000
4 0.500000 3.500000 0.050000 0.000000 0.000000 0.000000 0.000000
4 0.500000 3.500000 0.050000 0.000000 0.000000 0.000000 0.000000
4 0.500000 3.500000 0.050000 0.000000 0.000000 0.000000 0.000000
4 0.500000 3.500000 0.050000 0.000000 0.000000 0.000000 0.000000
4 0.500000 3.500000 0.050000 0.000000 0.000000 0.000000 0.000000
4 0.500000 3.500000 0.050000 0.000000 0.000000 0.000000 0.000000
4 0.500000 3.500000 0.050000 0.000000 0.000000 0.000000 0.000000
4 0.500000 3.500000 0.050000 0.000000 0.000000 0.000000 0.000000
4 0.500000 3.500000 0.050000 0.000000 0.000000 0.000000 0.000000
4 0.500000 3.500000 0.050000 0.000000 0.000000 0.000000 0.000000
4 0.500000 3.500000 0.050000 0.000000 0.000000 0.000000 0.000000
4 0.500000 3.500000 0.050000 0.000000 0.000000 0.000000 0.000000
4 0.500000 3.500000 0.050000 0.000000 0.000000 0.000000 0.000000
4 0.500000 3.500000 0.050000 0.000000 0.000000 0.000000 0.000000
4 0.500000 3.500000 0.050000 0.000000 0.000000 -0.338205 0.000000
4 0.500000 3.500000 0.050000 0.000000 0.000000 0.000000 0.000000
4 0.500000 3.500000 0.050000 0.000000 0.000000 0.000000 0.000000
4 0.500000 3.500000 0.050000 0.000000 0.000000 0.000000 0.000000
4 0.500000 3.500000 0.050000 0.000000 0.000000 0.000000 0.000000
4 0.500000 3.500000 0.050000 0.000000 0.000000 0.000000 0.000000
4 0.500000 3.500000 0.050000 0.000000 0.000000 0.000000 0.000000
4 0.500000 3.500000 0.050000 0.000000 0.000000 0.000000 0.000000
4 0.500000 3.500000 0.050000 0.000000 0.000000 0.000000 0.000000
4 0.500000 3.500000 0.050000 0.000000 0.000000 0.000000 0.000000
4 0.500000 3.500000 0.050000 0.000000 0.000000 0.000000 0.000000
4 0.500000 3.500000 0.050000 0.000000 0.000000 0.000000 0.000000
4 0.500000 3.500000 0.050000 0.000000 0.000000 0.000000 0.000000
4 0.500000 3.500000 0.050000 0.000000 0.000000 0.000000 0.000000
4 0.500000 3.500000 0.050000 0.000000 0.000000 0.000000 0.000000
4 0.500000 3.500000 0.050000 0.000000 0.000000 0.000000 0.000000
4 0.500000 3.500000 0.050000 0.000000 0.000000 0.000000 0.000000
4 0.500000 3.500000 0.050000 0.000000 0.000000 0.000000 0.000000
4 0.500000 3.500000 0.050000 0.000000 0.000000 0.000000 0.000000
4 0.500000 3.500000 0.050000 0.000000 0.000000 0.000000 0.000000
4 0.500000 3.500000 0.050000 0.000000 0.000000 -0.337852 0.000000
4 0.500000 3.500000 0.050000 0.000000 0.000000 0.000000 0.000000
4 0.500000 3.500000 0.050000 0.000000 0.000000 0.000000 0.000000
4 0.500000 3.500000 0.050000 0.000000 0.000000 0.000000 0.000000
4 0.500000 3.500000 0.050000 0.000000 0.000000 0.000000 0.000000
4 0.500000 3.500000 0.050000 0.000000 0.000000 0.000000 0.000000
4 0.500000 3.500000 0.050000 0.000000 0.000000 0.000000 0.000000
4 0.500000 3.500000 0.050000 0.000000 0.000000 0.000000 0.000000
4 0.500000 3.500000 0.050000 0.000000 0.000000 0.000000 0.000000
4 0.500000 3.500000 0.050000 0.000000 0.000000 0.000000 0.000000
4 0.500000 3.500000 0.050000 0.000000 0.000000 0.000000 0.000000
4 0.500000 3.500000 0.050000 0.000000 0.000000 0.000000 0.000000
4 0.500000 3.500000 0.050000 0.000000 0.000000 0.000000 0.000000
4 0.500000 3.500000 0.050000 0.000000 0.000000 0.000000 0.000000
4 0.500000 3.500000 0.050000 0.000000 0.000000 0.000000 0.000000
4 0.500000 3.500000 0.050000 0.000000 0.000000 0.000000 0.000000
4 0.500000 3.500000 0.050000 0.000000 0.000000 0.000000 0.000000
4 0.500000 3.500000 0.050000 0.000000 0.000000 0.000000 0.000000
4 0.500000 3.500000 0.050000 0.000000 0.000000 0.000000 0.000000
4 0.500000 3.500000 0.050000 0.000000 0.000000 0.000000 0.000000
4 0.500000 3.500000 0.050000 0.000000 0.000000 0.000000 0.000000
4 0.500000 3.500000 0.050000 0.000000 0.000000 0.000000 0.000000
4 0.500000 3.500000 0.050000 0.000000 0.000000 0.000000 0.000000
4 0.500000 3.500000 0.050000 0.000000 0.000000 0.000000 0.000000
4 0.500000 3.500000 0.050000 0.000000 0.000000 0.000000 0.000000
4 0.500000 3.500000 0.050000 0.000000 0.000000 0.000000 0.000000
4 0.500000 3.500000 0.050000 0.000000 0.000000 0.000000 0.000000
4 0.500000 3.500000 0.050000 0.000000 0.000000 0.000000 0.000000
4 0.500000 3.500000 0.050000 0.000000 0.000000 0.000000 0.000000
4 0.500000 3.500000 0.050000 0.000000 0.000000 0.000000 0.000000
4 0.500000 3.500000 0.050000 0.000000 0.000000 0.000000 0.000000
4 0.500000 3.500000 0.050000 0.000000 0.000000 0.000000 0.000000
4 0.500000 3.500000 0.050000 0.000000 0.000000 0.000000 0.000000
4 0.500000 3.500000 0.050000 0.000000 0.000000 0.000000 0.000000
4 0.500000 3.500000 0.050000 0.000000 0.000000 0.000000 0.000000
4 0.500000 3.500000 0.050000 0.000000 0.000000 0.000000 0.000000
4 0.500000 3.500000 0.050000 0.000000 0.000000 0.000000 0.000000
4 0.500000 3.500000 0.050000 0.000000 0.000000 0.000000 0.000000
4 0.500000 3.500000 0.050000 0.000000 0.000000 0.000000 0.000000
4 0.500000 3.500000 0.050000 0.000000 0.000000 0.000000 0.000000
4 0.500000 3.500000 0.050000 0.000000 0.000000 0.000000 0.000000
4 0.500000 3.500000 0.050000 0.000000 0.000000 0.338947 0.000000
4 0.500000 3.500000 0.050000 0.000000 0.000000 0.000000 0.000000
4 0.500000 3.500000 0.050000 0.000000 0.000000 0.000000 0.000000
4 0.500000 3.500000 0.050000 0.000000 0.000000 0.000000 0.000000
4 0.500000 3.500000 0.050000 0.000000 0.000000 0.000000 0.000000
4 0.500000 3.500000 0.050000 0.000000 0.000000 0.000000 0.000000
4 0.500000 3.500000 0.050000 0.000000 0.000000 0.000000 0.000000
4 0.500000 3.500000 0.050000 0.000000 0.000000 0.000000 0.000000
4 0.500000 3.500000 0.050000 0.000000 0.000000 0.000000 0.000000
4 0.500000 3.500000 0.050000 0.000000 0.000000 0.000000 0.000000
4 0.500000 3.500000 0.050000 0.000000 0.000000 0.000000 0.000000
4 0.500000 3.500000 0.050000 0.000000 0.000000 0.000000 0.000000
4 0.500000 3.500000 0.050000 0.000000 0.000000 0.000000 0.000000
4 0.500000 3.500000 0.050000 0.000000 0.000000 0.000000 0.000000
4 0.500000 3.500000 0.050000 0.000000 0.000000 0.000000 0.000000
4 0.500000 3.500000 0.050000 0.000000 0.000000 0.000000 0.000000
4 0.500000 3.500000 0.050000 0.000000 0.000000 0.000000 0.000000
4 0.500000 3.500000 0.050000 0.000000 0.000000 0.000000 0.000000
4 0.500000 3.500000 0.050000 0.000000 0.000000 0.000000 0.000000
4 0.500000 3.500000 0.050000 0.000000 0.000000 0.000000 0.000000
4 0.500000 3.500000 0.050000 0.000000 0.000000 0.000000 0.000000
4 0.500000 3.500000 0.050000 0.000000 0.000000 0.000000 0.000000
4 0.500000 3.500000 0.050000 0.000000 0.000000 0.000000 0.000000
4 0.500000 3.500000 0.050000 0.000000 0.000000 0.000000 0.000000
4 0.500000 3.500000 0.050000 0.000000 0.000000 0.000000 0.000000
4 0.500000 3.500000 0.050000 0.000000 0.000000 0.000000 0.000000
4 0.500000 3.500000 0.050000 0.000000 0.000000 0.000000 0.000000
4 0.500000 3.500000 0.050000 0.000000 0.000000 0.000000 0.000000
4 0.500000 3.500000 0.050000 0.000000 0.000000 0.000000 0.000000
4 0.500000 3.500000 0.050000 0.000000 0.000000 0.000000 0.000000
4 0.500000 3.500000 0.050000 0.000000 0.000000 0.000000 0.000000
4 0.500000 3.500000 0.050000 0.000000 0.000000 0.000000 0.000000
4 0.500000 3.500000 0.050000 0.000000 0.000000 0.000000 0.000000
4 0.500000 3.500000 0.050000 0.000000 0.000000 0.000000 0.000000
4 0.500000 3.500000 0.050000 0.000000 0.000000 0.000000 0.000000
4 0.500000 3.500000 0.050000 0.000000 0.000000 0.000000 0.000000
4 0.500000 3.500000 0.050000 0.000000 0.000000 0.000000 0.000000
4 0.500000 3.500000 0.050000 0.000000 0.000000 0.000000 0.000000
4 0.500000 3.500000 0.050000 0.000000 0.000000 0.000000 0.000000
4 0.500000 3.500000 0.050000 0.000000 0.000000 0.000000 0.000000
4 0.500000 3.500000 0.050000 0.000000 0.000000 0.000000 0.000000
4 0.500000 3.500000 0.050000 0.000000 0.000000 0.000000 0.000000
4 0.500000 3.500000 0.050000 0.000000 0.000000 0.000000 0.000000
4 0.500000 3.500000 0.050000 0.000000 0.000000 0.000000 0.000000
4 0.500000 3.500000 0.050000 0.000000 0.000000 0.000000 0.000000
4 0.500000 3.500000 0.050000 0.000000 0.000000 0.000000 0.000000
4 0.500000 3.500000 0.050000 0.000000 0.000000 0.000000 0.000000
4 0.500000 3.500000 0.050000 0.000000 0.000000 0.000000 0.000000
4 0.500000 3.500000 0.050000 0.000000 0.000000 0.000000 0.000000
4 0.500000 3.500000 0.050000 0.000000 0.000000 0.000000 0.000000
4 0.500000 3.500000 0.050000 0.000000 0.000000 0.000000 0.000000
4 0.500000 3.500000 0.050000 0.000000 0.000000 0.000000 0.000000
4 0.500000 3.500000 0.050000 0.000000 0.000000 0.000000 0.000000
4 0.500000 3.500000 0.050000 0.000000 0.000000 0.000000 0.000000
4 0.500000 3.500000 0.050000 0.000000 0.000000 0.000000 0.000000
4 0.500000 3.500000 0.050000 0.000000 0.000000 0.000000 0.000000
4 0.500000 3.500000 0.050000 0.000000 0.000000 0.000000 0.000000
4 0.500000 3.500000 0.050000 0.000000 0.000000 0.000000 0.000000
4 0.500000 3.500000 0.050000 0.000000 0.000000 0.000000 0.000000
4 0.500000 3.500000 0.050000 0.000000 0.000000 0.000000 0.000000
4 0.500000 3.500000 0.050000 0.000000 0.000000 0.000000 0.000000
4 0.500000 3.500000 0.050000 0.000000 0.000000 0.000000 0.000000
4 0.500000 3.500000 0.050000 0.000000 0.000000 0.000000 0.000000
4 0.500000 3.500000 0.050000 0.000000 0.000000 0.000000 0.000000
4 0.500000 3.500000 0.050000 0.000000 0.000000 0.000000 0.000000
4 0.500000 3.500000 0.050000 0.000000 0.000000 0.000000 0.000000
4 0.500000 3.500000 0.050000 0.000000 0.000000 0.000000 0.000000
4 0.500000 3.500000 0.050000 0.000000 0.000000 0.000000 0.000000
4 0.500000 3.500000 0.050000 0.000000 0.000000 0.000000 0.000000
4 0.500000 3.500000 0.050000 0.000000 0.000000 0.000000 0.000000
4 0.500000 3.500000 0.050000 0.000000 0.000000 0.000000 0.000000
4 0.500000 3.500000 0.050000 0.000000 0.000000 0.000000 0.000000
4 0.500000 3.500000 0.050000 0.000000 0.000000 0.000000 0.000000
4 0.500000 3.500000 0.050000 0.000000 0.000000 0.000000 0.000000
4 0.500000 3.500000 0.050000 0.000000 0.000000 0.000000 0.000000
4 0.500000 3.500000 0.050000 0.000000 0.000000 0.000000 0.000000
4 0.500000 3.500000 0.050000 0.000000 0.000000 0.339679 0.000000
4 0.500000 3.500000 0.050000 0.000000 0.000000 -0.340164 0.000000
4 0.500000 3.500000 0.050000 0.000000 0.000000 0.000000 0.000000
4 0.500000 3.500000 0.050000 0.000000 0.000000 0.000000 0.000000
4 0.500000 3.500000 0.050000 0.000000 0.000000 0.000000 0.000000
4 0.500000 3.500000 0.050000 0.000000 0.000000 0.000000 0.000000
4 0.500000 3.500000 0.050000 0.000000 0.000000 0.000000 0.000000
4 0.500000 3.500000 0.050000 0.000000 0.000000 0.000000 0.000000
4 0.500000 3.500000 0.050000 0.000000 0.000000 0.000000 0.000000
4 0.500000 3.500000 0.050000 0.000000 0.000000 0.000000 0.000000
4 0.500000 3.500000 0.050000 0.000000 0.000000 0.000000 0.000000
4 0.500000 3.500000 0.050000 0.000000 0.000000 0.000000 0.000000
4 0.500000 3.500000 0.050000 0.000000 0.000000 0.000000 0.000000
4 0.500000 3.500000 0.050000 0.000000 0.000000 0.000000 0.000000
4 0.500000 3.500000 0.050000 0.000000 0.000000 0.000000 0.000000
4 0.500000 3.500000 0.050000 0.000000 0.000000 0.000000 0.000000
4 0.500000 3.500000 0.050000 0.000000 0.000000 0.000000 0.000000
4 0.500000 3.500000 0.050000 0.000000 0.000000 0.000000 0.000000
4 0.500000 3.500000 0.050000 0.000000 0.000000 0.000000 0.000000
4 0.500000 3.500000 0.050000 0.000000 0.000000 0.000000 0.000000
4 0.500000 3.500000 0.050000 0.000000 0.000000 0.000000 0.000000
4 0.500000 3.500000 0.050000 0.000000 0.000000 0.000000 0.000000
4 0.500000 3.500000 0.050000 0.000000 0.000000 0.000000 0.000000
4 0.500000 3.500000 0.050000 0.000000 0.000000 0.000000 0.000000
4 0.500000 3.500000 0.050000 0.000000 0.000000 0.000000 0.000000
4 0.500000 3.500000 0.050000 0.000000 0.000000 0.000000 0.000000
4 0.500000 3.500000 0.050000 0.000000 0.000000 0.000000 0.000000
4 0.500000 3.500000 0.050000 0.000000 0.000000 0.000000 0.000000
4 0.500000 3.500000 0.050000 0.000000 0.000000 0.000000 0.000000
4 0.500000 3.500000 0.050000 0.000000 0.000000 0.000000 0.000000
4 0.500000 3.500000 0.050000 0.000000 0.000000 0.000000 0.000000
4 0.500000 3.500000 0.050000 0.000000 0.000000 0.000000 0.000000
4 0.500000 3.500000 0.050000 0.000000 0.000000 0.000000 0.000000
4 0.500000 3.500000 0.050000 0.000000 0.000000 0.000000 0.000000
4 0.500000 3.500000 0.050000 0.000000 0.000000 0.000000 0.000000
4 0.500000 3.500000 0.050000 0.000000 0.000000 0.000000 0.000000
4 0.500000 3.500000 0.050000 0.000000 0.000000 0.000000 0.000000
4 0.500000 3.500000 0.050000 0.000000 0.000000 0.000000 0.000000
4 0.500000 3.500000 0.050000 0.000000 0.000000 0.000000 0.000000
4 0.500000 3.500000 0.050000 0.000000 0.000000 0.000000 0.000000
4 0.500000 3.500000 0.050000 0.000000 0.000000 0.000000 0.000000
4 0.500000 3.500000 0.050000 0.000000 0.000000 0.000000 0.000000
4 0.500000 3.500000 0.050000 0.000000 0.000000 0.000000 0.000000
4 0.500000 3.500000 0.050000 0.000000 0.000000 -0.337386 0.000000
4 0.500000 3.500000 0.050000 0.000000 0.000000 0.000000 0.000000
4 0.500000 3.500000 0.050000 0.000000 0.000000 0.000000 0.000000
4 0.500000 3.500000 0.050000 0.000000 0.000000 0.000000 0.000000
4 0.500000 3.500000 0.050000 0.000000 0.000000 0.000000 0.000000
4 0.500000 3.500000 0.050000 0.000000 0.000000 0.000000 0.000000
4 0.500000 3.500000 0.050000 0.000000 0.000000 0.000000 0.000000
4 0.500000 3.500000 0.050000 0.000000 0.000000 0.000000 0.000000
4 0.500000 3.500000 0.050000 0.000000 0.000000 0.000000 0.000000
4 0.500000 3.500000 0.050000 0.000000 0.000000 0.000000 0.000000
4 0.500000 3.500000 0.050000 0.000000 0.000000 0.000000 0.000000
4 0.500000 3.500000 0.050000 0.000000 0.000000 0.000000 0.000000
4 0.500000 3.500000 0.050000 0.000000 0.000000 0.000000 0.000000
4 0.500000 3.500000 0.050000 0.000000 0.000000 0.000000 0.000000
4 0.500000 3.500000 0.050000 0.000000 0.000000 0.000000 0.000000
4 0.500000 3.500000 0.050000 0.000000 0.000000 0.339051 0.000000
4 0.500000 3.500000 0.050000 0.000000 0.000000 0.000000 0.000000
4 0.500000 3.500000 0.050000 0.000000 0.000000 0.000000 0.000000
4 0.500000 3.500000 0.050000 0.000000 0.000000 0.000000 0.000000
4 0.500000 3.500000 0.050000 0.000000 0.000000 0.000000 0.000000
4 0.500000 3.500000 0.050000 0.000000 0.000000 0.000000 0.000000
4 0.500000 3.500000 0.050000 0.000000 0.000000 0.000000 0.000000
4 0.500000 3.500000 0.050000 0.000000 0.000000 0.000000 0.000000
4 0.500000 3.500000 0.050000 0.000000 0.000000 0.000000 0.000000
4 0.500000 3.500000 0.050000 0.000000 0.000000 0.000000 0.000000
4 0.500000 3.500000 0.050000 0.000000 0.000000 0.000000 0.000000
4 0.500000 3.500000 0.050000 0.000000 0.000000 0.000000 0.000000
4 0.500000 3.500000 0.050000 0.000000 0.000000 0.000000 0.000000
4 0.500000 3.500000 0.050000 0.000000 0.000000 0.000000 0.000000
4 0.500000 3.500000 0.050000 0.000000 0.000000 0.000000 0.000000
4 0.500000 3.500000 0.050000 0.000000 0.000000 0.339221 0.000000
4 0.500000 3.500000 0.050000 0.000000 0.000000 0.000000 0.000000
4 0.500000 3.500000 0.050000 0.000000 0.000000 0.000000 0.000000
4 0.500000 3.500000 0.050000 0.000000 0.000000 0.000000 0.000000
4 0.500000 3.500000 0.050000 0.000000 0.000000 0.000000 0.000000
4 0.500000 3.500000 0.050000 0.000000 0.000000 0.000000 0.000000
4 0.500000 3.500000 0.050000 0.000000 0.000000 0.000000 0.000000
4 0.500000 3.500000 0.050000 0.000000 0.000000 0.000000 0.000000
4 0.500000 3.500000 0.050000 0.000000 0.000000 0.000000 0.000000
4 0.500000 3.500000 0.050000 0.000000 0.000000 0.000000 0.000000
4 0.500000 3.500000 0.050000 0.000000 0.000000 0.000000 0.000000
4 0.500000 3.500000 0.050000 0.000000 0.000000 0.000000 0.000000
4 0.500000 3.500000 0.050000 0.000000 0.000000 0.000000 0.000000
4 0.500000 3.500000 0.050000 0.000000 0.000000 0.000000 0.000000
4 0.500000 3.500000 0.050000 0.000000 0.000000 0.000000 0.000000
4 0.500000 3.500000 0.050000 0.000000 0.000000 0.000000 0.000000
4 0.500000 3.500000 0.050000 0.000000 0.000000 0.000000 0.000000
4 0.500000 3.500000 0.050000 0.000000 0.000000 0.000000 0.000000
4 0.500000 3.500000 0.050000 0.000000 0.000000 0.000000 0.000000
4 0.500000 3.500000 0.050000 0.000000 0.000000 0.000000 0.000000
4 0.500000 3.500000 0.050000 0.000000 0.000000 0.000000 0.000000
4 0.500000 3.500000 0.050000 0.000000 0.000000 0.000000 0.000000
4 0.500000 3.500000 0.050000 0.000000 0.000000 0.000000 0.000000
4 0.500000 3.500000 0.050000 0.000000 0.000000 0.000000 0.000000
4 0.500000 3.500000 0.050000 0.000000 0.000000 0.000000 0.000000
4 0.500000 3.500000 0.050000 0.000000 0.000000 0.000000 0.000000
4 0.500000 3.500000 0.050000 0.000000 0.000000 0.000000 0.000000
4 0.500000 3.500000 0.050000 0.000000 0.000000 0.339583 0.000000
4 0.500000 3.500000 0.050000 0.000000 0.000000 0.000000 0.000000
4 0.500000 3.500000 0.050000 0.000000 0.000000 0.000000 0.000000
4 0.500000 3.500000 0.050000 0.000000 0.000000 0.000000 0.000000
4 0.500000 3.500000 0.050000 0.000000 0.000000 0.000000 0.000000
4 0.500000 3.500000 0.050000 0.000000 0.000000 0.000000 0.000000
4 0.500000 3.500000 0.050000 0.000000 0.000000 0.000000 0.000000
4 0.500000 3.500000 0.050000 0.000000 0.000000 0.000000 0.000000
4 0.500000 3.500000 0.050000 0.000000 0.000000 0.000000 0.000000
4 0.500000 3.500000 0.050000 0.000000 0.000000 0.000000 0.000000
4 0.500000 3.500000 0.050000 0.000000 0.000000 0.000000 0.000000
4 0.500000 3.500000 0.050000 0.000000 0.000000 0.000000 0.000000
4 0.500000 3.500000 0.050000 0.000000 0.000000 0.000000 0.000000
4 0.500000 3.500000 0.050000 0.000000 0.000000 0.000000 0.000000
4 0.500000 3.500000 0.050000 0.000000 0.000000 0.000000 0.000000
4 0.500000 3.500000 0.050000 0.000000 0.000000 0.000000 0.000000
4 0.500000 3.500000 0.050000 0.000000 0.000000 0.000000 0.000000
4 0.500000 3.500000 0.050000 0.000000 0.000000 0.000000 0.000000
4 0.500000 3.500000 0.050000 0.000000 0.000000 0.000000 0.000000
4 0.500000 3.500000 0.050000 0.000000 0.000000 0.000000 0.000000
4 0.500000 3.500000 0.050000 0.000000 0.000000 0.000000 0.000000
4 0.500000 3.500000 0.050000 0.000000 0.000000 0.000000 0.000000
4 0.500000 3.500000 0.050000 0.000000 0.000000 0.000000 0.000000
4 0.500000 3.500000 0.050000 0.000000 0.000000 0.000000 0.000000
4 0.500000 3.500000 0.050000 0.000000 0.000000 0.000000 0.000000
4 0.500000 3.500000 0.050000 0.000000 0.000000 0.000000 0.000000
4 0.500000 3.500000 0.050000 0.000000 0.000000 0.000000 0.000000
4 0.500000 3.500000 0.050000 0.000000 0.000000 0.000000 0.000000
4 0.500000 3.500000 0.050000 0.000000 0.000000 0.000000 0.000000
4 0.500000 3.500000 0.050000 0.000000 0.000000 0.000000 0.000000
4 0.500000 3.500000 0.050000 0.000000 0.000000 0.000000 0.000000
4 0.500000 3.500000 0.050000 0.000000 0.000000 0.000000 0.000000
4 0.500000 3.500000 0.050000 0.000000 0.000000 0.000000 0.000000
4 0.500000 3.500000 0.050000 0.000000 0.000000 0.000000 0.000000
4 0.500000 3.500000 0.050000 0.000000 0.000000 0.000000 0.000000
4 0.500000 3.500000 0.050000 0.000000 0.000000 0.000000 0.000000
4 0.500000 3.500000 0.050000 0.000000 0.000000 0.000000 0.000000
4 0.500000 3.500000 0.050000 0.000000 0.000000 0.000000 0.000000
4 0.500000 3.500000 0.050000 0.000000 0.000000 0.000000 0.000000
4 0.500000 3.500000 0.050000 0.000000 0.000000 0.000000 0.000000
4 0.500000 3.500000 0.050000 0.000000 0.000000 0.000000 0.000000
4 0.500000 3.500000 0.050000 0.000000 0.000000 0.000000 0.000000
4 0.500000 3.500000 0.050000 0.000000 0.000000 0.000000 0.000000
4 0.500000 3.500000 0.050000 0.000000 0.000000 0.000000 0.000000
4 0.500000 3.500000 0.050000 0.000000 0.000000 0.339157 0.000000
4 0.500000 3.500000 0.050000 0.000000 0.000000 0.000000 0.000000
4 0.500000 3.500000 0.050000 0.000000 0.000000 0.000000 0.000000
4 0.500000 3.500000 0.050000 0.000000 0.000000 0.000000 0.000000
4 0.500000 3.500000 0.050000 0.000000 0.000000 0.000000 0.000000
4 0.500000 3.500000 0.050000 0.000000 0.000000 0.000000 0.000000
4 0.500000 3.500000 0.050000 0.000000 0.000000 0.000000 0.000000
4 0.500000 3.500000 0.050000 0.000000 0.000000 0.000000 0.000000
4 0.500000 3.500000 0.050000 0.000000 0.000000 0.000000 0.000000
4 0.500000 3.500000 0.050000 0.000000 0.000000 0.000000 0.000000
4 0.500000 3.500000 0.050000 0.000000 0.000000 0.000000 0.000000
4 0.500000 3.500000 0.050000 0.000000 0.000000 0.000000 0.000000
4 0.500000 3.500000 0.050000 0.000000 0.000000 0.000000 0.000000
4 0.500000 3.500000 0.050000 0.000000 0.000000 0.000000 0.000000
4 0.500000 3.500000 0.050000 0.000000 0.000000 0.000000 0.000000
4 0.500000 3.500000 0.050000 0.000000 0.000000 0.000000 0.000000
4 0.500000 3.500000 0.050000 0.000000 0.000000 0.000000 0.000000
4 0.500000 3.500000 0.050000 0.000000 0.000000 0.000000 0.000000
4 0.500000 3.500000 0.050000 0.000000 0.000000 0.000000 0.000000
4 0.500000 3.500000 0.050000 0.000000 0.000000 0.000000 0.000000
4 0.500000 3.500000 0.050000 0.000000 0.000000 0.000000 0.000000
4 0.500000 3.500000 0.050000 0.000000 0.000000 0.000000 0.000000
4 0.500000 3.500000 0.050000 0.000000 0.000000 0.000000 0.000000
4 0.500000 3.500000 0.050000 0.000000 0.000000 0.000000 0.000000
4 0.500000 3.500000 0.050000 0.000000 0.000000 0.000000 0.000000
4 0.500000 3.500000 0.050000 0.000000 0.000000 0.000000 0.000000
4 0.500000 3.500000 0.050000 0.000000 0.000000 0.000000 0.000000
4 0.500000 3.500000 0.050000 0.000000 0.000000 0.000000 0.000000
4 0.500000 3.500000 0.050000 0.000000 0.000000 0.000000 0.000000
4 0.500000 3.500000 0.050000 0.000000 0.000000 0.000000 0.000000
4 0.500000 3.500000 0.050000 0.000000 0.000000 0.000000 0.000000
4 0.500000 3.500000 0.050000 0.000000 0.000000 0.000000 0.000000
4 0.500000 3.500000 0.050000 0.000000 0.000000 0.000000 0.000000
4 0.500000 3.500000 0.050000 0.000000 0.000000 0.000000 0.000000
4 0.500000 3.500000 0.050000 0.000000 0.000000 0.000000 0.000000
4 0.500000 3.500000 0.050000 0.000000 0.000000 0.000000 0.000000
4 0.500000 3.500000 0.050000 0.000000 0.000000 0.000000 0.000000
4 0.500000 3.500000 0.050000 0.000000 0.000000 0.000000 0.000000
4 0.500000 3.500000 0.050000 0.000000 0.000000 0.000000 0.000000
4 0.500000 3.500000 0.050000 0.000000 0.000000 0.000000 0.000000
4 0.500000 3.500000 0.050000 0.000000 0.000000 0.000000 0.000000
4 0.500000 3.500000 0.050000 0.000000 0.000000 0.000000 0.000000
4 0.500000 3.500000 0.050000 0.000000 0.000000 0.000000 0.000000
4 0.500000 3.500000 0.050000 0.000000 0.000000 0.000000 0.000000
4 0.500000 3.500000 0.050000 0.000000 0.000000 0.000000 0.000000
4 0.500000 3.500000 0.050000 0.000000 0.000000 0.000000 0.000000
4 0.500000 3.500000 0.050000 0.000000 0.000000 0.000000 0.000000
4 0.500000 3.500000 0.050000 0.000000 0.000000 0.000000 0.000000
4 0.500000 3.500000 0.050000 0.000000 0.000000 0.000000 0.000000
4 0.500000 3.500000 0.050000 0.000000 0.000000 0.000000 0.000000
4 0.500000 3.500000 0.050000 0.000000 0.000000 0.000000 0.000000
4 0.500000 3.500000 0.050000 0.000000 0.000000 0.000000 0.000000
4 0.500000 3.500000 0.050000 0.000000 0.000000 0.000000 0.000000
4 0.500000 3.500000 0.050000 0.000000 0.000000 0.000000 0.000000
4 0.500000 3.500000 0.050000 0.000000 0.000000 0.000000 0.000000
4 0.500000 3.500000 0.050000 0.000000 0.000000 0.000000 0.000000
4 0.500000 3.500000 0.050000 0.000000 0.000000 0.000000 0.000000
4 0.500000 3.500000 0.050000 0.000000 0.000000 0.000000 0.000000
4 0.500000 3.500000 0.050000 0.000000 0.000000 0.000000 0.000000
4 0.500000 3.500000 0.050000 0.000000 0.000000 0.000000 0.000000
4 0.500000 3.500000 0.050000 0.000000 0.000000 0.000000 0.000000
4 0.500000 3.500000 0.050000 0.000000 0.000000 0.000000 0.000000
4 0.500000 3.500000 0.050000 0.000000 0.000000 0.000000 0.000000
4 0.500000 3.500000 0.050000 0.000000 0.000000 0.000000 0.000000
4 0.500000 3.500000 0.050000 0.000000 0.000000 0.000000 0.000000
4 0.500000 3.500000 0.050000 0.000000 0.000000 0.000000 0.000000
4 0.500000 3.500000 0.050000 0.000000 0.000000 0.000000 0.000000
4 0.500000 3.500000 0.050000 0.000000 0.000000 0.000000 0.000000
4 0.500000 3.500000 0.050000 0.000000 0.000000 0.000000 0.000000
4 0.500000 3.500000 0.050000 0.000000 0.000000 0.000000 0.000000
4 0.500000 3.500000 0.050000 0.000000 0.000000 0.000000 0.000000
4 0.500000 3.500000 0.050000 0.000000 0.000000 0.000000 0.000000
4 0.500000 3.500000 0.050000 0.000000 0.000000 0.000000 0.000000
4 0.500000 3.500000 0.050000 0.000000 0.000000 0.000000 0.000000
4 0.500000 3.500000 0.050000 0.000000 0.000000 0.000000 0.000000
4 0.500000 3.500000 0.050000 0.000000 0.000000 0.000000 0.000000
4 0.500000 3.500000 0.050000 0.000000 0.000000 0.000000 0.000000
4 0.500000 3.500000 0.050000 0.000000 0.000000 0.000000 0.000000
4 0.500000 3.500000 0.050000 0.000000 0.000000 0.000000 0.000000
4 0.500000 3.500000 0.050000 0.000000 0.000000 0.000000 0.000000
4 0.500000 3.500000 0.050000 0.000000 0.000000 0.000000 0.000000
4 0.500000 3.500000 0.050000 0.000000 0.000000 0.000000 0.000000
4 0.500000 3.500000 0.050000 0.000000 0.000000 0.340303 0.000000
4 0.500000 3.500000 0.050000 0.000000 0.000000 0.000000 0.000000
4 0.500000 3.500000 0.050000 0.000000 0.000000 0.000000 0.000000
4 0.500000 3.500000 0.050000 0.000000 0.000000 0.000000 0.000000
4 0.500000 3.500000 0.050000 0.000000 0.000000 0.000000 0.000000
4 0.500000 3.500000 0.050000 0.000000 0.000000 0.000000 0.000000
4 0.500000 3.500000 0.050000 0.000000 0.000000 0.000000 0.000000
4 0.500000 3.500000 0.050000 0.000000 0.000000 0.000000 0.000000
4 0.500000 3.500000 0.050000 0.000000 0.000000 0.000000 0.000000
4 0.500000 3.500000 0.050000 0.000000 0.000000 0.000000 0.000000
4 0.500000 3.500000 0.050000 0.000000 0.000000 0.000000 0.000000
4 0.500000 3.500000 0.050000 0.000000 0.000000 0.000000 0.000000
4 0.500000 3.500000 0.050000 0.000000 0.000000 0.000000 0.000000
4 0.500000 3.500000 0.050000 0.000000 0.000000 0.000000 0.000000
4 0.500000 3.500000 0.050000 0.000000 0.000000 0.000000 0.000000
4 0.500000 3.500000 0.050000 0.000000 0.000000 0.000000 0.000000
4 0.500000 3.500000 0.050000 0.000000 0.000000 0.000000 0.000000
4 0.500000 3.500000 0.050000 0.000000 0.000000 0.000000 0.000000
4 0.500000 3.500000 0.050000 0.000000 0.000000 0.000000 0.000000
4 0.500000 3.500000 0.050000 0.000000 0.000000 0.000000 0.000000
4 0.500000 3.500000 0.050000 0.000000 0.000000 0.000000 0.000000
4 0.500000 3.500000 0.050000 0.000000 0.000000 0.000000 0.000000
4 0.500000 3.500000 0.050000 0.000000 0.000000 0.000000 0.000000
4 0.500000 3.500000 0.050000 0.000000 0.000000 0.000000 0.000000
4 0.500000 3.500000 0.050000 0.000000 0.000000 0.000000 0.000000
4 0.500000 3.500000 0.050000 0.000000 0.000000 0.000000 0.000000
4 0.500000 3.500000 0.050000 0.000000 0.000000 0.000000 0.000000
4 0.500000 3.500000 0.050000 0.000000 0.000000 0.000000 0.000000
4 0.500000 3.500000 0.050000 0.000000 0.000000 0.000000 0.000000
4 0.500000 3.500000 0.050000 0.000000 0.000000 0.000000 0.000000
4 0.500000 3.500000 0.050000 0.000000 0.000000 0.000000 0.000000
4 0.500000 3.500000 0.050000 0.000000 0.000000 0.000000 0.000000
4 0.500000 3.500000 0.050000 0.000000 0.000000 0.000000 0.000000
4 0.500000 3.500000 0.050000 0.000000 0.000000 0.000000 0.000000
4 0.500000 3.500000 0.050000 0.000000 0.000000 0.000000 0.000000
4 0.500000 3.500000 0.050000 0.000000 0.000000 0.000000 0.000000
4 0.500000 3.500000 0.050000 0.000000 0.000000 0.000000 0.000000
4 0.500000 3.500000 0.050000 0.000000 0.000000 0.000000 0.000000
4 0.500000 3.500000 0.050000 0.000000 0.000000 0.000000 0.000000
4 0.500000 3.500000 0.050000 0.000000 0.000000 0.000000 0.000000
4 0.500000 3.500000 0.050000 0.000000 0.000000 0.000000 0.000000
4 0.500000 3.500000 0.050000 0.000000 0.000000 0.000000 0.000000
4 0.500000 3.500000 0.050000 0.000000 0.000000 0.000000 0.000000
4 0.500000 3.500000 0.050000 0.000000 0.000000 0.000000 0.000000
4 0.500000 3.500000 0.050000 0.000000 0.000000 0.000000 0.000000
4 0.500000 3.500000 0.050000 0.000000 0.000000 0.000000 0.000000
4 0.500000 3.500000 0.050000 0.000000 0.000000 0.000000 0.000000
4 0.500000 3.500000 0.050000 0.000000 0.000000 0.000000 0.000000
4 0.500000 3.500000 0.050000 0.000000 0.000000 0.000000 0.000000
4 0.500000 3.500000 0.050000 0.000000 0.000000 0.000000 0.000000
4 0.500000 3.500000 0.050000 0.000000 0.000000 0.000000 0.000000
4 0.500000 3.500000 0.050000 0.000000 0.000000 0.000000 0.000000
4 0.500000 3.500000 0.050000 0.000000 0.000000 0.000000 0.000000
4 0.500000 3.500000 0.050000 0.000000 0.000000 0.000000 0.000000
4 0.500000 3.500000 0.050000 0.000000 0.000000 0.338415 0.000000
4 0.500000 3.500000 0.050000 0.000000 0.000000 0.000000 0.000000
4 0.500000 3.500000 0.050000 0.000000 0.000000 0.000000 0.000000
4 0.500000 3.500000 0.050000 0.000000 0.000000 0.000000 0.000000
4 0.500000 3.500000 0.050000 0.000000 0.000000 0.000000 0.000000
4 0.500000 3.500000 0.050000 0.000000 0.000000 0.000000 0.000000
4 0.500000 3.500000 0.050000 0.000000 0.000000 0.000000 0.000000
4 0.500000 3.500000 0.050000 0.000000 0.000000 0.000000 0.000000
4 0.500000 3.500000 0.050000 0.000000 0.000000 0.000000 0.000000
4 0.500000 3.500000 0.050000 0.000000 0.000000 0.000000 0.000000
4 0.500000 3.500000 0.050000 0.000000 0.000000 0.000000 0.000000
4 0.500000 3.500000 0.050000 0.000000 0.000000 0.000000 0.000000
4 0.500000 3.500000 0.050000 0.000000 0.000000 0.000000 0.000000
4 0.500000 3.500000 0.050000 0.000000 0.000000 0.000000 0.000000
4 0.500000 3.500000 0.050000 0.000000 0.000000 0.000000 0.000000
4 0.500000 3.500000 0.050000 0.000000 0.000000 0.000000 0.000000
4 0.500000 3.500000 0.050000 0.000000 0.000000 0.000000 0.000000
4 0.500000 3.500000 0.050000 0.000000 0.000000 0.000000 0.000000
4 0.500000 3.500000 0.050000 0.000000 0.000000 0.000000 0.000000
4 0.500000 3.500000 0.050000 0.000000 0.000000 0.000000 0.000000
4 0.500000 3.500000 0.050000 0.000000 0.000000 0.000000 0.000000
4 0.500000 3.500000 0.050000 0.000000 0.000000 0.000000 0.000000
4 0.500000 3.500000 0.050000 0.000000 0.000000 0.000000 0.000000
4 0.500000 3.500000 0.050000 0.000000 0.000000 0.000000 0.000000
4 0.500000 3.500000 0.050000 0.000000 0.000000 0.000000 0.000000
4 0.500000 3.500000 0.050000 0.000000 0.000000 0.000000 0.000000
4 0.500000 3.500000 0.050000 0.000000 0.000000 0.000000 0.000000
4 0.500000 3.500000 0.050000 0.000000 0.000000 0.000000 0.000000
4 0.500000 3.500000 0.050000 0.000000 0.000000 0.000000 0.000000
4 0.500000 3.500000 0.050000 0.000000 0.000000 0.000000 0.000000
4 0.500000 3.500000 0.050000 0.000000 0.000000 0.000000 0.000000
4 0.500000 3.500000 0.050000 0.000000 0.000000 0.000000 0.000000
4 0.500000 3.500000 0.050000 0.000000 0.000000 0.000000 0.000000
4 0.500000 3.500000 0.050000 0.000000 0.000000 0.000000 0.000000
4 0.500000 3.500000 0.050000 0.000000 0.000000 0.000000 0.000000
4 0.500000 3.500000 0.050000 0.000000 0.000000 0.000000 0.000000
4 0.500000 3.500000 0.050000 0.000000 0.000000 0.000000 0.000000
4 0.500000 3.500000 0.050000 0.000000 0.000000 0.000000 0.000000
4 0.500000 3.500000 0.050000 0.000000 0.000000 0.000000 0.000000
4 0.500000 3.500000 0.050000 0.000000 0.000000 0.000000 0.000000
4 0.500000 3.500000 0.050000 0.000000 0.000000 0.000000 0.000000
4 0.500000 3.500000 0.050000 0.000000 0.000000 0.000000 0.000000
4 0.500000 3.500000 0.050000 0.000000 0.000000 0.000000 0.000000
4 0.500000 3.500000 0.050000 0.000000 0.000000 0.000000 0.000000
4 0.500000 3.500000 0.050000 0.000000 0.000000 0.000000 0.000000
4 0.500000 3.500000 0.050000 0.000000 0.000000 0.000000 0.000000
4 0.500000 3.500000 0.050000 0.000000 0.000000 0.000000 0.000000
4 0.500000 3.500000 0.050000 0.000000 0.000000 0.000000 0.000000
4 0.500000 3.500000 0.050000 0.000000 0.000000 0.000000 0.000000
4 0.500000 3.500000 0.050000 0.000000 0.000000 0.000000 0.000000
4 0.500000 3.500000 0.050000 0.000000 0.000000 0.000000 0.000000
4 0.500000 3.500000 0.050000 0.000000 0.000000 0.000000 0.000000
4 0.500000 3.500000 0.050000 0.000000 0.000000 0.000000 0.000000
4 0.500000 3.500000 0.050000 0.000000 0.000000 0.000000 0.000000
4 0.500000 3.500000 0.050000 0.000000 0.000000 0.000000 0.000000
4 0.500000 3.500000 0.050000 0.000000 0.000000 0.000000 0.000000
4 0.500000 3.500000 0.050000 0.000000 0.000000 0.000000 0.000000
4 0.500000 3.500000 0.050000 0.000000 0.000000 0.000000 0.000000
4 0.500000 3.500000 0.050000 0.000000 0.000000 0.000000 0.000000
4 0.500000 3.500000 0.050000 0.000000 0.000000 0.000000 0.000000
4 0.500000 3.500000 0.050000 0.000000 0.000000 0.000000 0.000000
4 0.500000 3.500000 0.050000 0.000000 0.000000 0.000000 0.000000
4 0.500000 3.500000 0.050000 0.000000 0.000000 0.000000 0.000000
4 0.500000 3.500000 0.050000 0.000000 0.000000 0.000000 0.000000
4 0.500000 3.500000 0.050000 0.000000 0.000000 0.000000 0.000000
4 0.500000 3.500000 0.050000 0.000000 0.000000 0.000000 0.000000
4 0.500000 3.500000 0.050000 0.000000 0.000000 0.000000 0.000000
4 0.500000 3.500000 0.050000 0.000000 0.000000 0.000000 0.000000
4 0.500000 3.500000 0.050000 0.000000 0.000000 0.000000 0.000000
4 0.500000 3.500000 0.050000 0.000000 0.000000 0.000000 0.000000
4 0.500000 3.500000 0.050000 0.000000 0.000000 0.000000 0.000000
4 0.500000 3.500000 0.050000 0.000000 0.000000 0.000000 0.000000
4 0.500000 3.500000 0.050000 0.000000 0.000000 0.000000 0.000000
4 0.500000 3.500000 0.050000 0.000000 0.000000 0.000000 0.000000
4 0.500000 3.500000 0.050000 0.000000 0.000000 0.000000 0.000000
4 0.500000 3.500000 0.050000 0.000000 0.000000 0.000000 0.000000
4 0.500000 3.500000 0.050000 0.000000 0.000000 0.000000 0.000000
4 0.500000 3.500000 0.050000 0.000000 0.000000 0.000000 0.000000
4 0.500000 3.500000 0.050000 0.000000 0.000000 0.000000 0.000000
4 0.500000 3.500000 0.050000 0.000000 0.000000 0.000000 0.000000
4 0.500000 3.500000 0.050000 0.000000 0.000000 0.000000 0.000000
4 0.500000 3.500000 0.050000 0.000000 0.000000 0.000000 0.000000
4 0.500000 3.500000 0.050000 0.000000 0.000000 0.000000 0.000000
4 0.500000 3.500000 0.050000 0.000000 0.000000 0.000000 0.000000
4 0.500000 3.500000 0.050000 0.000000 0.000000 0.000000 0.000000
4 0.500000 3.500000 0.050000 0.000000 0.000000 0.000000 0.000000
4 0.500000 3.500000 0.050000 0.000000 0.000000 0.000000 0.000000
4 0.500000 3.500000 0.050000 0.000000 0.000000 0.000000 0.000000
4 0.500000 3.500000 0.050000 0.000000 0.000000 0.000000 0.000000
4 0.500000 3.500000 0.050000 0.000000 0.000000 0.000000 0.000000
4 0.500000 3.500000 0.050000 0.000000 0.000000 0.000000 0.000000
4 0.500000 3.500000 0.050000 0.000000 0.000000 0.000000 0.000000
4 0.500000 3.500000 0.050000 0.000000 0.000000 0.000000 0.000000
4 0.500000 3.500000 0.050000 0.000000 0.000000 0.000000 0.000000
4 0.500000 3.500000 0.050000 0.000000 0.000000 0.000000 0.000000
4 0.500000 3.500000 0.050000 0.000000 0.000000 0.000000 0.000000
4 0.500000 3.500000 0.050000 0.000000 0.000000 0.337810 0.000000
4 0.500000 3.500000 0.050000 0.000000 0.000000 0.000000 0.000000
4 0.500000 3.500000 0.050000 0.000000 0.000000 0.000000 0.000000
4 0.500000 3.500000 0.050000 0.000000 0.000000 0.000000 0.000000
4 0.500000 3.500000 0.050000 0.000000 0.000000 0.337500 0.000000
4 0.500000 3.500000 0.050000 0.000000 0.000000 0.000000 0.000000
4 0.500000 3.500000 0.050000 0.000000 0.000000 0.000000 0.000000
4 0.500000 3.500000 0.050000 0.000000 0.000000 0.000000 0.000000
4 0.500000 3.500000 0.050000 0.000000 0.000000 0.000000 0.000000
4 0.500000 3.500000 0.050000 0.000000 0.000000 0.000000 0.000000
4 0.500000 3.500000 0.050000 0.000000 0.000000 0.000000 0.000000
4 0.500000 3.500000 0.050000 0.000000 0.000000 0.000000 0.000000
4 0.500000 3.500000 0.050000 0.000000 0.000000 0.000000 0.000000
4 0.500000 3.500000 0.050000 0.000000 0.000000 0.000000 0.000000
4 0.500000 3.500000 0.050000 0.000000 0.000000 0.000000 0.000000
4 0.500000 3.500000 0.050000 0.000000 0.000000 0.000000 0.000000
4 0.500000 3.500000 0.050000 0.000000 0.000000 0.000000 0.000000
4 0.500000 3.500000 0.050000 0.000000 0.000000 0.000000 0.000000
4 0.500000 3.500000 0.050000 0.000000 0.000000 0.000000 0.000000
4 0.500000 3.500000 0.050000 0.000000 0.000000 0.000000 0.000000
4 0.500000 3.500000 0.050000 0.000000 0.000000 0.000000 0.000000
4 0.500000 3.500000 0.050000 0.000000 0.000000 0.000000 0.000000
4 0.500000 3.500000 0.050000 0.000000 0.000000 0.000000 0.000000
4 0.500000 3.500000 0.050000 0.000000 0.000000 0.000000 0.000000
4 0.500000 3.500000 0.050000 0.000000 0.000000 0.000000 0.000000
4 0.500000 3.500000 0.050000 0.000000 0.000000 0.000000 0.000000
4 0.500000 3.500000 0.050000 0.000000 0.000000 0.000000 0.000000
4 0.500000 3.500000 0.050000 0.000000 0.000000 0.000000 0.000000
4 0.500000 3.500000 0.050000 0.000000 0.000000 0.000000 0.000000
4 0.500000 3.500000 0.050000 0.000000 0.000000 0.000000 0.000000
4 0.500000 3.500000 0.050000 0.000000 0.000000 0.000000 0.000000
4 0.500000 3.500000 0.050000 0.000000 0.000000 0.000000 0.000000
4 0.500000 3.500000 0.050000 0.000000 0.000000 0.000000 0.000000
4 0.500000 3.500000 0.050000 0.000000 0.000000 0.000000 0.000000
4 0.500000 3.500000 0.050000 0.000000 0.000000 0.000000 0.000000
4 0.500000 3.500000 0.050000 0.000000 0.000000 0.000000 0.000000
4 0.500000 3.500000 0.050000 0.000000 0.000000 0.000000 0.000000
4 0.500000 3.500000 0.050000 0.000000 0.000000 0.000000 0.000000
4 0.500000 3.500000 0.050000 0.000000 0.000000 0.000000 0.000000
4 0.500000 3.500000 0.050000 0.000000 0.000000 0.000000 0.000000
4 0.500000 3.500000 0.050000 0.000000 0.000000 0.000000 0.000000
4 0.500000 3.500000 0.050000 0.000000 0.000000 0.339069 0.000000
4 0.500000 3.500000 0.050000 0.000000 0.000000 0.000000 0.000000
4 0.500000 3.500000 0.050000 0.000000 0.000000 0.000000 0.000000
4 0.500000 3.500000 0.050000 0.000000 0.000000 0.000000 0.000000
4 0.500000 3.500000 0.050000 0.000000 0.000000 0.339737 0.000000
4 0.500000 3.500000 0.050000 0.000000 0.000000 0.000000 0.000000
4 0.500000 3.500000 0.050000 0.000000 0.000000 0.000000 0.000000
4 0.500000 3.500000 0.050000 0.000000 0.000000 0.000000 0.000000
4 0.500000 3.500000 0.050000 0.000000 0.000000 0.000000 0.000000
4 0.500000 3.500000 0.050000 0.000000 0.000000 0.000000 0.000000
4 0.500000 3.500000 0.050000 0.000000 0.000000 0.000000 0.000000
4 0.500000 3.500000 0.050000 0.000000 0.000000 0.000000 0.000000
4 0.500000 3.500000 0.050000 0.000000 0.000000 0.000000 0.000000
4 0.500000 3.500000 0.050000 0.000000 0.000000 0.000000 0.000000
4 0.500000 3.500000 0.050000 0.000000 0.000000 0.339487 0.000000
4 0.500000 3.500000 0.050000 0.000000 0.000000 0.000000 0.000000
4 0.500000 3.500000 0.050000 0.000000 0.000000 0.000000 0.000000
4 0.500000 3.500000 0.050000 0.000000 0.000000 0.000000 0.000000
4 0.500000 3.500000 0.050000 0.000000 0.000000 0.000000 0.000000
4 0.500000 3.500000 0.050000 0.000000 0.000000 0.000000 0.000000
4 0.500000 3.500000 0.050000 0.000000 0.000000 0.000000 0.000000
4 0.500000 3.500000 0.050000 0.000000 0.000000 0.000000 0.000000
4 0.500000 3.500000 0.050000 0.000000 0.000000 0.000000 0.000000
4 0.500000 3.500000 0.050000 0.000000 0.000000 0.000000 0.000000
4 0.500000 3.500000 0.050000 0.000000 0.000000 0.000000 0.000000
4 0.500000 3.500000 0.050000 0.000000 0.000000 0.000000 0.000000
4 0.500000 3.500000 0.050000 0.000000 0.000000 0.000000 0.000000
4 0.500000 3.500000 0.050000 0.000000 0.000000 0.000000 0.000000
4 0.500000 3.500000 0.050000 0.000000 0.000000 0.000000 0.000000
4 0.500000 3.500000 0.050000 0.000000 0.000000 0.000000 0.000000
4 0.500000 3.500000 0.050000 0.000000 0.000000 0.000000 0.000000
4 0.500000 3.500000 0.050000 0.000000 0.000000 0.000000 0.000000
4 0.500000 3.500000 0.050000 0.000000 0.000000 0.000000 0.000000
4 0.500000 3.500000 0.050000 0.000000 0.000000 0.000000 0.000000
4 0.500000 3.500000 0.050000 0.000000 0.000000 0.000000 0.000000
4 0.500000 3.500000 0.050000 0.000000 0.000000 0.000000 0.000000
4 0.500000 3.500000 0.050000 0.000000 0.000000 0.000000 0.000000
4 0.500000 3.500000 0.050000 0.000000 0.000000 0.000000 0.000000
4 0.500000 3.500000 0.050000 0.000000 0.000000 0.000000 0.000000
4 0.500000 3.500000 0.050000 0.000000 0.000000 0.000000 0.000000
4 0.500000 3.500000 0.050000 0.000000 0.000000 0.000000 0.000000
4 0.500000 3.500000 0.050000 0.000000 0.000000 0.000000 0.000000
4 0.500000 3.500000 0.050000 0.000000 0.000000 0.000000 0.000000
4 0.500000 3.500000 0.050000 0.000000 0.000000 0.000000 0.000000
4 0.500000 3.500000 0.050000 0.000000 0.000000 0.000000 0.000000
4 0.500000 3.500000 0.050000 0.000000 0.000000 0.000000 0.000000
4 0.500000 3.500000 0.050000 0.000000 0.000000 0.000000 0.000000
4 0.500000 3.500000 0.050000 0.000000 0.000000 0.000000 0.000000
4 0.500000 3.500000 0.050000 0.000000 0.000000 0.000000 0.000000
4 0.500000 3.500000 0.050000 0.000000 0.000000 0.000000 0.000000
4 0.500000 3.500000 0.050000 0.000000 0.000000 0.000000 0.000000
4 0.500000 3.500000 0.050000 0.000000 0.000000 0.000000 0.000000
4 0.500000 3.500000 0.050000 0.000000 0.000000 0.000000 0.000000
4 0.500000 3.500000 0.050000 0.000000 0.000000 0.000000 0.000000
4 0.500000 3.500000 0.050000 0.000000 0.000000 0.000000 0.000000
4 0.500000 3.500000 0.050000 0.000000 0.000000 0.000000 0.000000
4 0.500000 3.500000 0.050000 0.000000 0.000000 0.000000 0.000000
4 0.500000 3.500000 0.050000 0.000000 0.000000 0.000000 0.000000
4 0.500000 3.500000 0.050000 0.000000 0.000000 0.000000 0.000000
4 0.500000 3.500000 0.050000 0.000000 0.000000 0.000000 0.000000
4 0.500000 3.500000 0.050000 0.000000 0.000000 0.000000 0.000000
4 0.500000 3.500000 0.050000 0.000000 0.000000 0.000000 0.000000
4 0.500000 3.500000 0.050000 0.000000 0.000000 0.000000 0.000000
4 0.500000 3.500000 0.050000 0.000000 0.000000 0.000000 0.000000
4 0.500000 3.500000 0.050000 0.000000 0.000000 0.000000 0.000000
4 0.500000 3.500000 0.050000 0.000000 0.000000 0.000000 0.000000
4 0.500000 3.500000 0.050000 0.000000 0.000000 0.000000 0.000000
4 0.500000 3.500000 0.050000 0.000000 0.000000 0.000000 0.000000
4 0.500000 3.500000 0.050000 0.000000 0.000000 0.000000 0.000000
4 0.500000 3.500000 0.050000 0.000000 0.000000 0.000000 0.000000
4 0.500000 3.500000 0.050000 0.000000 0.000000 0.000000 0.000000
4 0.500000 3.500000 0.050000 0.000000 0.000000 0.000000 0.000000
4 0.500000 3.500000 0.050000 0.000000 0.000000 0.000000 0.000000
4 0.500000 3.500000 0.050000 0.000000 0.000000 0.000000 0.000000
4 0.500000 3.500000 0.050000 0.000000 0.000000 0.000000 0.000000
4 0.500000 3.500000 0.050000 0.000000 0.000000 0.000000 0.000000
4 0.500000 3.500000 0.050000 0.000000 0.000000 0.000000 0.000000
4 0.500000 3.500000 0.050000 0.000000 0.000000 0.000000 0.000000
4 0.500000 3.500000 0.050000 0.000000 0.000000 0.000000 0.000000
4 0.500000 3.500000 0.050000 0.000000 0.000000 0.000000 0.000000
4 0.500000 3.500000 0.050000 0.000000 0.000000 0.000000 0.000000
4 0.500000 3.500000 0.050000 0.000000 0.000000 0.000000 0.000000
4 0.500000 3.500000 0.050000 0.000000 0.000000 0.000000 0.000000
4 0.500000 3.500000 0.050000 0.000000 0.000000 0.000000 0.000000
4 0.500000 3.500000 0.050000 0.000000 0.000000 0.000000 0.000000
4 0.500000 3.500000 0.050000 0.000000 0.000000 0.000000 0.000000
4 0.500000 3.500000 0.050000 0.000000 0.000000 0.000000 0.000000
4 0.500000 3.500000 0.050000 0.000000 0.000000 0.000000 0.000000
4 0.500000 3.500000 0.050000 0.000000 0.000000 0.000000 0.000000
4 0.500000 3.500000 0.050000 0.000000 0.000000 0.000000 0.000000
4 0.500000 3.500000 0.050000 0.000000 0.000000 0.000000 0.000000
4 0.500000 3.500000 0.050000 0.000000 0.000000 0.000000 0.000000
4 0.500000 3.500000 0.050000 0.000000 0.000000 0.000000 0.000000
4 0.500000 3.500000 0.050000 0.000000 0.000000 0.000000 0.000000
4 0.500000 3.500000 0.050000 0.000000 0.000000 0.000000 0.000000
4 0.500000 3.500000 0.050000 0.000000 0.000000 0.000000 0.000000
4 0.500000 3.500000 0.050000 0.000000 0.000000 0.000000 0.000000
4 0.500000 3.500000 0.050000 0.000000 0.000000 0.000000 0.000000
4 0.500000 3.500000 0.050000 0.000000 0.000000 0.000000 0.000000
4 0.500000 3.500000 0.050000 0.000000 0.000000 0.000000 0.000000
4 0.500000 3.500000 0.050000 0.000000 0.000000 0.000000 0.000000
4 0.500000 3.500000 0.050000 0.000000 0.000000 0.000000 0.000000
4 0.500000 3.500000 0.050000 0.000000 0.000000 0.000000 0.000000
4 0.500000 3.500000 0.050000 0.000000 0.000000 0.000000 0.000000
4 0.500000 3.500000 0.050000 0.000000 0.000000 0.000000 0.000000
4 0.500000 3.500000 0.050000 0.000000 0.000000 0.339450 0.000000
4 0.500000 3.500000 0.050000 0.000000 0.000000 0.000000 0.000000
4 0.500000 3.500000 0.050000 0.000000 0.000000 0.000000 0.000000
4 0.500000 3.500000 0.050000 0.000000 0.000000 0.000000 0.000000
4 0.500000 3.500000 0.050000 0.000000 0.000000 0.000000 0.000000
4 0.500000 3.500000 0.050000 0.000000 0.000000 0.000000 0.000000
4 0.500000 3.500000 0.050000 0.000000 0.000000 0.000000 0.000000
4 0.500000 3.500000 0.050000 0.000000 0.000000 0.000000 0.000000
4 0.500000 3.500000 0.050000 0.000000 0.000000 0.000000 0.000000
4 0.500000 3.500000 0.050000 0.000000 0.000000 0.000000 0.000000
4 0.500000 3.500000 0.050000 0.000000 0.000000 0.000000 0.000000
4 0.500000 3.500000 0.050000 0.000000 0.000000 0.000000 0.000000
4 0.500000 3.500000 0.050000 0.000000 0.000000 0.000000 0.000000
4 0.500000 3.500000 0.050000 0.000000 0.000000 0.000000 0.000000
4 0.500000 3.500000 0.050000 0.000000 0.000000 0.000000 0.000000
4 0.500000 3.500000 0.050000 0.000000 0.000000 0.000000 0.000000
4 0.500000 3.500000 0.050000 0.000000 0.000000 0.000000 0.000000
4 0.500000 3.500000 0.050000 0.000000 0.000000 0.000000 0.000000
4 0.500000 3.500000 0.050000 0.000000 0.000000 0.000000 0.000000
4 0.500000 3.500000 0.050000 0.000000 0.000000 0.000000 0.000000
4 0.500000 3.500000 0.050000 0.000000 0.000000 0.000000 0.000000
4 0.500000 3.500000 0.050000 0.000000 0.000000 0.000000 0.000000
4 0.500000 3.500000 0.050000 0.000000 0.000000 0.000000 0.000000
4 0.500000 3.500000 0.050000 0.000000 0.000000 -0.339157 0.000000
4 0.500000 3.500000 0.050000 0.000000 0.000000 0.000000 0.000000
4 0.500000 3.500000 0.050000 0.000000 0.000000 0.000000 0.000000
4 0.500000 3.500000 0.050000 0.000000 0.000000 0.000000 0.000000
4 0.500000 3.500000 0.050000 0.000000 0.000000 0.000000 0.000000
4 0.500000 3.500000 0.050000 0.000000 0.000000 0.000000 0.000000
4 0.500000 3.500000 0.050000 0.000000 0.000000 0.000000 0.000000
4 0.500000 3.500000 0.050000 0.000000 0.000000 0.000000 0.000000
4 0.500000 3.500000 0.050000 0.000000 0.000000 0.000000 0.000000
4 0.500000 3.500000 0.050000 0.000000 0.000000 0.000000 0.000000
4 0.500000 3.500000 0.050000 0.000000 0.000000 0.000000 0.000000
4 0.500000 3.500000 0.050000 0.000000 0.000000 0.000000 0.000000
4 0.500000 3.500000 0.050000 0.000000 0.000000 0.000000 0.000000
4 0.500000 3.500000 0.050000 0.000000 0.000000 0.000000 0.000000
4 0.500000 3.500000 0.050000 0.000000 0.000000 0.000000 0.000000
4 0.500000 3.500000 0.050000 0.000000 0.000000 0.000000 0.000000
4 0.500000 3.500000 0.050000 0.000000 0.000000 0.000000 0.000000
4 0.500000 3.500000 0.050000 0.000000 0.000000 0.000000 0.000000
4 0.500000 3.500000 0.050000 0.000000 0.000000 0.000000 0.000000
4 0.500000 3.500000 0.050000 0.000000 0.000000 0.000000 0.000000
4 0.500000 3.500000 0.050000 0.000000 0.000000 0.000000 0.000000
4 0.500000 3.500000 0.050000 0.000000 0.000000 0.000000 0.000000
4 0.500000 3.500000 0.050000 0.000000 0.000000 0.000000 0.000000
4 0.500000 3.500000 0.050000 0.000000 0.000000 0.000000 0.000000
4 0.500000 3.500000 0.050000 0.000000 0.000000 0.000000 0.000000
4 0.500000 3.500000 0.050000 0.000000 0.000000 0.000000 0.000000
4 0.500000 3.500000 0.050000 0.000000 0.000000 0.000000 0.000000
4 0.500000 3.500000 0.050000 0.000000 0.000000 0.000000 0.000000
4 0.500000 3.500000 0.050000 0.000000 0.000000 0.000000 0.000000
4 0.500000 3.500000 0.050000 0.000000 0.000000 0.000000 0.000000
4 0.500000 3.500000 0.050000 0.000000 0.000000 0.000000 0.000000
4 0.500000 3.500000 0.050000 0.000000 0.000000 0.000000 0.000000
4 0.500000 3.500000 0.050000 0.000000 0.000000 0.000000 0.000000
4 0.500000 3.500000 0.050000 0.000000 0.000000 0.000000 0.000000
4 0.500000 3.500000 0.050000 0.000000 0.000000 0.000000 0.000000
4 0.500000 3.500000 0.050000 0.000000 0.000000 0.000000 0.000000
4 0.500000 3.500000 0.050000 0.000000 0.000000 0.000000 0.000000
4 0.500000 3.500000 0.050000 0.000000 0.000000 0.000000 0.000000
4 0.500000 3.500000 0.050000 0.000000 0.000000 0.000000 0.000000
4 0.500000 3.500000 0.050000 0.000000 0.000000 0.000000 0.000000
4 0.500000 3.500000 0.050000 0.000000 0.000000 0.000000 0.000000
4 0.500000 3.500000 0.050000 0.000000 0.000000 0.000000 0.000000
4 0.500000 3.500000 0.050000 0.000000 0.000000 0.000000 0.000000
4 0.500000 3.500000 0.050000 0.000000 0.000000 0.000000 0.000000
4 0.500000 3.500000 0.050000 0.000000 0.000000 0.000000 0.000000
4 0.500000 3.500000 0.050000 0.000000 0.000000 0.000000 0.000000
4 0.500000 3.500000 0.050000 0.000000 0.000000 0.000000 0.000000
4 0.500000 3.500000 0.050000 0.000000 0.000000 0.000000 0.000000
4 0.500000 3.500000 0.050000 0.000000 0.000000 0.000000 0.000000
4 0.500000 3.500000 0.050000 0.000000 0.000000 0.000000 0.000000
4 0.500000 3.500000 0.050000 0.000000 0.000000 0.000000 0.000000
4 0.500000 3.500000 0.050000 0.000000 0.000000 0.000000 0.000000
4 0.500000 3.500000 0.050000 0.000000 0.000000 0.000000 0.000000
4 0.500000 3.500000 0.050000 0.000000 0.000000 0.000000 0.000000
4 0.500000 3.500000 0.050000 0.000000 0.000000 0.000000 0.000000
4 0.500000 3.500000 0.050000 0.000000 0.000000 0.000000 0.000000
4 0.500000 3.500000 0.050000 0.000000 0.000000 0.000000 0.000000
4 0.500000 3.500000 0.050000 0.000000 0.000000 0.000000 0.000000
4 0.500000 3.500000 0.050000 0.000000 0.000000 0.000000 0.000000
4 0.500000 3.500000 0.050000 0.000000 0.000000 0.000000 0.000000
4 0.500000 3.500000 0.050000 0.000000 0.000000 0.000000 0.000000
4 0.500000 3.500000 0.050000 0.000000 0.000000 0.000000 0.000000
4 0.500000 3.500000 0.050000 0.000000 0.000000 0.000000 0.000000
4 0.500000 3.500000 0.050000 0.000000 0.000000 0.000000 0.000000
4 0.500000 3.500000 0.050000 0.000000 0.000000 0.000000 0.000000
4 0.500000 3.500000 0.050000 0.000000 0.000000 0.000000 0.000000
4 0.500000 3.500000 0.050000 0.000000 0.000000 0.000000 0.000000
4 0.500000 3.500000 0.050000 0.000000 0.000000 0.000000 0.000000
4 0.500000 3.500000 0.050000 0.000000 0.000000 0.000000 0.000000
4 0.500000 3.500000 0.050000 0.000000 0.000000 0.000000 0.000000
4 0.500000 3.500000 0.050000 0.000000 0.000000 0.000000 0.000000
4 0.500000 3.500000 0.050000 0.000000 0.000000 0.000000 0.000000
4 0.500000 3.500000 0.050000 0.000000 0.000000 0.000000 0.000000
4 0.500000 3.500000 0.050000 0.000000 0.000000 0.000000 0.000000
4 0.500000 3.500000 0.050000 0.000000 0.000000 0.000000 0.000000
4 0.500000 3.500000 0.050000 0.000000 0.000000 0.000000 0.000000
4 0.500000 3.500000 0.050000 0.000000 0.000000 0.000000 0.000000
4 0.500000 3.500000 0.050000 0.000000 0.000000 0.000000 0.000000
4 0.500000 3.500000 0.050000 0.000000 0.000000 0.000000 0.000000
4 0.500000 3.500000 0.050000 0.000000 0.000000 0.000000 0.000000
4 0.500000 3.500000 0.050000 0.000000 0.000000 0.000000 0.000000
4 0.500000 3.500000 0.050000 0.000000 0.000000 0.000000 0.000000
4 0.500000 3.500000 0.050000 0.000000 0.000000 0.000000 0.000000
4 0.500000 3.500000 0.050000 0.000000 0.000000 0.000000 0.000000
4 0.500000 3.500000 0.050000 0.000000 0.000000 0.000000 0.000000
4 0.500000 3.500000 0.050000 0.000000 0.000000 0.000000 0.000000
4 0.500000 3.500000 0.050000 0.000000 0.000000 0.000000 0.000000
4 0.500000 3.500000 0.050000 0.000000 0.000000 0.000000 0.000000
4 0.500000 3.500000 0.050000 0.000000 0.000000 0.000000 0.000000
4 0.500000 3.500000 0.050000 0.000000 0.000000 0.000000 0.000000
4 0.500000 3.500000 0.050000 0.000000 0.000000 0.000000 0.000000
4 0.500000 3.500000 0.050000 0.000000 0.000000 0.000000 0.000000
4 0.500000 3.500000 0.050000 0.000000 0.000000 0.000000 0.000000
4 0.500000 3.500000 0.050000 0.000000 0.000000 0.000000 0.000000
4 0.500000 3.500000 0.050000 0.000000 0.000000 0.000000 0.000000
4 0.500000 3.500000 0.050000 0.000000 0.000000 0.000000 0.000000
4 0.500000 3.500000 0.050000 0.000000 0.000000 0.000000 0.000000
4 0.500000 3.500000 0.050000 0.000000 0.000000 0.000000 0.000000
4 0.500000 3.500000 0.050000 0.000000 0.000000 0.000000 0.000000
4 0.500000 3.500000 0.050000 0.000000 0.000000 0.000000 0.000000
4 0.500000 3.500000 0.050000 0.000000 0.000000 0.000000 0.000000
4 0.500000 3.500000 0.050000 0.000000 0.000000 0.000000 0.000000
4 0.500000 3.500000 0.050000 0.000000 0.000000 0.000000 0.000000
4 0.500000 3.500000 0.050000 0.000000 0.000000 0.339034 0.000000
4 0.500000 3.500000 0.050000 0.000000 0.000000 0.000000 0.000000
4 0.500000 3.500000 0.050000 0.000000 0.000000 0.000000 0.000000
4 0.500000 3.500000 0.050000 0.000000 0.000000 0.000000 0.000000
4 0.500000 3.500000 0.050000 0.000000 0.000000 0.000000 0.000000
4 0.500000 3.500000 0.050000 0.000000 0.000000 -0.338895 0.000000
4 0.500000 3.500000 0.050000 0.000000 0.000000 0.000000 0.000000
4 0.500000 3.500000 0.050000 0.000000 0.000000 0.000000 0.000000
4 0.500000 3.500000 0.050000 0.000000 0.000000 0.000000 0.000000
4 0.500000 3.500000 0.050000 0.000000 0.000000 0.000000 0.000000
4 0.500000 3.500000 0.050000 0.000000 0.000000 0.000000 0.000000
4 0.500000 3.500000 0.050000 0.000000 0.000000 0.000000 0.000000
4 0.500000 3.500000 0.050000 0.000000 0.000000 0.000000 0.000000
4 0.500000 3.500000 0.050000 0.000000 0.000000 0.000000 0.000000
4 0.500000 3.500000 0.050000 0.000000 0.000000 0.000000 0.000000
4 0.500000 3.500000 0.050000 0.000000 0.000000 0.000000 0.000000
4 0.500000 3.500000 0.050000 0.000000 0.000000 0.000000 0.000000
4 0.500000 3.500000 0.050000 0.000000 0.000000 0.000000 0.000000
4 0.500000 3.500000 0.050000 0.000000 0.000000 0.000000 0.000000
4 0.500000 3.500000 0.050000 0.000000 0.000000 0.000000 0.000000
4 0.500000 3.500000 0.050000 0.000000 0.000000 0.000000 0.000000
4 0.500000 3.500000 0.050000 0.000000 0.000000 0.000000 0.000000
4 0.500000 3.500000 0.050000 0.000000 0.000000 0.000000 0.000000
4 0.500000 3.500000 0.050000 0.000000 0.000000 0.000000 0.000000
4 0.500000 3.500000 0.050000 0.000000 0.000000 0.000000 0.000000
4 0.500000 3.500000 0.050000 0.000000 0.000000 0.000000 0.000000
4 0.500000 3.500000 0.050000 0.000000 0.000000 0.000000 0.000000
4 0.500000 3.500000 0.050000 0.000000 0.000000 0.000000 0.000000
4 0.500000 3.500000 0.050000 0.000000 0.000000 0.000000 0.000000
4 0.500000 3.500000 0.050000 0.000000 0.000000 0.000000 0.000000
4 0.500000 3.500000 0.050000 0.000000 0.000000 0.000000 0.000000
4 0.500000 3.500000 0.050000 0.000000 0.000000 0.000000 0.000000
4 0.500000 3.500000 0.050000 0.000000 0.000000 0.000000 0.000000
4 0.500000 3.500000 0.050000 0.000000 0.000000 0.000000 0.000000
4 0.500000 3.500000 0.050000 0.000000 0.000000 0.000000 0.000000
4 0.500000 3.500000 0.050000 0.000000 0.000000 0.000000 0.000000
4 0.500000 3.500000 0.050000 0.000000 0.000000 0.000000 0.000000
4 0.500000 3.500000 0.050000 0.000000 0.000000 0.000000 0.000000
4 0.500000 3.500000 0.050000 0.000000 0.000000 0.000000 0.000000
4 0.500000 3.500000 0.050000 0.000000 0.000000 0.000000 0.000000
4 0.500000 3.500000 0.050000 0.000000 0.000000 0.000000 0.000000
4 0.500000 3.500000 0.050000 0.000000 0.000000 0.000000 0.000000
