18.500000 0.000000 0.533708 -0.784894 1.570796 0.400000 574.000000
18.500000 0.132569 0.515267 -0.813095 1.570796 0.400000 574.000000
18.500000 0.265139 0.503534 -0.875438 1.570796 0.400000 574.000000
18.500000 0.397708 0.467128 -0.899567 1.570796 0.400000 574.000000
18.500000 0.530277 0.467128 -0.960655 1.570796 0.400000 574.000000
18.500000 0.662847 0.491803 -0.811994 1.570796 0.400000 574.000000
18.500000 0.795416 0.501453 2.316645 3.141593 0.400000 574.000000
18.500000 0.927985 0.500000 3.863372 3.141593 0.400000 574.000000
18.500000 1.060555 0.500000 5.032104 3.141593 0.400000 574.000000
18.500000 1.193124 0.500000 6.763976 3.141593 0.400000 574.000000
18.500000 1.325693 0.515267 8.382818 3.141593 0.400000 574.000000
18.500000 1.458263 0.500000 9.921382 3.141593 0.400000 574.000000
18.500000 1.590832 0.521739 11.761794 3.141593 0.400000 574.000000
18.500000 1.723401 0.523256 12.823845 3.141593 0.400000 574.000000
18.500000 1.855971 0.528169 14.059824 3.141593 0.400000 574.000000
18.500000 1.988540 0.559701 15.353068 3.141593 0.400000 574.000000
18.500000 2.121109 0.500000 16.574592 3.141593 0.400000 574.000000
18.500000 2.253679 0.555556 17.679275 3.141593 0.400000 574.000000
18.500000 2.386248 0.535714 18.865918 3.141593 0.400000 574.000000
18.500000 2.518817 0.500000 20.064009 3.141593 0.400000 574.000000
18.500000 2.651386 0.562500 20.884160 3.141593 0.400000 574.000000
18.500000 2.783956 0.500000 22.533739 3.141593 0.400000 574.000000
18.500000 2.916525 0.555556 23.368774 3.141593 0.400000 574.000000
18.500000 3.049094 0.600000 23.954997 3.141593 0.400000 574.000000
18.500000 3.181664 0.625000 25.341568 3.141593 0.400000 574.000000
18.500000 3.314233 0.500000 25.777906 3.141593 0.400000 574.000000
18.500000 3.446802 0.576923 26.306469 3.141593 0.400000 574.000000
18.500000 3.579372 0.600000 27.158977 3.141593 0.400000 574.000000
18.500000 3.711941 0.625000 27.813145 3.141593 0.400000 574.000000
18.500000 3.844510 0.714286 30.065553 3.141593 0.400000 574.000000
18.500000 3.977080 1.000000 31.994534 3.141593 0.400000 574.000000
18.500000 4.109649 1.000000 32.450394 3.141593 0.400000 574.000000
18.500000 4.242218 1.000000 31.529847 3.141593 0.400000 574.000000
18.500000 4.374788 1.000000 32.274874 3.141593 0.400000 574.000000
18.500000 4.507357 1.000000 32.191941 3.141593 0.400000 574.000000
18.500000 4.639926 1.000000 32.860873 3.141593 0.400000 574.000000
18.500000 4.772496 1.000000 33.117768 3.141593 0.400000 574.000000
18.500000 4.905065 1.000000 33.729846 3.141593 0.400000 574.000000
18.500000 5.037634 1.000000 34.313747 3.141593 0.400000 574.000000
18.500000 5.170204 1.000000 35.617791 3.141593 0.400000 574.000000
18.500000 5.302773 1.000000 35.917291 3.141593 0.400000 574.000000
18.500000 5.435342 1.000000 36.446927 3.141593 0.400000 574.000000
18.500000 5.567912 1.000000 35.274041 3.141593 0.400000 574.000000
18.500000 5.700481 1.000000 35.600718 3.141593 0.400000 574.000000
18.500000 5.833050 1.000000 35.146975 3.141593 0.400000 574.000000
18.500000 5.965620 1.000000 35.343862 3.141593 0.400000 574.000000
18.500000 6.098189 1.000000 35.489595 3.141593 0.400000 574.000000
18.500000 6.230758 1.000000 32.835577 3.141593 0.400000 574.000000
18.500000 6.363328 1.000000 32.821253 3.141593 0.400000 574.000000
18.500000 6.495897 1.000000 32.790487 3.141593 0.400000 574.000000
18.500000 6.628466 1.000000 32.746429 3.141593 0.400000 574.000000
18.500000 6.761036 1.000000 33.379176 3.141593 0.400000 574.000000
18.500000 6.893605 1.000000 33.501649 3.141593 0.400000 574.000000
