12.500000 0.000000 0.800562 -0.657066 1.570796 0.400000 574.000000
12.500000 0.060523 0.762712 -0.632891 1.570796 0.400000 574.000000
12.500000 0.121046 0.805085 -0.572116 1.570796 0.400000 574.000000
12.500000 0.181569 0.677966 -0.720686 1.570796 0.400000 574.000000
12.500000 0.242092 0.758427 -0.691917 1.570796 0.400000 574.000000
12.500000 0.302614 0.837766 -0.550145 1.570796 0.400000 574.000000
12.500000 0.363137 0.685484 -0.569275 1.570796 0.400000 574.000000
12.500000 0.423660 0.847458 -0.680839 1.570796 0.400000 574.000000
12.500000 0.484183 0.797872 -0.660446 1.570796 0.400000 574.000000
12.500000 0.544706 0.761421 -0.340911 1.570796 0.400000 574.000000
12.500000 0.605229 0.632022 -0.456353 1.570796 0.400000 574.000000
12.500000 0.665752 0.661765 -0.770423 1.570796 0.400000 574.000000
12.500000 0.726275 0.695876 -0.415309 1.570796 0.400000 574.000000
12.500000 0.786797 0.807692 -0.615148 1.570796 0.400000 574.000000
12.500000 0.847320 0.662983 -0.440794 1.570796 0.400000 574.000000
12.500000 0.907843 0.621302 -0.560819 1.570796 0.400000 574.000000
12.500000 0.968366 0.552632 -0.576594 1.570796 0.400000 574.000000
12.500000 1.028889 0.513158 -0.585970 1.570796 0.400000 574.000000
12.500000 1.089412 0.563380 -0.517319 1.570796 0.400000 574.000000
12.500000 1.149935 0.502577 -0.431488 1.570796 0.400000 574.000000
12.500000 1.210458 0.500000 -0.523257 1.570796 0.400000 574.000000
12.500000 1.270981 0.497788 -0.534937 1.570796 0.400000 574.000000
12.500000 1.331503 0.497630 -0.381947 1.570796 0.400000 574.000000
12.500000 1.392026 0.500000 -0.383065 1.570796 0.400000 574.000000
12.500000 1.452549 0.500000 1.391893 1.570796 0.400000 574.000000
12.500000 1.513072 0.510000 2.402251 1.570796 0.400000 574.000000
12.500000 1.573595 0.500000 3.180263 1.570796 0.400000 574.000000
12.500000 1.634118 0.512422 3.826452 1.570796 0.400000 574.000000
12.500000 1.694641 0.515267 4.427526 1.570796 0.400000 574.000000
12.500000 1.755164 0.521739 4.983775 1.570796 0.400000 574.000000
12.500000 1.815687 0.519802 5.509635 1.570796 0.400000 574.000000
12.500000 1.876209 0.525000 5.973738 1.570796 0.400000 574.000000
12.500000 1.936732 0.529412 6.504605 1.570796 0.400000 574.000000
12.500000 1.997255 0.529412 6.904465 1.570796 0.400000 574.000000
12.500000 2.057778 0.528169 7.430181 1.570796 0.400000 574.000000
12.500000 2.118301 0.500000 7.852289 1.570796 0.400000 574.000000
12.500000 2.178824 0.535714 8.185594 1.570796 0.400000 574.000000
12.500000 2.239347 0.526316 8.778635 1.570796 0.400000 574.000000
12.500000 2.299870 0.545455 9.138566 1.570796 0.400000 574.000000
12.500000 2.360392 0.500000 9.517277 1.570796 0.400000 574.000000
12.500000 2.420915 0.535714 9.806273 1.570796 0.400000 574.000000
12.500000 2.481438 0.555556 10.147860 1.570796 0.400000 574.000000
12.500000 2.541961 0.500000 10.924032 1.570796 0.400000 574.000000
12.500000 2.602484 0.548780 11.110093 1.570796 0.400000 574.000000
12.500000 2.663007 0.576923 11.393481 1.570796 0.400000 574.000000
12.500000 2.723530 0.566038 11.717562 1.570796 0.400000 574.000000
12.500000 2.784053 0.500000 12.123009 1.570796 0.400000 574.000000
12.500000 2.844576 0.548780 12.263796 1.570796 0.400000 574.000000
12.500000 2.905098 0.562500 12.474460 1.570796 0.400000 574.000000
12.500000 2.965621 0.576923 12.823530 1.570796 0.400000 574.000000
12.500000 3.026144 0.592105 13.099598 1.570796 0.400000 574.000000
12.500000 3.086667 0.500000 14.297016 1.570796 0.400000 574.000000
12.500000 3.147190 0.555556 14.451081 1.570796 0.400000 574.000000
