15.000000 0.000000 0.980565 -0.131807 1.570796 0.400000 574.000000
15.000000 0.087153 0.825991 -0.402506 1.570796 0.400000 574.000000
15.000000 0.174306 0.809859 -0.572449 1.570796 0.400000 574.000000
15.000000 0.261459 0.911765 -0.279827 1.570796 0.400000 574.000000
15.000000 0.348612 1.015038 -0.301071 1.570796 0.400000 574.000000
15.000000 0.435765 0.772532 -0.229943 1.570796 0.400000 574.000000
15.000000 0.522918 0.773543 -0.349909 1.570796 0.400000 574.000000
15.000000 0.610071 0.840000 -0.186433 1.570796 0.400000 574.000000
15.000000 0.697224 0.919540 -0.167813 1.570796 0.400000 574.000000
15.000000 0.784377 1.067708 -0.190616 1.570796 0.400000 574.000000
15.000000 0.871530 0.784519 -0.474981 1.570796 0.400000 574.000000
15.000000 0.958682 1.171004 -0.273698 1.570796 0.400000 574.000000
15.000000 1.045835 1.144068 -0.174121 1.570796 0.400000 574.000000
15.000000 1.132988 0.815217 -0.298582 1.570796 0.400000 574.000000
15.000000 1.220141 0.840249 -0.185033 1.570796 0.400000 574.000000
15.000000 1.307294 0.800000 -0.465431 1.570796 0.400000 574.000000
15.000000 1.394447 0.632911 -0.447650 1.570796 0.400000 574.000000
15.000000 1.481600 0.723684 -0.469814 1.570796 0.400000 574.000000
15.000000 1.568753 0.755597 -0.218032 1.570796 0.400000 574.000000
15.000000 1.655906 0.921053 -0.258538 1.570796 0.400000 574.000000
15.000000 1.743059 1.000000 -0.547405 4.712389 0.400000 574.000000
15.000000 1.830212 1.000000 1.372076 4.712389 0.400000 574.000000
15.000000 1.917365 1.000000 2.786916 4.712389 0.400000 574.000000
15.000000 2.004518 1.000000 3.918031 4.712389 0.400000 574.000000
15.000000 2.091671 1.000000 4.806185 4.712389 0.400000 574.000000
15.000000 2.178824 1.000000 5.731611 4.712389 0.400000 574.000000
15.000000 2.265977 1.000000 6.666971 4.712389 0.400000 574.000000
15.000000 2.353130 1.000000 7.686165 4.712389 0.400000 574.000000
15.000000 2.440283 0.986842 8.551751 4.712389 0.400000 574.000000
15.000000 2.527436 1.000000 9.652851 4.712389 0.400000 574.000000
15.000000 2.614589 1.000000 10.539870 4.712389 0.400000 574.000000
15.000000 2.701742 1.000000 11.745463 4.712389 0.400000 574.000000
15.000000 2.788894 0.972222 12.542767 3.926991 0.400000 574.000000
15.000000 2.876047 1.000000 13.436642 3.141593 0.400000 574.000000
15.000000 2.963200 0.833333 14.153833 3.141593 0.400000 574.000000
15.000000 3.050353 0.714286 15.023272 3.141593 0.400000 574.000000
15.000000 3.137506 0.500000 16.538301 3.141593 0.400000 574.000000
15.000000 3.224659 0.500000 17.055588 3.141593 0.400000 574.000000
15.000000 3.311812 0.535714 17.434540 3.141593 0.400000 574.000000
15.000000 3.398965 0.555556 17.702272 3.141593 0.400000 574.000000
15.000000 3.486118 0.576923 18.158345 3.141593 0.400000 574.000000
15.000000 3.573271 0.500000 19.165090 3.141593 0.400000 574.000000
15.000000 3.660424 0.500000 19.161901 3.141593 0.400000 574.000000
15.000000 3.747577 0.535714 19.270087 3.141593 0.400000 574.000000
15.000000 3.834730 0.555556 19.562700 3.141593 0.400000 574.000000
15.000000 3.921883 0.576923 20.684446 3.141593 0.400000 574.000000
15.000000 4.009036 0.600000 21.610207 3.141593 0.400000 574.000000
15.000000 4.096189 1.000000 24.551653 3.141593 0.400000 574.000000
15.000000 4.183342 1.153846 24.394859 4.712389 0.400000 574.000000
15.000000 4.270495 1.022727 23.892021 4.712389 0.400000 574.000000
15.000000 4.357648 1.071429 24.180403 4.712389 0.400000 574.000000
15.000000 4.444801 1.125000 24.097775 4.712389 0.400000 574.000000
15.000000 4.531954 1.125000 24.984034 4.712389 0.400000 574.000000
