16.250000 0.000000 0.785714 -0.965513 1.570796 0.400000 574.000000
16.250000 0.102284 0.821429 -0.645964 1.570796 0.400000 574.000000
16.250000 0.204567 0.767442 -0.525470 1.570796 0.400000 574.000000
16.250000 0.306851 0.706278 -0.566709 1.570796 0.400000 574.000000
16.250000 0.409135 0.816832 -0.767698 1.570796 0.400000 574.000000
16.250000 0.511418 0.800971 -1.311119 1.570796 0.400000 574.000000
16.250000 0.613702 0.864198 -0.642685 1.570796 0.400000 574.000000
16.250000 0.715986 1.003937 -0.528749 1.570796 0.400000 574.000000
16.250000 0.818269 1.005155 -0.525019 4.712389 0.400000 574.000000
16.250000 0.920553 1.000000 -0.299153 4.712389 0.400000 574.000000
16.250000 1.022837 1.000000 -0.166627 4.712389 0.400000 574.000000
16.250000 1.125120 1.000000 0.149869 4.712389 0.400000 574.000000
16.250000 1.227404 1.000000 0.434275 4.712389 0.400000 574.000000
16.250000 1.329688 0.997230 0.919976 4.712389 0.400000 574.000000
16.250000 1.431971 1.000000 1.579813 4.712389 0.400000 574.000000
16.250000 1.534255 0.998452 2.503901 4.712389 0.400000 574.000000
16.250000 1.636539 0.907258 3.354239 3.141593 0.400000 574.000000
16.250000 1.738822 0.496988 5.097304 3.141593 0.400000 574.000000
16.250000 1.841106 0.500000 7.009997 3.141593 0.400000 574.000000
16.250000 1.943390 0.500000 8.570946 3.141593 0.400000 574.000000
16.250000 2.045673 0.494505 10.075584 3.141593 0.400000 574.000000
16.250000 2.147957 0.511364 11.388772 3.141593 0.400000 574.000000
16.250000 2.250241 0.493421 12.496089 3.141593 0.400000 574.000000
16.250000 2.352524 0.500000 13.689315 3.141593 0.400000 574.000000
16.250000 2.454808 0.500000 14.706185 3.141593 0.400000 574.000000
16.250000 2.557092 0.535714 15.752677 3.141593 0.400000 574.000000
16.250000 2.659376 0.523256 16.759623 3.141593 0.400000 574.000000
16.250000 2.761659 0.562500 17.547763 3.141593 0.400000 574.000000
16.250000 2.863943 0.500000 18.536604 3.141593 0.400000 574.000000
16.250000 2.966227 0.548780 19.379143 3.141593 0.400000 574.000000
16.250000 3.068510 0.500000 20.935656 3.141593 0.400000 574.000000
16.250000 3.170794 0.535714 21.197144 3.141593 0.400000 574.000000
16.250000 3.273078 0.555556 21.611536 3.141593 0.400000 574.000000
16.250000 3.375361 0.625000 22.210438 3.141593 0.400000 574.000000
16.250000 3.477645 0.500000 23.328084 3.141593 0.400000 574.000000
16.250000 3.579929 0.500000 23.501525 3.141593 0.400000 574.000000
16.250000 3.682212 0.576923 23.485239 3.141593 0.400000 574.000000
16.250000 3.784496 0.576923 23.969753 3.141593 0.400000 574.000000
16.250000 3.886780 0.600000 24.561949 3.141593 0.400000 574.000000
16.250000 3.989063 0.625000 24.835413 3.141593 0.400000 574.000000
16.250000 4.091347 1.000000 28.463431 3.141593 0.400000 574.000000
16.250000 4.193631 1.000000 28.734261 3.141593 0.400000 574.000000
16.250000 4.295914 1.000000 27.774640 3.141593 0.400000 574.000000
16.250000 4.398198 1.000000 27.723375 3.141593 0.400000 574.000000
16.250000 4.500482 1.000000 26.597235 3.141593 0.400000 574.000000
16.250000 4.602765 1.000000 26.384448 3.141593 0.400000 574.000000
16.250000 4.705049 1.000000 26.940032 3.141593 0.400000 574.000000
16.250000 4.807333 0.750000 26.825875 3.141593 0.400000 574.000000
16.250000 4.909616 1.000000 29.369810 3.926991 0.400000 574.000000
16.250000 5.011900 1.000000 30.130023 4.712389 0.400000 574.000000
16.250000 5.114184 1.000000 29.237807 4.712389 0.400000 574.000000
16.250000 5.216467 1.153846 29.342139 4.712389 0.400000 574.000000
16.250000 5.318751 1.250000 27.542843 4.712389 0.400000 574.000000
