10.750000 0.000000 0.946970 -0.280990 1.570796 0.400000 574.000000
10.750000 0.044763 0.833333 0.001541 1.570796 0.400000 574.000000
10.750000 0.089525 0.808383 -0.366760 1.570796 0.400000 574.000000
10.750000 0.134288 1.796578 0.045557 1.570796 0.400000 574.000000
10.750000 0.179051 1.209677 -0.371112 1.570796 0.400000 574.000000
10.750000 0.223814 0.828729 -0.022112 1.570796 0.400000 574.000000
10.750000 0.268576 0.842697 -0.131314 1.570796 0.400000 574.000000
10.750000 0.313339 0.873016 0.140135 1.570796 0.400000 574.000000
10.750000 0.358102 0.509259 -0.217895 1.570796 0.400000 574.000000
10.750000 0.402865 0.511364 -0.555650 1.570796 0.400000 574.000000
10.750000 0.447627 0.500000 -0.162979 1.570796 0.400000 574.000000
10.750000 0.492390 0.500000 0.140504 1.570796 0.400000 574.000000
10.750000 0.537153 0.500000 0.728696 1.570796 0.400000 574.000000
10.750000 0.581915 0.500000 1.219480 1.570796 0.400000 574.000000
10.750000 0.626678 0.500000 1.638998 1.570796 0.400000 574.000000
10.750000 0.671441 0.500000 2.008542 1.570796 0.400000 574.000000
10.750000 0.716204 0.500000 2.357871 1.570796 0.400000 574.000000
10.750000 0.760966 0.509050 2.687999 1.570796 0.400000 574.000000
10.750000 0.805729 0.510471 3.019626 1.570796 0.400000 574.000000
10.750000 0.850492 0.508475 3.337768 1.570796 0.400000 574.000000
10.750000 0.895254 0.512422 3.650286 1.570796 0.400000 574.000000
10.750000 0.940017 0.510204 3.963440 1.570796 0.400000 574.000000
10.750000 0.984780 0.519231 4.275168 1.570796 0.400000 574.000000
10.750000 1.029543 0.500000 4.608565 1.570796 0.400000 574.000000
10.750000 1.074305 0.512821 4.870718 1.570796 0.400000 574.000000
10.750000 1.119068 0.514706 5.183297 1.570796 0.400000 574.000000
10.750000 1.163831 0.500000 5.468446 1.570796 0.400000 574.000000
10.750000 1.208594 0.500000 5.810536 1.570796 0.400000 574.000000
10.750000 1.253356 0.529412 6.034511 1.570796 0.400000 574.000000
10.750000 1.298119 0.517241 6.305317 1.570796 0.400000 574.000000
10.750000 1.342882 0.535714 6.551816 1.570796 0.400000 574.000000
10.750000 1.387644 0.528169 6.890651 1.570796 0.400000 574.000000
10.750000 1.432407 0.543478 7.154798 1.570796 0.400000 574.000000
10.750000 1.477170 0.520833 7.394747 1.570796 0.400000 574.000000
10.750000 1.521933 0.543478 7.612982 1.570796 0.400000 574.000000
10.750000 1.566695 0.500000 8.039752 1.570796 0.400000 574.000000
10.750000 1.611458 0.535714 8.244200 1.570796 0.400000 574.000000
10.750000 1.656221 0.555556 8.486447 1.570796 0.400000 574.000000
10.750000 1.700984 0.500000 8.750189 1.570796 0.400000 574.000000
10.750000 1.745746 0.535714 8.898312 1.570796 0.400000 574.000000
10.750000 1.790509 0.545455 9.143851 1.570796 0.400000 574.000000
10.750000 1.835272 0.566038 9.418541 1.570796 0.400000 574.000000
10.750000 1.880034 0.500000 9.899502 1.570796 0.400000 574.000000
10.750000 1.924797 0.548780 10.039527 1.570796 0.400000 574.000000
10.750000 1.969560 0.562500 10.237656 1.570796 0.400000 574.000000
10.750000 2.014323 0.576923 10.470071 1.570796 0.400000 574.000000
10.750000 2.059085 0.500000 10.748613 1.570796 0.400000 574.000000
10.750000 2.103848 0.500000 10.962543 1.570796 0.400000 574.000000
10.750000 2.148611 0.535714 11.086144 1.570796 0.400000 574.000000
10.750000 2.193374 0.562500 11.189932 1.570796 0.400000 574.000000
10.750000 2.238136 0.562500 11.429042 1.570796 0.400000 574.000000
10.750000 2.282899 0.592105 11.688459 1.570796 0.400000 574.000000
10.750000 2.327662 0.608108 11.954594 1.570796 0.400000 574.000000
