6.250000 0.000000 0.937500 -0.404256 1.570796 0.400000 574.000000
6.250000 0.015131 0.868421 -0.098146 1.570796 0.400000 574.000000
6.250000 0.030261 1.037234 -0.591723 1.570796 0.400000 574.000000
6.250000 0.045392 0.841121 -0.290953 1.570796 0.400000 574.000000
6.250000 0.060523 1.000000 -0.426756 1.570796 0.400000 574.000000
6.250000 0.075654 1.440000 0.128750 1.570796 0.400000 574.000000
6.250000 0.090784 1.568627 -0.100604 1.570796 0.400000 574.000000
6.250000 0.105915 1.237113 -0.346504 1.570796 0.400000 574.000000
6.250000 0.121046 1.330645 0.227671 1.570796 0.400000 574.000000
6.250000 0.136176 1.099138 -0.055285 1.570796 0.400000 574.000000
6.250000 0.151307 0.841837 -0.244699 1.570796 0.400000 574.000000
6.250000 0.166438 1.296992 0.106919 1.570796 0.400000 574.000000
6.250000 0.181569 1.019417 -0.221213 1.570796 0.400000 574.000000
6.250000 0.196699 1.000000 0.188605 1.570796 0.400000 574.000000
6.250000 0.211830 1.203704 -0.453748 1.570796 0.400000 574.000000
6.250000 0.226961 1.369048 -0.287896 1.570796 0.400000 574.000000
6.250000 0.242092 0.928571 -0.333283 1.570796 0.400000 574.000000
6.250000 0.257222 1.141304 -0.257172 1.570796 0.400000 574.000000
6.250000 0.272353 1.034483 -0.055326 1.570796 0.400000 574.000000
6.250000 0.287484 1.082474 -0.019213 1.570796 0.400000 574.000000
6.250000 0.302614 1.531690 -0.038388 1.570796 0.400000 574.000000
6.250000 0.317745 1.071429 0.052599 1.570796 0.400000 574.000000
6.250000 0.332876 0.955882 -0.171688 1.570796 0.400000 574.000000
6.250000 0.348007 0.969828 -0.337847 1.570796 0.400000 574.000000
6.250000 0.363137 1.440000 -0.400536 1.570796 0.400000 574.000000
6.250000 0.378268 2.386364 -0.104490 1.570796 0.400000 574.000000
6.250000 0.393399 1.293103 -0.129423 1.570796 0.400000 574.000000
6.250000 0.408529 1.222222 0.009053 1.570796 0.400000 574.000000
6.250000 0.423660 1.548387 -0.031629 1.570796 0.400000 574.000000
6.250000 0.438791 1.354167 -0.084053 1.570796 0.400000 574.000000
6.250000 0.453922 1.240157 -0.322911 1.570796 0.400000 574.000000
6.250000 0.469052 1.800000 0.004633 1.570796 0.400000 574.000000
6.250000 0.484183 0.945946 -0.488607 1.570796 0.400000 574.000000
6.250000 0.499314 1.100917 -0.306596 1.570796 0.400000 574.000000
6.250000 0.514445 1.142857 -0.360535 1.570796 0.400000 574.000000
6.250000 0.529575 2.068966 0.080760 1.570796 0.400000 574.000000
6.250000 0.544706 1.240157 -0.218782 1.570796 0.400000 574.000000
6.250000 0.559837 1.456835 0.018585 1.570796 0.400000 574.000000
6.250000 0.574967 1.250000 -0.128483 1.570796 0.400000 574.000000
6.250000 0.590098 1.334746 -0.284091 1.570796 0.400000 574.000000
6.250000 0.605229 1.236264 -0.474450 1.570796 0.400000 574.000000
6.250000 0.620360 0.975610 0.001151 1.570796 0.400000 574.000000
6.250000 0.635490 1.111111 -0.296526 1.570796 0.400000 574.000000
6.250000 0.650621 0.972222 -0.377831 1.570796 0.400000 574.000000
6.250000 0.665752 1.171875 -0.037165 1.570796 0.400000 574.000000
6.250000 0.680882 1.217949 0.132067 1.570796 0.400000 574.000000
6.250000 0.696013 1.180556 0.028513 1.570796 0.400000 574.000000
6.250000 0.711144 0.937500 -0.073004 1.570796 0.400000 574.000000
6.250000 0.726275 0.981308 -0.184115 1.570796 0.400000 574.000000
6.250000 0.741405 1.060606 -0.064697 1.570796 0.400000 574.000000
6.250000 0.756536 1.092233 -0.059499 1.570796 0.400000 574.000000
6.250000 0.771667 1.326923 -0.211939 1.570796 0.400000 574.000000
6.250000 0.786797 1.298077 -0.132955 1.570796 0.400000 574.000000
