11.500000 0.000000 0.805085 -0.373629 1.570796 0.400000 574.000000
11.500000 0.051227 0.787037 -0.395296 1.570796 0.400000 574.000000
11.500000 0.102453 0.837989 -0.475366 1.570796 0.400000 574.000000
11.500000 0.153680 0.823171 -0.503180 1.570796 0.400000 574.000000
11.500000 0.204906 0.777439 -0.366546 1.570796 0.400000 574.000000
11.500000 0.256133 0.925926 -0.483131 1.570796 0.400000 574.000000
11.500000 0.307359 0.868902 -0.475979 1.570796 0.400000 574.000000
11.500000 0.358586 0.828221 -0.360344 1.570796 0.400000 574.000000
11.500000 0.409813 0.791667 -0.311504 1.570796 0.400000 574.000000
11.500000 0.461039 0.806962 -0.474355 1.570796 0.400000 574.000000
11.500000 0.512266 0.808383 -0.341219 1.570796 0.400000 574.000000
11.500000 0.563492 0.632530 -0.335535 1.570796 0.400000 574.000000
11.500000 0.614719 0.500000 -0.428926 1.570796 0.400000 574.000000
11.500000 0.665945 0.509709 -0.366803 1.570796 0.400000 574.000000
11.500000 0.717172 0.500000 -0.345872 1.570796 0.400000 574.000000
11.500000 0.768399 0.502092 -0.257053 1.570796 0.400000 574.000000
11.500000 0.819625 0.500000 -0.652995 1.570796 0.400000 574.000000
11.500000 0.870852 0.500000 0.352501 1.570796 0.400000 574.000000
11.500000 0.922078 0.500000 1.261056 1.570796 0.400000 574.000000
11.500000 0.973305 0.500000 1.923528 1.570796 0.400000 574.000000
11.500000 1.024531 0.506329 2.466864 1.570796 0.400000 574.000000
11.500000 1.075758 0.512195 2.943031 1.570796 0.400000 574.000000
11.500000 1.126985 0.511364 3.392832 1.570796 0.400000 574.000000
11.500000 1.178211 0.510204 3.831461 1.570796 0.400000 574.000000
11.500000 1.229438 0.515267 4.238640 1.570796 0.400000 574.000000
11.500000 1.280664 0.500000 4.667626 1.570796 0.400000 574.000000
11.500000 1.331891 0.517241 5.011362 1.570796 0.400000 574.000000
11.500000 1.383117 0.525000 5.409910 1.570796 0.400000 574.000000
11.500000 1.434344 0.525000 5.738310 1.570796 0.400000 574.000000
11.500000 1.485570 0.529412 6.143274 1.570796 0.400000 574.000000
11.500000 1.536797 0.517241 6.472488 1.570796 0.400000 574.000000
11.500000 1.588024 0.542169 6.790679 1.570796 0.400000 574.000000
11.500000 1.639250 0.535714 7.193283 1.570796 0.400000 574.000000
11.500000 1.690477 0.500000 7.526706 1.570796 0.400000 574.000000
11.500000 1.741703 0.535714 7.769975 1.570796 0.400000 574.000000
11.500000 1.792930 0.500000 8.299684 1.570796 0.400000 574.000000
11.500000 1.844156 0.535714 8.533424 1.570796 0.400000 574.000000
11.500000 1.895383 0.555556 8.810299 1.570796 0.400000 574.000000
11.500000 1.946610 0.500000 9.148359 1.570796 0.400000 574.000000
11.500000 1.997836 0.545455 9.300915 1.570796 0.400000 574.000000
11.500000 2.049063 0.555556 9.607849 1.570796 0.400000 574.000000
11.500000 2.100289 0.500000 10.262949 1.570796 0.400000 574.000000
11.500000 2.151516 0.535714 10.489171 1.570796 0.400000 574.000000
11.500000 2.202742 0.562500 10.678324 1.570796 0.400000 574.000000
11.500000 2.253969 0.576923 10.917710 1.570796 0.400000 574.000000
11.500000 2.305196 0.576923 11.201943 1.570796 0.400000 574.000000
11.500000 2.356422 0.500000 11.499616 1.570796 0.400000 574.000000
11.500000 2.407649 0.548780 11.635608 1.570796 0.400000 574.000000
11.500000 2.458875 0.562500 11.798516 1.570796 0.400000 574.000000
11.500000 2.510102 0.576923 12.063942 1.570796 0.400000 574.000000
11.500000 2.561328 0.592105 12.284868 1.570796 0.400000 574.000000
11.500000 2.612555 0.608108 12.677137 1.570796 0.400000 574.000000
11.500000 2.663782 0.500000 13.511933 1.570796 0.400000 574.000000
