11.750000 0.000000 0.818966 -0.499710 1.570796 0.400000 574.000000
11.750000 0.053478 0.822581 -0.608169 1.570796 0.400000 574.000000
11.750000 0.106956 0.768072 -0.518230 1.570796 0.400000 574.000000
11.750000 0.160434 0.722892 -0.685645 1.570796 0.400000 574.000000
11.750000 0.213912 0.718563 -0.472155 1.570796 0.400000 574.000000
11.750000 0.267390 0.762032 -0.581985 1.570796 0.400000 574.000000
11.750000 0.320868 0.818966 -0.821282 1.570796 0.400000 574.000000
11.750000 0.374346 0.736994 -0.705265 1.570796 0.400000 574.000000
11.750000 0.427824 0.780347 -0.287977 1.570796 0.400000 574.000000
11.750000 0.481302 0.828488 -0.368070 1.570796 0.400000 574.000000
11.750000 0.534780 0.699482 -0.267547 1.570796 0.400000 574.000000
11.750000 0.588258 0.781991 -0.335069 1.570796 0.400000 574.000000
11.750000 0.641736 0.704420 -0.355911 1.570796 0.400000 574.000000
11.750000 0.695214 0.538462 -0.394107 1.570796 0.400000 574.000000
11.750000 0.748692 0.500000 -0.447583 1.570796 0.400000 574.000000
11.750000 0.802170 0.518617 -0.501622 1.570796 0.400000 574.000000
11.750000 0.855648 0.500000 -0.514908 1.570796 0.400000 574.000000
11.750000 0.909126 0.538117 -0.281082 1.570796 0.400000 574.000000
11.750000 0.962604 0.500000 -0.727165 1.570796 0.400000 574.000000
11.750000 1.016082 0.500000 0.698398 1.570796 0.400000 574.000000
11.750000 1.069560 0.500000 1.604928 1.570796 0.400000 574.000000
11.750000 1.123038 0.507519 2.284202 1.570796 0.400000 574.000000
11.750000 1.176516 0.509709 2.852299 1.570796 0.400000 574.000000
11.750000 1.229994 0.500000 3.358496 1.570796 0.400000 574.000000
11.750000 1.283472 0.510204 3.840963 1.570796 0.400000 574.000000
11.750000 1.336951 0.515267 4.289545 1.570796 0.400000 574.000000
11.750000 1.390429 0.517241 4.724355 1.570796 0.400000 574.000000
11.750000 1.443907 0.521739 5.120149 1.570796 0.400000 574.000000
11.750000 1.497385 0.500000 5.574659 1.570796 0.400000 574.000000
11.750000 1.550863 0.500000 6.008358 1.570796 0.400000 574.000000
11.750000 1.604341 0.535714 6.336165 1.570796 0.400000 574.000000
11.750000 1.657819 0.529412 6.661140 1.570796 0.400000 574.000000
11.750000 1.711297 0.528169 7.102464 1.570796 0.400000 574.000000
11.750000 1.764775 0.543478 7.447734 1.570796 0.400000 574.000000
11.750000 1.818253 0.528169 7.758142 1.570796 0.400000 574.000000
11.750000 1.871731 0.551471 8.072671 1.570796 0.400000 574.000000
11.750000 1.925209 0.535714 8.534732 1.570796 0.400000 574.000000
11.750000 1.978687 0.555556 8.835038 1.570796 0.400000 574.000000
11.750000 2.032165 0.500000 9.188016 1.570796 0.400000 574.000000
11.750000 2.085643 0.545455 9.360293 1.570796 0.400000 574.000000
11.750000 2.139121 0.555556 9.691183 1.570796 0.400000 574.000000
11.750000 2.192599 0.500000 10.373976 1.570796 0.400000 574.000000
11.750000 2.246077 0.548780 10.536822 1.570796 0.400000 574.000000
11.750000 2.299555 0.562500 10.820494 1.570796 0.400000 574.000000
11.750000 2.353033 0.576923 11.077782 1.570796 0.400000 574.000000
11.750000 2.406511 0.576923 11.377471 1.570796 0.400000 574.000000
11.750000 2.459989 0.500000 11.687439 1.570796 0.400000 574.000000
11.750000 2.513467 0.548780 11.828614 1.570796 0.400000 574.000000
11.750000 2.566945 0.562500 12.002902 1.570796 0.400000 574.000000
11.750000 2.620423 0.576923 12.287521 1.570796 0.400000 574.000000
11.750000 2.673901 0.592105 12.521229 1.570796 0.400000 574.000000
11.750000 2.727379 0.500000 13.589278 1.570796 0.400000 574.000000
11.750000 2.780857 0.500000 13.812103 1.570796 0.400000 574.000000
