15.500000 0.000000 0.954064 -0.355768 1.570796 0.400000 574.000000
15.500000 0.093060 0.734694 -0.301642 1.570796 0.400000 574.000000
15.500000 0.186120 0.885609 -0.166302 1.570796 0.400000 574.000000
15.500000 0.279180 0.808190 -0.658876 1.570796 0.400000 574.000000
15.500000 0.372240 0.746606 -0.334926 1.570796 0.400000 574.000000
15.500000 0.465300 0.872727 -0.175894 1.570796 0.400000 574.000000
15.500000 0.558360 0.752688 -0.364347 1.570796 0.400000 574.000000
15.500000 0.651420 1.007067 -0.482960 1.570796 0.400000 574.000000
15.500000 0.744480 0.815217 -0.445639 1.570796 0.400000 574.000000
15.500000 0.837540 0.802583 -0.350284 1.570796 0.400000 574.000000
15.500000 0.930600 0.897683 -0.218869 1.570796 0.400000 574.000000
15.500000 1.023660 0.785473 -0.249116 1.570796 0.400000 574.000000
15.500000 1.116720 0.679134 -0.636785 1.570796 0.400000 574.000000
15.500000 1.209780 1.060071 -0.534856 1.570796 0.400000 574.000000
15.500000 1.302840 1.165541 -0.282646 1.570796 0.400000 574.000000
15.500000 1.395900 1.012270 -0.597977 4.712389 0.400000 574.000000
15.500000 1.488960 1.000000 0.325379 4.712389 0.400000 574.000000
15.500000 1.582020 1.000000 1.488789 4.712389 0.400000 574.000000
15.500000 1.675080 1.000000 2.450619 4.712389 0.400000 574.000000
15.500000 1.768140 1.000000 3.238540 4.712389 0.400000 574.000000
15.500000 1.861200 1.000000 3.889410 4.712389 0.400000 574.000000
15.500000 1.954260 1.000000 4.705019 4.712389 0.400000 574.000000
15.500000 2.047320 0.991736 5.802679 4.712389 0.400000 574.000000
15.500000 2.140380 0.989011 6.940722 3.926991 0.400000 574.000000
15.500000 2.233440 0.906593 8.063527 3.141593 0.400000 574.000000
15.500000 2.326500 0.900000 9.076601 3.141593 0.400000 574.000000
15.500000 2.419560 0.869565 10.305178 3.141593 0.400000 574.000000
15.500000 2.512620 0.750000 11.314144 3.141593 0.400000 574.000000
15.500000 2.605680 0.657895 12.406992 3.141593 0.400000 574.000000
15.500000 2.698740 0.545455 13.606407 3.141593 0.400000 574.000000
15.500000 2.791800 0.548780 14.366561 3.141593 0.400000 574.000000
15.500000 2.884860 0.500000 15.311503 3.141593 0.400000 574.000000
15.500000 2.977920 0.548780 16.321321 3.141593 0.400000 574.000000
15.500000 3.070980 0.500000 17.839652 3.141593 0.400000 574.000000
15.500000 3.164040 0.500000 18.496264 3.141593 0.400000 574.000000
15.500000 3.257100 0.555556 18.658657 3.141593 0.400000 574.000000
15.500000 3.350160 0.576923 19.308674 3.141593 0.400000 574.000000
15.500000 3.443219 0.500000 20.573766 3.141593 0.400000 574.000000
15.500000 3.536279 0.500000 20.794000 3.141593 0.400000 574.000000
15.500000 3.629339 0.535714 21.152013 3.141593 0.400000 574.000000
15.500000 3.722399 0.555556 21.237376 3.141593 0.400000 574.000000
15.500000 3.815459 0.576923 21.930901 3.141593 0.400000 574.000000
15.500000 3.908519 0.576923 22.446338 3.141593 0.400000 574.000000
15.500000 4.001579 1.000000 26.188019 3.141593 0.400000 574.000000
15.500000 4.094639 1.000000 26.648126 3.141593 0.400000 574.000000
15.500000 4.187699 1.000000 25.243674 3.141593 0.400000 574.000000
15.500000 4.280759 1.000000 24.473077 3.141593 0.400000 574.000000
15.500000 4.373819 1.022727 25.276139 4.712389 0.400000 574.000000
15.500000 4.466879 1.071429 25.361579 4.712389 0.400000 574.000000
15.500000 4.559939 1.125000 25.269820 4.712389 0.400000 574.000000
15.500000 4.652999 1.000000 28.173178 4.712389 0.400000 574.000000
15.500000 4.746059 1.000000 27.416286 4.712389 0.400000 574.000000
15.500000 4.839119 1.000000 28.260251 4.712389 0.400000 574.000000
