7.000000 0.000000 1.086207 -0.008714 1.570796 0.400000 574.000000
7.000000 0.018980 0.878906 -0.326068 1.570796 0.400000 574.000000
7.000000 0.037960 1.426056 -0.241324 1.570796 0.400000 574.000000
7.000000 0.056940 0.929204 -0.186544 1.570796 0.400000 574.000000
7.000000 0.075920 0.693277 -0.254677 1.570796 0.400000 574.000000
7.000000 0.094900 0.782609 -0.160041 1.570796 0.400000 574.000000
7.000000 0.113880 0.946602 -0.613542 1.570796 0.400000 574.000000
7.000000 0.132860 0.820312 -0.289451 1.570796 0.400000 574.000000
7.000000 0.151840 1.122047 -0.146310 1.570796 0.400000 574.000000
7.000000 0.170820 1.020000 -0.070575 1.570796 0.400000 574.000000
7.000000 0.189800 0.902778 -0.537031 1.570796 0.400000 574.000000
7.000000 0.208780 0.826271 -0.098269 1.570796 0.400000 574.000000
7.000000 0.227760 0.819328 -0.337911 1.570796 0.400000 574.000000
7.000000 0.246740 0.855263 0.116056 1.570796 0.400000 574.000000
7.000000 0.265720 0.882353 -0.335973 1.570796 0.400000 574.000000
7.000000 0.284700 1.029412 -0.671486 1.570796 0.400000 574.000000
7.000000 0.303680 1.102941 0.034016 1.570796 0.400000 574.000000
7.000000 0.322660 0.865385 -0.015940 1.570796 0.400000 574.000000
7.000000 0.341640 0.756881 -0.357885 1.570796 0.400000 574.000000
7.000000 0.360620 0.937500 -0.304154 1.570796 0.400000 574.000000
7.000000 0.379600 0.907258 -0.362271 1.570796 0.400000 574.000000
7.000000 0.398580 0.895522 -0.132053 1.570796 0.400000 574.000000
7.000000 0.417559 1.050000 -0.065765 1.570796 0.400000 574.000000
7.000000 0.436539 1.149635 0.051584 1.570796 0.400000 574.000000
7.000000 0.455519 0.897436 0.092197 1.570796 0.400000 574.000000
7.000000 0.474499 1.418919 -0.022978 1.570796 0.400000 574.000000
7.000000 0.493479 1.383495 -0.563440 1.570796 0.400000 574.000000
7.000000 0.512459 0.909091 -0.281206 1.570796 0.400000 574.000000
7.000000 0.531439 1.099138 -0.232240 1.570796 0.400000 574.000000
7.000000 0.550419 2.187500 0.181800 1.570796 0.400000 574.000000
7.000000 0.569399 1.200000 -0.397015 1.570796 0.400000 574.000000
7.000000 0.588379 1.003937 -0.220159 1.570796 0.400000 574.000000
7.000000 0.607359 1.122047 0.032829 1.570796 0.400000 574.000000
7.000000 0.626339 0.957447 -0.296964 1.570796 0.400000 574.000000
7.000000 0.645319 1.250000 -0.120016 1.570796 0.400000 574.000000
7.000000 0.664299 1.093750 -0.096989 1.570796 0.400000 574.000000
7.000000 0.683279 1.088710 -0.057422 1.570796 0.400000 574.000000
7.000000 0.702259 1.395349 -0.153813 1.570796 0.400000 574.000000
7.000000 0.721239 1.145038 0.030728 1.570796 0.400000 574.000000
7.000000 0.740219 0.960000 -0.068223 1.570796 0.400000 574.000000
7.000000 0.759199 1.189655 -0.276019 1.570796 0.400000 574.000000
7.000000 0.778179 1.194690 -0.365353 1.570796 0.400000 574.000000
7.000000 0.797159 1.181102 -0.615680 1.570796 0.400000 574.000000
7.000000 0.816139 1.134454 -0.348785 1.570796 0.400000 574.000000
7.000000 0.835119 1.376147 -0.487221 1.570796 0.400000 574.000000
7.000000 0.854099 1.150000 -0.232619 1.570796 0.400000 574.000000
7.000000 0.873079 1.047794 0.017494 1.570796 0.400000 574.000000
7.000000 0.892059 1.132075 -0.626203 1.570796 0.400000 574.000000
7.000000 0.911039 1.085526 -0.015695 1.570796 0.400000 574.000000
7.000000 0.930019 0.978261 -0.027840 1.570796 0.400000 574.000000
7.000000 0.948999 0.875000 -0.088406 1.570796 0.400000 574.000000
7.000000 0.967979 1.508876 -0.131753 1.570796 0.400000 574.000000
7.000000 0.986959 0.886364 -0.058986 1.570796 0.400000 574.000000
