14.750000 0.000000 0.757212 -0.673738 1.570796 0.400000 574.000000
14.750000 0.084272 0.717703 -0.716929 1.570796 0.400000 574.000000
14.750000 0.168544 1.577586 -0.019468 1.570796 0.400000 574.000000
14.750000 0.252816 0.857143 -0.208303 1.570796 0.400000 574.000000
14.750000 0.337088 0.897129 -0.305753 1.570796 0.400000 574.000000
14.750000 0.421360 0.801527 -0.113193 1.570796 0.400000 574.000000
14.750000 0.505632 0.797872 -0.423662 1.570796 0.400000 574.000000
14.750000 0.589904 0.840517 -0.493844 1.570796 0.400000 574.000000
14.750000 0.674177 0.725806 -0.228216 1.570796 0.400000 574.000000
14.750000 0.758449 0.728155 -0.869826 1.570796 0.400000 574.000000
14.750000 0.842721 0.781991 -0.593256 1.570796 0.400000 574.000000
14.750000 0.926993 0.655340 -1.113519 1.570796 0.400000 574.000000
14.750000 1.011265 0.735294 -1.038791 1.570796 0.400000 574.000000
14.750000 1.095537 0.602679 -0.687588 1.570796 0.400000 574.000000
14.750000 1.179809 1.029930 -0.131121 1.570796 0.400000 574.000000
14.750000 1.264081 0.756881 -0.682558 1.570796 0.400000 574.000000
14.750000 1.348353 0.937500 -0.290875 1.570796 0.400000 574.000000
14.750000 1.432625 0.617284 -0.533524 1.570796 0.400000 574.000000
14.750000 1.516897 0.733083 -0.253083 1.570796 0.400000 574.000000
14.750000 1.601169 0.655894 -0.376062 1.570796 0.400000 574.000000
14.750000 1.685441 0.669643 -1.031837 1.570796 0.400000 574.000000
14.750000 1.769713 0.804721 -0.813913 1.570796 0.400000 574.000000
14.750000 1.853985 0.917832 -0.211967 1.570796 0.400000 574.000000
14.750000 1.938257 1.000000 0.862692 4.712389 0.400000 574.000000
14.750000 2.022530 1.000000 2.642202 4.712389 0.400000 574.000000
14.750000 2.106802 1.000000 3.973534 4.712389 0.400000 574.000000
14.750000 2.191074 1.000000 5.049198 4.712389 0.400000 574.000000
14.750000 2.275346 1.000000 5.933022 4.712389 0.400000 574.000000
14.750000 2.359618 1.000000 6.861244 4.712389 0.400000 574.000000
14.750000 2.443890 1.000000 7.866193 4.712389 0.400000 574.000000
14.750000 2.528162 1.013514 8.789993 4.712389 0.400000 574.000000
14.750000 2.612434 1.000000 9.833307 4.712389 0.400000 574.000000
14.750000 2.696706 1.000000 10.579031 4.712389 0.400000 574.000000
14.750000 2.780978 1.000000 11.823979 4.712389 0.400000 574.000000
14.750000 2.865250 0.990566 12.428525 4.712389 0.400000 574.000000
14.750000 2.949522 1.000000 13.282156 4.712389 0.400000 574.000000
14.750000 3.033794 1.022727 14.102953 4.712389 0.400000 574.000000
14.750000 3.118066 1.071429 14.956283 4.712389 0.400000 574.000000
14.750000 3.202338 0.961538 16.156440 3.926991 0.400000 574.000000
14.750000 3.286610 0.500000 16.907780 3.926991 0.400000 574.000000
14.750000 3.370883 0.555556 16.742985 3.141593 0.400000 574.000000
14.750000 3.455155 0.555556 17.314392 3.141593 0.400000 574.000000
14.750000 3.539427 0.576923 17.630458 3.141593 0.400000 574.000000
14.750000 3.623699 0.576923 17.917675 3.141593 0.400000 574.000000
14.750000 3.707971 0.500000 18.056428 3.141593 0.400000 574.000000
14.750000 3.792243 0.500000 18.417525 3.141593 0.400000 574.000000
14.750000 3.876515 0.535714 18.879090 3.141593 0.400000 574.000000
14.750000 3.960787 0.555556 19.796825 3.141593 0.400000 574.000000
14.750000 4.045059 0.600000 21.242226 3.141593 0.400000 574.000000
14.750000 4.129331 1.000000 24.314727 4.712389 0.400000 574.000000
14.750000 4.213603 1.153846 24.329640 4.712389 0.400000 574.000000
14.750000 4.297875 1.022727 23.907755 4.712389 0.400000 574.000000
14.750000 4.382147 1.071429 24.236972 4.712389 0.400000 574.000000
