18.000000 0.000000 0.629371 -0.554210 1.570796 0.400000 574.000000
18.000000 0.125500 0.646965 -0.498649 1.570796 0.400000 574.000000
18.000000 0.251001 0.562500 -0.684376 1.570796 0.400000 574.000000
18.000000 0.376501 0.463636 -0.852590 1.570796 0.400000 574.000000
18.000000 0.502001 0.503534 -0.667219 1.570796 0.400000 574.000000
18.000000 0.627501 0.681818 -0.377368 1.570796 0.400000 574.000000
18.000000 0.753002 1.012862 -0.531150 1.570796 0.400000 574.000000
18.000000 0.878502 0.500000 0.461717 3.141593 0.400000 574.000000
18.000000 1.004002 0.500000 3.582704 3.141593 0.400000 574.000000
18.000000 1.129502 0.500000 4.422626 3.141593 0.400000 574.000000
18.000000 1.255003 0.500000 5.964726 3.141593 0.400000 574.000000
18.000000 1.380503 0.507519 7.689418 3.141593 0.400000 574.000000
18.000000 1.506003 0.500000 9.276816 3.141593 0.400000 574.000000
18.000000 1.631503 0.500000 10.917008 3.141593 0.400000 574.000000
18.000000 1.757004 0.541237 12.605204 3.141593 0.400000 574.000000
18.000000 1.882504 0.500000 13.615234 3.141593 0.400000 574.000000
18.000000 2.008004 0.528169 14.754042 3.141593 0.400000 574.000000
18.000000 2.133504 0.555556 15.878020 3.141593 0.400000 574.000000
18.000000 2.259005 0.545455 17.024911 3.141593 0.400000 574.000000
18.000000 2.384505 0.535714 18.144733 3.141593 0.400000 574.000000
18.000000 2.510005 0.500000 19.310474 3.141593 0.400000 574.000000
18.000000 2.635505 0.548780 20.129193 3.141593 0.400000 574.000000
18.000000 2.761006 0.500000 21.694474 3.141593 0.400000 574.000000
18.000000 2.886506 0.555556 22.477303 3.141593 0.400000 574.000000
18.000000 3.012006 0.625000 23.076291 3.141593 0.400000 574.000000
18.000000 3.137506 0.500000 24.323381 3.141593 0.400000 574.000000
18.000000 3.263007 0.535714 24.950012 3.141593 0.400000 574.000000
18.000000 3.388507 0.576923 25.301217 3.141593 0.400000 574.000000
18.000000 3.514007 0.600000 26.121952 3.141593 0.400000 574.000000
18.000000 3.639507 0.652174 27.199712 3.141593 0.400000 574.000000
18.000000 3.765008 1.000000 29.866118 3.141593 0.400000 574.000000
18.000000 3.890508 1.000000 30.522861 3.141593 0.400000 574.000000
18.000000 4.016008 1.000000 30.451395 3.141593 0.400000 574.000000
18.000000 4.141508 1.000000 30.099300 3.141593 0.400000 574.000000
18.000000 4.267009 1.000000 30.023779 3.141593 0.400000 574.000000
18.000000 4.392509 1.000000 30.639202 3.141593 0.400000 574.000000
18.000000 4.518009 1.000000 30.988728 3.141593 0.400000 574.000000
18.000000 4.643509 1.000000 31.524707 3.141593 0.400000 574.000000
18.000000 4.769010 1.000000 31.986176 3.141593 0.400000 574.000000
18.000000 4.894510 1.000000 33.012482 3.141593 0.400000 574.000000
18.000000 5.020010 1.000000 33.459294 3.141593 0.400000 574.000000
18.000000 5.145510 1.000000 32.543754 3.141593 0.400000 574.000000
18.000000 5.271011 1.000000 32.426251 3.141593 0.400000 574.000000
18.000000 5.396511 1.000000 32.077121 3.141593 0.400000 574.000000
18.000000 5.522011 1.000000 32.247137 3.141593 0.400000 574.000000
18.000000 5.647511 1.000000 32.390686 3.141593 0.400000 574.000000
18.000000 5.773012 1.000000 29.971470 3.141593 0.400000 574.000000
18.000000 5.898512 1.000000 30.052288 3.141593 0.400000 574.000000
18.000000 6.024012 1.000000 30.127203 3.141593 0.400000 574.000000
18.000000 6.149512 1.000000 30.233785 3.141593 0.400000 574.000000
18.000000 6.275013 1.000000 31.096632 3.141593 0.400000 574.000000
18.000000 6.400513 1.363636 31.369947 3.141593 0.400000 574.000000
18.000000 6.526013 1.363636 31.695653 3.141593 0.400000 574.000000
