256 0.500000 3.500000 0.050000 0.000000 0.270623 0.500000 3.166330
256 0.500000 3.500000 0.050000 0.000000 0.200711 0.500000 3.116856
256 0.500000 3.500000 0.050000 0.000000 0.222547 0.500000 3.166330
256 0.500000 3.500000 0.050000 0.000000 0.258977 -0.500000 3.166330
256 0.500000 3.500000 0.050000 0.000000 0.196198 0.500000 3.166330
256 0.500000 3.500000 0.050000 0.000000 0.225182 0.500000 3.116856
256 0.500000 3.500000 0.050000 0.000000 0.134236 0.500000 3.166330
256 0.500000 3.500000 0.050000 0.000000 0.210672 0.500000 3.166330
256 0.500000 3.500000 0.050000 0.000000 0.245933 0.500000 3.166330
256 0.500000 3.500000 0.050000 0.000000 0.220319 0.500000 3.116856
256 0.500000 3.500000 0.050000 0.000000 0.209450 0.500000 3.116856
256 0.500000 3.500000 0.050000 0.000000 0.183860 0.500000 3.166330
256 0.500000 3.500000 0.050000 0.000000 0.207829 0.500000 3.166330
256 0.500000 3.500000 0.050000 0.000000 0.198144 0.500000 3.116856
256 0.500000 3.500000 0.050000 0.000000 0.173276 -0.500000 3.067382
256 0.500000 3.500000 0.050000 0.000000 0.199483 0.500000 3.166330
256 0.500000 3.500000 0.050000 0.000000 0.246529 -0.500000 3.116856
256 0.500000 3.500000 0.050000 0.000000 0.265023 0.500000 3.166330
256 0.500000 3.500000 0.050000 0.000000 0.238772 0.500000 3.116856
256 0.500000 3.500000 0.050000 0.000000 0.207959 0.500000 3.116856
256 0.500000 3.500000 0.050000 0.000000 0.185843 -0.500000 3.166330
256 0.500000 3.500000 0.050000 0.000000 0.251462 -0.500000 3.166330
256 0.500000 3.500000 0.050000 0.000000 0.070105 -0.500000 3.116856
256 0.500000 3.500000 0.050000 0.000000 0.194458 0.500000 3.166330
256 0.500000 3.500000 0.050000 0.000000 0.157687 -0.500000 3.067382
256 0.500000 3.500000 0.050000 0.000000 0.195654 0.500000 3.166330
256 0.500000 3.500000 0.050000 0.000000 0.239303 0.500000 3.116856
256 0.500000 3.500000 0.050000 0.000000 0.231373 0.500000 3.166330
256 0.500000 3.500000 0.050000 0.000000 0.178269 0.500000 3.116856
256 0.500000 3.500000 0.050000 0.000000 0.195267 0.500000 3.116856
256 0.500000 3.500000 0.050000 0.000000 0.261214 0.500000 3.166330
256 0.500000 3.500000 0.050000 0.000000 0.222811 0.500000 3.215804
256 0.500000 3.500000 0.050000 0.000000 0.196213 0.500000 3.067382
256 0.500000 3.500000 0.050000 0.000000 0.184487 0.500000 3.116856
256 0.500000 3.500000 0.050000 0.000000 0.195749 0.500000 3.166330
256 0.500000 3.500000 0.050000 0.000000 0.225258 0.500000 3.116856
256 0.500000 3.500000 0.050000 0.000000 0.205306 0.500000 3.116856
256 0.500000 3.500000 0.050000 0.000000 0.203543 0.500000 3.166330
256 0.500000 3.500000 0.050000 0.000000 0.214902 0.500000 3.116856
256 0.500000 3.500000 0.050000 0.000000 0.194125 -0.500000 3.067382
256 0.500000 3.500000 0.050000 0.000000 0.161358 0.500000 3.067382
256 0.500000 3.500000 0.050000 0.000000 0.179304 0.500000 3.116856
256 0.500000 3.500000 0.050000 0.000000 0.131612 0.500000 3.017908
256 0.500000 3.500000 0.050000 0.000000 0.180959 0.500000 3.067382
256 0.500000 3.500000 0.050000 0.000000 0.168749 0.500000 3.067382
256 0.500000 3.500000 0.050000 0.000000 0.230749 0.500000 3.166330
256 0.500000 3.500000 0.050000 0.000000 0.213119 0.500000 3.215804
256 0.500000 3.500000 0.050000 0.000000 0.231713 0.500000 3.166330
256 0.500000 3.500000 0.050000 0.000000 0.209156 0.500000 3.166330
256 0.500000 3.500000 0.050000 0.000000 0.234616 0.500000 3.166330
256 0.500000 3.500000 0.050000 0.000000 0.185974 0.500000 3.116856
256 0.500000 3.500000 0.050000 0.000000 0.214572 0.500000 3.116856
256 0.500000 3.500000 0.050000 0.000000 0.195056 0.500000 3.166330
256 0.500000 3.500000 0.050000 0.000000 0.254399 0.500000 3.166330
256 0.500000 3.500000 0.050000 0.000000 0.170365 0.500000 3.067382
256 0.500000 3.500000 0.050000 0.000000 0.147508 -0.500000 3.116856
256 0.500000 3.500000 0.050000 0.000000 0.183809 0.500000 3.166330
256 0.500000 3.500000 0.050000 0.000000 0.192953 0.500000 3.116856
256 0.500000 3.500000 0.050000 0.000000 0.142167 0.500000 3.116856
256 0.500000 3.500000 0.050000 0.000000 0.000000 0.000000 0.000000
256 0.500000 3.500000 0.050000 0.000000 0.224332 -0.500000 3.166330
256 0.500000 3.500000 0.050000 0.000000 0.204255 -0.500000 3.166330
256 0.500000 3.500000 0.050000 0.000000 0.234969 0.500000 3.166330
256 0.500000 3.500000 0.050000 0.000000 0.202194 0.500000 3.116856
256 0.500000 3.500000 0.050000 0.000000 0.236786 0.500000 3.116856
256 0.500000 3.500000 0.050000 0.000000 0.150764 -0.500000 3.116856
256 0.500000 3.500000 0.050000 0.000000 0.197159 0.500000 3.116856
256 0.500000 3.500000 0.050000 0.000000 0.209661 0.500000 3.116856
256 0.500000 3.500000 0.050000 0.000000 0.048154 -0.500000 3.215804
256 0.500000 3.500000 0.050000 0.000000 0.193459 0.500000 3.116856
256 0.500000 3.500000 0.050000 0.000000 0.247083 0.500000 3.166330
256 0.500000 3.500000 0.050000 0.000000 0.181397 0.500000 3.067382
256 0.500000 3.500000 0.050000 0.000000 0.208763 -0.500000 3.116856
256 0.500000 3.500000 0.050000 0.000000 0.216226 -0.500000 3.116856
256 0.500000 3.500000 0.050000 0.000000 0.201349 -0.500000 3.166330
256 0.500000 3.500000 0.050000 0.000000 0.170010 0.500000 3.017908
256 0.500000 3.500000 0.050000 0.000000 0.164024 0.500000 3.067382
256 0.500000 3.500000 0.050000 0.000000 0.180329 0.500000 3.067382
256 0.500000 3.500000 0.050000 0.000000 0.199684 0.500000 3.116856
256 0.500000 3.500000 0.050000 0.000000 0.169260 0.500000 3.116856
256 0.500000 3.500000 0.050000 0.000000 0.233562 0.500000 3.166330
256 0.500000 3.500000 0.050000 0.000000 0.170203 0.500000 3.116856
256 0.500000 3.500000 0.050000 0.000000 0.218372 0.500000 3.166330
256 0.500000 3.500000 0.050000 0.000000 0.207829 0.500000 3.067382
256 0.500000 3.500000 0.050000 0.000000 0.246336 0.500000 3.166330
256 0.500000 3.500000 0.050000 0.000000 0.174519 0.500000 3.116856
256 0.500000 3.500000 0.050000 0.000000 0.270044 0.500000 3.166330
256 0.500000 3.500000 0.050000 0.000000 0.239546 -0.500000 3.215804
256 0.500000 3.500000 0.050000 0.000000 0.202549 0.500000 3.116856
256 0.500000 3.500000 0.050000 0.000000 0.237524 0.500000 3.215804
256 0.500000 3.500000 0.050000 0.000000 0.264351 0.500000 3.166330
256 0.500000 3.500000 0.050000 0.000000 0.101326 0.500000 3.166330
256 0.500000 3.500000 0.050000 0.000000 0.170567 0.500000 3.314751
256 0.500000 3.500000 0.050000 0.000000 0.200927 -0.500000 3.166330
256 0.500000 3.500000 0.050000 0.000000 0.221991 0.500000 3.166330
256 0.500000 3.500000 0.050000 0.000000 0.124995 0.500000 3.116856
256 0.500000 3.500000 0.050000 0.000000 0.187333 0.500000 3.116856
256 0.500000 3.500000 0.050000 0.000000 0.180259 0.500000 3.116856
256 0.500000 3.500000 0.050000 0.000000 0.189048 0.500000 3.166330
256 0.500000 3.500000 0.050000 0.000000 0.245744 0.500000 3.116856
256 0.500000 3.500000 0.050000 0.000000 0.073838 0.500000 3.166330
256 0.500000 3.500000 0.050000 0.000000 0.180183 0.500000 3.166330
256 0.500000 3.500000 0.050000 0.000000 0.217744 0.500000 3.116856
256 0.500000 3.500000 0.050000 0.000000 0.226686 0.500000 3.116856
256 0.500000 3.500000 0.050000 0.000000 0.230974 0.500000 3.116856
256 0.500000 3.500000 0.050000 0.000000 0.233230 0.500000 3.116856
256 0.500000 3.500000 0.050000 0.000000 0.217541 0.500000 3.166330
256 0.500000 3.500000 0.050000 0.000000 0.238875 -0.500000 3.116856
256 0.500000 3.500000 0.050000 0.000000 0.188803 -0.500000 3.166330
256 0.500000 3.500000 0.050000 0.000000 0.158046 0.500000 3.067382
256 0.500000 3.500000 0.050000 0.000000 0.127281 0.500000 3.116856
256 0.500000 3.500000 0.050000 0.000000 0.163374 0.500000 3.166330
256 0.500000 3.500000 0.050000 0.000000 0.205940 0.500000 3.166330
256 0.500000 3.500000 0.050000 0.000000 0.172637 0.500000 3.166330
256 0.500000 3.500000 0.050000 0.000000 0.174085 0.500000 3.116856
256 0.500000 3.500000 0.050000 0.000000 0.186170 -0.500000 3.166330
256 0.500000 3.500000 0.050000 0.000000 0.241445 0.500000 3.116856
256 0.500000 3.500000 0.050000 0.000000 0.283809 0.500000 3.166330
256 0.500000 3.500000 0.050000 0.000000 0.218861 0.500000 3.166330
256 0.500000 3.500000 0.050000 0.000000 0.210182 0.500000 3.116856
256 0.500000 3.500000 0.050000 0.000000 0.239200 0.500000 3.215804
256 0.500000 3.500000 0.050000 0.000000 0.206872 0.500000 3.116856
256 0.500000 3.500000 0.050000 0.000000 0.202166 0.500000 3.166330
256 0.500000 3.500000 0.050000 0.000000 0.186457 0.500000 3.166330
256 0.500000 3.500000 0.050000 0.000000 0.177169 0.500000 3.067382
256 0.500000 3.500000 0.050000 0.000000 0.156749 0.500000 3.017908
256 0.500000 3.500000 0.050000 0.000000 0.225048 -0.500000 3.166330
256 0.500000 3.500000 0.050000 0.000000 0.194186 0.500000 3.116856
256 0.500000 3.500000 0.050000 0.000000 0.225518 0.500000 3.116856
256 0.500000 3.500000 0.050000 0.000000 0.219367 0.500000 3.166330
256 0.500000 3.500000 0.050000 0.000000 0.184123 -0.500000 3.067382
256 0.500000 3.500000 0.050000 0.000000 0.218857 0.500000 3.116856
256 0.500000 3.500000 0.050000 0.000000 0.219116 0.500000 3.116856
256 0.500000 3.500000 0.050000 0.000000 0.234242 0.500000 3.166330
256 0.500000 3.500000 0.050000 0.000000 0.246342 0.500000 3.215804
256 0.500000 3.500000 0.050000 0.000000 0.184200 0.500000 3.166330
256 0.500000 3.500000 0.050000 0.000000 0.178068 0.500000 3.166330
256 0.500000 3.500000 0.050000 0.000000 0.182782 0.500000 3.116856
256 0.500000 3.500000 0.050000 0.000000 0.216003 0.500000 3.116856
256 0.500000 3.500000 0.050000 0.000000 0.171991 0.500000 3.265277
256 0.500000 3.500000 0.050000 0.000000 0.164532 0.500000 3.116856
256 0.500000 3.500000 0.050000 0.000000 0.222186 0.500000 3.166330
256 0.500000 3.500000 0.050000 0.000000 0.246762 0.500000 3.166330
256 0.500000 3.500000 0.050000 0.000000 0.277673 -0.500000 3.166330
256 0.500000 3.500000 0.050000 0.000000 0.277928 -0.500000 3.166330
256 0.500000 3.500000 0.050000 0.000000 0.215716 0.500000 3.116856
256 0.500000 3.500000 0.050000 0.000000 0.259749 0.500000 3.166330
256 0.500000 3.500000 0.050000 0.000000 0.186535 0.500000 3.166330
256 0.500000 3.500000 0.050000 0.000000 0.201589 0.500000 3.116856
256 0.500000 3.500000 0.050000 0.000000 0.224652 0.500000 3.166330
256 0.500000 3.500000 0.050000 0.000000 0.199421 0.500000 3.166330
256 0.500000 3.500000 0.050000 0.000000 0.173283 -0.500000 3.116856
256 0.500000 3.500000 0.050000 0.000000 0.199264 -0.500000 3.116856
256 0.500000 3.500000 0.050000 0.000000 0.214960 0.500000 3.116856
256 0.500000 3.500000 0.050000 0.000000 0.239332 0.500000 3.116856
256 0.500000 3.500000 0.050000 0.000000 0.248105 0.500000 3.166330
256 0.500000 3.500000 0.050000 0.000000 0.243298 0.500000 3.166330
256 0.500000 3.500000 0.050000 0.000000 0.272406 0.500000 3.166330
256 0.500000 3.500000 0.050000 0.000000 0.210174 0.500000 3.215804
256 0.500000 3.500000 0.050000 0.000000 0.263964 0.500000 3.166330
256 0.500000 3.500000 0.050000 0.000000 0.233967 0.500000 3.166330
256 0.500000 3.500000 0.050000 0.000000 0.206379 0.500000 3.215804
256 0.500000 3.500000 0.050000 0.000000 0.218352 -0.500000 3.166330
256 0.500000 3.500000 0.050000 0.000000 0.218758 0.500000 3.166330
256 0.500000 3.500000 0.050000 0.000000 0.204414 0.500000 3.116856
256 0.500000 3.500000 0.050000 0.000000 0.215678 0.500000 3.067382
256 0.500000 3.500000 0.050000 0.000000 0.195592 0.500000 3.215804
256 0.500000 3.500000 0.050000 0.000000 0.230921 0.500000 3.215804
256 0.500000 3.500000 0.050000 0.000000 0.216581 0.500000 3.166330
256 0.500000 3.500000 0.050000 0.000000 0.208670 0.500000 3.067382
256 0.500000 3.500000 0.050000 0.000000 0.206011 0.500000 3.166330
256 0.500000 3.500000 0.050000 0.000000 0.233550 0.500000 3.166330
256 0.500000 3.500000 0.050000 0.000000 0.222072 0.500000 3.116856
256 0.500000 3.500000 0.050000 0.000000 0.207119 0.500000 3.116856
256 0.500000 3.500000 0.050000 0.000000 0.230739 0.500000 3.166330
256 0.500000 3.500000 0.050000 0.000000 0.224940 0.500000 3.166330
256 0.500000 3.500000 0.050000 0.000000 0.223595 -0.500000 3.166330
256 0.500000 3.500000 0.050000 0.000000 0.193347 0.500000 3.116856
256 0.500000 3.500000 0.050000 0.000000 0.211148 0.500000 3.116856
256 0.500000 3.500000 0.050000 0.000000 0.152090 0.500000 3.116856
256 0.500000 3.500000 0.050000 0.000000 0.217749 0.500000 3.116856
256 0.500000 3.500000 0.050000 0.000000 0.238290 0.500000 3.017908
256 0.500000 3.500000 0.050000 0.000000 0.238991 0.500000 3.116856
256 0.500000 3.500000 0.050000 0.000000 0.216870 0.500000 3.166330
256 0.500000 3.500000 0.050000 0.000000 0.244532 -0.500000 3.116856
256 0.500000 3.500000 0.050000 0.000000 0.209727 0.500000 3.116856
256 0.500000 3.500000 0.050000 0.000000 0.226333 0.500000 3.116856
256 0.500000 3.500000 0.050000 0.000000 0.221837 0.500000 3.166330
256 0.500000 3.500000 0.050000 0.000000 0.179069 0.500000 3.166330
256 0.500000 3.500000 0.050000 0.000000 0.164102 0.500000 3.067382
256 0.500000 3.500000 0.050000 0.000000 0.232269 0.500000 3.116856
256 0.500000 3.500000 0.050000 0.000000 0.225290 0.500000 3.166330
256 0.500000 3.500000 0.050000 0.000000 0.233501 0.500000 3.166330
256 0.500000 3.500000 0.050000 0.000000 0.203045 0.500000 3.166330
256 0.500000 3.500000 0.050000 0.000000 0.175475 0.500000 3.265277
256 0.500000 3.500000 0.050000 0.000000 0.210250 -0.500000 3.116856
256 0.500000 3.500000 0.050000 0.000000 0.187828 0.500000 3.116856
256 0.500000 3.500000 0.050000 0.000000 0.222947 0.500000 3.116856
256 0.500000 3.500000 0.050000 0.000000 0.208711 -0.500000 3.166330
256 0.500000 3.500000 0.050000 0.000000 0.229352 0.500000 3.116856
256 0.500000 3.500000 0.050000 0.000000 0.231648 0.500000 3.215804
256 0.500000 3.500000 0.050000 0.000000 0.187594 0.500000 2.968434
256 0.500000 3.500000 0.050000 0.000000 0.224613 0.500000 3.116856
256 0.500000 3.500000 0.050000 0.000000 0.194266 0.500000 3.116856
256 0.500000 3.500000 0.050000 0.000000 0.242134 0.500000 3.166330
256 0.500000 3.500000 0.050000 0.000000 0.224662 -0.500000 3.116856
256 0.500000 3.500000 0.050000 0.000000 0.179368 0.500000 3.067382
256 0.500000 3.500000 0.050000 0.000000 0.210150 0.500000 3.116856
256 0.500000 3.500000 0.050000 0.000000 0.201410 0.500000 3.166330
256 0.500000 3.500000 0.050000 0.000000 0.211557 -0.500000 3.166330
256 0.500000 3.500000 0.050000 0.000000 0.126786 0.500000 3.116856
256 0.500000 3.500000 0.050000 0.000000 0.172335 0.500000 3.166330
256 0.500000 3.500000 0.050000 0.000000 0.204762 0.500000 3.116856
256 0.500000 3.500000 0.050000 0.000000 0.226092 0.500000 3.116856
256 0.500000 3.500000 0.050000 0.000000 0.147064 0.500000 3.116856
256 0.500000 3.500000 0.050000 0.000000 0.240149 0.500000 3.116856
256 0.500000 3.500000 0.050000 0.000000 0.210185 0.500000 3.116856
256 0.500000 3.500000 0.050000 0.000000 0.180315 0.500000 3.116856
256 0.500000 3.500000 0.050000 0.000000 0.253660 0.500000 3.215804
256 0.500000 3.500000 0.050000 0.000000 0.219817 0.500000 3.116856
256 0.500000 3.500000 0.050000 0.000000 0.223386 0.500000 3.166330
256 0.500000 3.500000 0.050000 0.000000 0.229051 -0.500000 3.166330
256 0.500000 3.500000 0.050000 0.000000 0.186287 -0.500000 3.215804
256 0.500000 3.500000 0.050000 0.000000 0.191440 0.500000 3.067382
256 0.500000 3.500000 0.050000 0.000000 0.260126 0.500000 3.116856
256 0.500000 3.500000 0.050000 0.000000 0.133950 0.500000 3.116856
256 0.500000 3.500000 0.050000 0.000000 0.179073 0.500000 3.265277
256 0.500000 3.500000 0.050000 0.000000 0.241421 0.500000 3.166330
256 0.500000 3.500000 0.050000 0.000000 0.143392 0.500000 3.067382
256 0.500000 3.500000 0.050000 0.000000 0.181886 0.500000 3.067382
256 0.500000 3.500000 0.050000 0.000000 0.218020 0.500000 3.116856
256 0.500000 3.500000 0.050000 0.000000 0.199438 0.500000 3.116856
256 0.500000 3.500000 0.050000 0.000000 0.196075 0.500000 3.215804
256 0.500000 3.500000 0.050000 0.000000 0.216843 0.500000 3.215804
256 0.500000 3.500000 0.050000 0.000000 0.163323 0.500000 3.067382
256 0.500000 3.500000 0.050000 0.000000 0.237867 0.500000 3.116856
256 0.500000 3.500000 0.050000 0.000000 0.188822 -0.500000 3.166330
256 0.500000 3.500000 0.050000 0.000000 0.188007 0.500000 3.166330
256 0.500000 3.500000 0.050000 0.000000 0.211235 -0.500000 3.116856
256 0.500000 3.500000 0.050000 0.000000 0.223426 0.500000 3.215804
256 0.500000 3.500000 0.050000 0.000000 0.231607 0.500000 3.166330
256 0.500000 3.500000 0.050000 0.000000 0.209202 0.500000 3.166330
256 0.500000 3.500000 0.050000 0.000000 0.232410 0.500000 3.116856
256 0.500000 3.500000 0.050000 0.000000 0.234041 0.500000 3.116856
256 0.500000 3.500000 0.050000 0.000000 0.222006 0.500000 3.166330
256 0.500000 3.500000 0.050000 0.000000 0.202052 0.500000 3.116856
256 0.500000 3.500000 0.050000 0.000000 0.181443 0.500000 3.116856
256 0.500000 3.500000 0.050000 0.000000 0.140108 -0.500000 3.166330
256 0.500000 3.500000 0.050000 0.000000 0.254749 0.500000 3.116856
256 0.500000 3.500000 0.050000 0.000000 0.201200 0.500000 3.166330
256 0.500000 3.500000 0.050000 0.000000 0.150620 0.500000 3.017908
256 0.500000 3.500000 0.050000 0.000000 0.188720 0.500000 3.166330
256 0.500000 3.500000 0.050000 0.000000 0.162333 0.500000 3.067382
256 0.500000 3.500000 0.050000 0.000000 0.225090 0.500000 3.116856
256 0.500000 3.500000 0.050000 0.000000 0.163406 0.500000 3.166330
256 0.500000 3.500000 0.050000 0.000000 0.188139 -0.500000 3.067382
256 0.500000 3.500000 0.050000 0.000000 0.239058 0.500000 3.166330
256 0.500000 3.500000 0.050000 0.000000 0.172161 0.500000 3.166330
256 0.500000 3.500000 0.050000 0.000000 0.210555 0.500000 3.116856
256 0.500000 3.500000 0.050000 0.000000 0.202626 0.500000 3.067382
256 0.500000 3.500000 0.050000 0.000000 0.213832 0.500000 3.116856
256 0.500000 3.500000 0.050000 0.000000 0.220513 0.500000 3.166330
256 0.500000 3.500000 0.050000 0.000000 0.198090 -0.500000 3.116856
256 0.500000 3.500000 0.050000 0.000000 0.260717 0.500000 3.166330
256 0.500000 3.500000 0.050000 0.000000 0.245126 0.500000 3.116856
256 0.500000 3.500000 0.050000 0.000000 0.194389 0.500000 3.116856
256 0.500000 3.500000 0.050000 0.000000 0.200538 -0.500000 3.166330
256 0.500000 3.500000 0.050000 0.000000 0.206273 0.500000 3.166330
256 0.500000 3.500000 0.050000 0.000000 0.205601 -0.500000 3.166330
256 0.500000 3.500000 0.050000 0.000000 0.205019 0.500000 3.166330
256 0.500000 3.500000 0.050000 0.000000 0.171253 0.500000 3.166330
256 0.500000 3.500000 0.050000 0.000000 0.108778 0.500000 3.166330
256 0.500000 3.500000 0.050000 0.000000 0.238949 0.500000 3.166330
256 0.500000 3.500000 0.050000 0.000000 0.214751 0.500000 3.116856
256 0.500000 3.500000 0.050000 0.000000 0.208742 0.500000 3.067382
256 0.500000 3.500000 0.050000 0.000000 0.209447 0.500000 3.067382
256 0.500000 3.500000 0.050000 0.000000 0.207202 0.500000 3.116856
256 0.500000 3.500000 0.050000 0.000000 0.171405 0.500000 3.166330
256 0.500000 3.500000 0.050000 0.000000 0.277039 0.500000 3.166330
256 0.500000 3.500000 0.050000 0.000000 0.233402 -0.500000 3.166330
256 0.500000 3.500000 0.050000 0.000000 0.187066 0.500000 3.166330
256 0.500000 3.500000 0.050000 0.000000 0.204217 0.500000 3.166330
256 0.500000 3.500000 0.050000 0.000000 0.231600 0.500000 3.166330
256 0.500000 3.500000 0.050000 0.000000 0.252910 0.500000 3.166330
256 0.500000 3.500000 0.050000 0.000000 0.164195 0.500000 3.067382
256 0.500000 3.500000 0.050000 0.000000 0.225622 -0.500000 3.116856
256 0.500000 3.500000 0.050000 0.000000 0.233490 0.500000 3.116856
256 0.500000 3.500000 0.050000 0.000000 0.187589 -0.500000 3.017908
256 0.500000 3.500000 0.050000 0.000000 0.126087 0.500000 3.116856
256 0.500000 3.500000 0.050000 0.000000 0.125719 -0.500000 3.067382
256 0.500000 3.500000 0.050000 0.000000 0.207704 0.500000 3.067382
256 0.500000 3.500000 0.050000 0.000000 0.177252 0.500000 3.166330
256 0.500000 3.500000 0.050000 0.000000 0.216860 0.500000 3.116856
256 0.500000 3.500000 0.050000 0.000000 0.117778 -0.500000 3.265277
256 0.500000 3.500000 0.050000 0.000000 0.241650 0.500000 3.116856
256 0.500000 3.500000 0.050000 0.000000 0.199485 0.500000 3.166330
256 0.500000 3.500000 0.050000 0.000000 0.240283 0.500000 3.166330
256 0.500000 3.500000 0.050000 0.000000 0.223995 0.500000 3.166330
256 0.500000 3.500000 0.050000 0.000000 0.104183 0.500000 3.017908
256 0.500000 3.500000 0.050000 0.000000 0.291253 -0.500000 3.166330
256 0.500000 3.500000 0.050000 0.000000 0.231702 0.500000 3.116856
256 0.500000 3.500000 0.050000 0.000000 0.210187 -0.500000 3.166330
256 0.500000 3.500000 0.050000 0.000000 0.202878 -0.500000 3.116856
256 0.500000 3.500000 0.050000 0.000000 0.224185 0.500000 3.215804
256 0.500000 3.500000 0.050000 0.000000 0.200509 0.500000 3.166330
256 0.500000 3.500000 0.050000 0.000000 0.243321 0.500000 3.116856
256 0.500000 3.500000 0.050000 0.000000 0.237853 0.500000 3.166330
256 0.500000 3.500000 0.050000 0.000000 0.200474 0.500000 3.067382
256 0.500000 3.500000 0.050000 0.000000 0.241689 0.500000 3.166330
256 0.500000 3.500000 0.050000 0.000000 0.174758 0.500000 3.067382
256 0.500000 3.500000 0.050000 0.000000 0.192438 0.500000 3.067382
256 0.500000 3.500000 0.050000 0.000000 0.199765 0.500000 3.116856
256 0.500000 3.500000 0.050000 0.000000 0.231263 0.500000 3.215804
256 0.500000 3.500000 0.050000 0.000000 0.212716 0.500000 3.116856
256 0.500000 3.500000 0.050000 0.000000 0.290721 0.500000 3.166330
256 0.500000 3.500000 0.050000 0.000000 0.210017 0.500000 3.116856
256 0.500000 3.500000 0.050000 0.000000 0.202140 0.500000 3.166330
256 0.500000 3.500000 0.050000 0.000000 0.226185 0.500000 3.166330
256 0.500000 3.500000 0.050000 0.000000 0.179109 0.500000 3.067382
256 0.500000 3.500000 0.050000 0.000000 0.209346 0.500000 3.166330
256 0.500000 3.500000 0.050000 0.000000 0.221419 0.500000 3.116856
256 0.500000 3.500000 0.050000 0.000000 0.233652 -0.500000 3.166330
256 0.500000 3.500000 0.050000 0.000000 0.217745 0.500000 3.116856
256 0.500000 3.500000 0.050000 0.000000 0.237108 0.500000 3.116856
256 0.500000 3.500000 0.050000 0.000000 0.218798 -0.500000 3.166330
256 0.500000 3.500000 0.050000 0.000000 0.063255 0.500000 3.017908
256 0.500000 3.500000 0.050000 0.000000 0.238344 0.500000 3.116856
256 0.500000 3.500000 0.050000 0.000000 0.176962 -0.500000 3.067382
256 0.500000 3.500000 0.050000 0.000000 0.226978 -0.500000 3.116856
256 0.500000 3.500000 0.050000 0.000000 0.231748 0.500000 3.166330
256 0.500000 3.500000 0.050000 0.000000 0.209518 0.500000 3.166330
256 0.500000 3.500000 0.050000 0.000000 0.218131 0.500000 3.215804
256 0.500000 3.500000 0.050000 0.000000 0.234356 0.500000 3.166330
256 0.500000 3.500000 0.050000 0.000000 0.140395 0.500000 3.166330
256 0.500000 3.500000 0.050000 0.000000 0.186693 -0.500000 3.067382
256 0.500000 3.500000 0.050000 0.000000 0.038527 0.500000 3.166330
256 0.500000 3.500000 0.050000 0.000000 0.239318 0.500000 3.166330
256 0.500000 3.500000 0.050000 0.000000 0.233244 -0.500000 3.166330
256 0.500000 3.500000 0.050000 0.000000 0.200657 -0.500000 3.265277
256 0.500000 3.500000 0.050000 0.000000 0.193378 0.500000 3.166330
256 0.500000 3.500000 0.050000 0.000000 0.201665 0.500000 3.166330
256 0.500000 3.500000 0.050000 0.000000 0.179679 0.500000 3.166330
256 0.500000 3.500000 0.050000 0.000000 0.257450 -0.500000 3.166330
256 0.500000 3.500000 0.050000 0.000000 0.232950 -0.500000 3.166330
256 0.500000 3.500000 0.050000 0.000000 0.209083 0.500000 3.116856
256 0.500000 3.500000 0.050000 0.000000 0.146647 0.500000 3.215804
256 0.500000 3.500000 0.050000 0.000000 0.232565 0.500000 3.116856
256 0.500000 3.500000 0.050000 0.000000 0.258405 -0.500000 3.166330
256 0.500000 3.500000 0.050000 0.000000 0.157629 0.500000 3.067382
256 0.500000 3.500000 0.050000 0.000000 0.185948 -0.500000 3.215804
256 0.500000 3.500000 0.050000 0.000000 0.177102 0.500000 3.166330
256 0.500000 3.500000 0.050000 0.000000 0.248784 0.500000 3.166330
256 0.500000 3.500000 0.050000 0.000000 0.245013 0.500000 3.116856
256 0.500000 3.500000 0.050000 0.000000 0.135142 0.500000 3.017908
256 0.500000 3.500000 0.050000 0.000000 0.216542 0.500000 3.116856
256 0.500000 3.500000 0.050000 0.000000 0.250510 0.500000 3.215804
256 0.500000 3.500000 0.050000 0.000000 0.246053 0.500000 3.166330
256 0.500000 3.500000 0.050000 0.000000 0.217788 0.500000 3.116856
256 0.500000 3.500000 0.050000 0.000000 0.224346 0.500000 3.166330
256 0.500000 3.500000 0.050000 0.000000 0.184110 0.500000 3.166330
256 0.500000 3.500000 0.050000 0.000000 0.134520 0.500000 3.067382
256 0.500000 3.500000 0.050000 0.000000 0.230635 0.500000 3.166330
256 0.500000 3.500000 0.050000 0.000000 0.232478 0.500000 3.166330
256 0.500000 3.500000 0.050000 0.000000 0.218727 0.500000 3.166330
256 0.500000 3.500000 0.050000 0.000000 0.238223 0.500000 3.166330
256 0.500000 3.500000 0.050000 0.000000 0.241330 0.500000 3.166330
256 0.500000 3.500000 0.050000 0.000000 0.166509 -0.500000 3.166330
256 0.500000 3.500000 0.050000 0.000000 0.133664 0.500000 3.215804
256 0.500000 3.500000 0.050000 0.000000 0.203849 0.500000 3.116856
256 0.500000 3.500000 0.050000 0.000000 0.178997 0.500000 3.067382
256 0.500000 3.500000 0.050000 0.000000 0.201045 0.500000 3.116856
256 0.500000 3.500000 0.050000 0.000000 0.201592 0.500000 3.166330
256 0.500000 3.500000 0.050000 0.000000 0.240200 0.500000 3.166330
256 0.500000 3.500000 0.050000 0.000000 0.244262 0.500000 3.116856
256 0.500000 3.500000 0.050000 0.000000 0.217647 0.500000 3.166330
256 0.500000 3.500000 0.050000 0.000000 0.201011 0.500000 3.166330
256 0.500000 3.500000 0.050000 0.000000 0.241591 0.500000 3.116856
256 0.500000 3.500000 0.050000 0.000000 0.203109 0.500000 3.166330
256 0.500000 3.500000 0.050000 0.000000 0.225298 0.500000 3.166330
256 0.500000 3.500000 0.050000 0.000000 0.226975 0.500000 3.166330
256 0.500000 3.500000 0.050000 0.000000 0.209591 0.500000 3.166330
256 0.500000 3.500000 0.050000 0.000000 0.213275 0.500000 3.166330
256 0.500000 3.500000 0.050000 0.000000 0.201146 0.500000 3.116856
256 0.500000 3.500000 0.050000 0.000000 0.173626 0.500000 3.166330
256 0.500000 3.500000 0.050000 0.000000 0.270644 0.500000 3.166330
256 0.500000 3.500000 0.050000 0.000000 0.226917 0.500000 3.166330
256 0.500000 3.500000 0.050000 0.000000 0.192211 -0.500000 3.067382
256 0.500000 3.500000 0.050000 0.000000 0.216567 0.500000 3.166330
256 0.500000 3.500000 0.050000 0.000000 0.219952 0.500000 3.116856
256 0.500000 3.500000 0.050000 0.000000 0.193999 0.500000 3.067382
256 0.500000 3.500000 0.050000 0.000000 0.186399 0.500000 3.067382
256 0.500000 3.500000 0.050000 0.000000 0.173857 0.500000 3.067382
256 0.500000 3.500000 0.050000 0.000000 0.132251 0.500000 3.166330
256 0.500000 3.500000 0.050000 0.000000 0.230961 0.500000 3.166330
256 0.500000 3.500000 0.050000 0.000000 0.171501 0.500000 3.166330
256 0.500000 3.500000 0.050000 0.000000 0.198397 0.500000 3.166330
256 0.500000 3.500000 0.050000 0.000000 0.223171 -0.500000 3.116856
256 0.500000 3.500000 0.050000 0.000000 0.284401 -0.500000 3.166330
256 0.500000 3.500000 0.050000 0.000000 0.187727 0.500000 3.166330
256 0.500000 3.500000 0.050000 0.000000 0.226368 0.500000 3.166330
256 0.500000 3.500000 0.050000 0.000000 0.230523 0.500000 3.116856
256 0.500000 3.500000 0.050000 0.000000 0.188143 0.500000 3.116856
256 0.500000 3.500000 0.050000 0.000000 0.233658 0.500000 3.166330
256 0.500000 3.500000 0.050000 0.000000 0.219101 0.500000 3.116856
256 0.500000 3.500000 0.050000 0.000000 0.203987 0.500000 3.166330
256 0.500000 3.500000 0.050000 0.000000 0.201517 -0.500000 3.166330
256 0.500000 3.500000 0.050000 0.000000 0.178825 -0.500000 3.215804
256 0.500000 3.500000 0.050000 0.000000 0.123789 0.500000 3.166330
256 0.500000 3.500000 0.050000 0.000000 0.243861 -0.500000 3.166330
256 0.500000 3.500000 0.050000 0.000000 0.218563 0.500000 3.166330
256 0.500000 3.500000 0.050000 0.000000 0.262041 -0.500000 3.166330
256 0.500000 3.500000 0.050000 0.000000 0.246265 0.500000 3.116856
256 0.500000 3.500000 0.050000 0.000000 0.199968 0.500000 3.215804
256 0.500000 3.500000 0.050000 0.000000 0.202093 0.500000 3.067382
256 0.500000 3.500000 0.050000 0.000000 0.233630 0.500000 3.166330
256 0.500000 3.500000 0.050000 0.000000 0.123255 0.500000 3.166330
256 0.500000 3.500000 0.050000 0.000000 0.172457 0.500000 3.067382
256 0.500000 3.500000 0.050000 0.000000 0.215532 0.500000 3.116856
256 0.500000 3.500000 0.050000 0.000000 0.197168 -0.500000 3.166330
256 0.500000 3.500000 0.050000 0.000000 0.222482 0.500000 3.116856
256 0.500000 3.500000 0.050000 0.000000 0.283630 0.500000 3.166330
256 0.500000 3.500000 0.050000 0.000000 0.191864 0.500000 3.116856
256 0.500000 3.500000 0.050000 0.000000 0.233325 -0.500000 3.166330
256 0.500000 3.500000 0.050000 0.000000 0.217177 0.500000 3.166330
256 0.500000 3.500000 0.050000 0.000000 0.236223 0.500000 3.166330
256 0.500000 3.500000 0.050000 0.000000 0.212906 0.500000 3.116856
256 0.500000 3.500000 0.050000 0.000000 0.211719 0.500000 3.116856
256 0.500000 3.500000 0.050000 0.000000 0.258430 0.500000 3.166330
256 0.500000 3.500000 0.050000 0.000000 0.224242 0.500000 3.116856
256 0.500000 3.500000 0.050000 0.000000 0.209972 0.500000 3.116856
256 0.500000 3.500000 0.050000 0.000000 0.229872 0.500000 3.215804
256 0.500000 3.500000 0.050000 0.000000 0.195566 0.500000 3.215804
256 0.500000 3.500000 0.050000 0.000000 0.176911 0.500000 3.017908
256 0.500000 3.500000 0.050000 0.000000 0.213659 0.500000 3.265277
256 0.500000 3.500000 0.050000 0.000000 0.195873 0.500000 3.166330
256 0.500000 3.500000 0.050000 0.000000 0.177940 -0.500000 3.067382
256 0.500000 3.500000 0.050000 0.000000 0.197363 0.500000 3.116856
256 0.500000 3.500000 0.050000 0.000000 0.288638 0.500000 3.166330
256 0.500000 3.500000 0.050000 0.000000 0.233352 0.500000 3.116856
256 0.500000 3.500000 0.050000 0.000000 0.210115 0.500000 3.116856
256 0.500000 3.500000 0.050000 0.000000 0.207243 0.500000 3.166330
256 0.500000 3.500000 0.050000 0.000000 0.295817 0.500000 3.166330
256 0.500000 3.500000 0.050000 0.000000 0.187561 0.500000 3.166330
256 0.500000 3.500000 0.050000 0.000000 0.154981 0.500000 3.166330
256 0.500000 3.500000 0.050000 0.000000 0.193049 0.500000 3.116856
256 0.500000 3.500000 0.050000 0.000000 0.277321 0.500000 3.166330
256 0.500000 3.500000 0.050000 0.000000 0.223773 0.500000 3.166330
256 0.500000 3.500000 0.050000 0.000000 0.247291 0.500000 3.166330
256 0.500000 3.500000 0.050000 0.000000 0.219414 0.500000 3.116856
256 0.500000 3.500000 0.050000 0.000000 0.157850 -0.500000 3.265277
256 0.500000 3.500000 0.050000 0.000000 0.253614 0.500000 3.166330
256 0.500000 3.500000 0.050000 0.000000 0.195785 0.500000 3.067382
256 0.500000 3.500000 0.050000 0.000000 0.211644 0.500000 3.215804
256 0.500000 3.500000 0.050000 0.000000 0.168542 0.500000 3.067382
256 0.500000 3.500000 0.050000 0.000000 0.277878 -0.500000 3.166330
256 0.500000 3.500000 0.050000 0.000000 0.231699 0.500000 3.166330
256 0.500000 3.500000 0.050000 0.000000 0.209676 0.500000 3.215804
256 0.500000 3.500000 0.050000 0.000000 0.224605 0.500000 3.116856
256 0.500000 3.500000 0.050000 0.000000 0.169870 -0.500000 3.067382
256 0.500000 3.500000 0.050000 0.000000 0.147255 -0.500000 3.116856
256 0.500000 3.500000 0.050000 0.000000 0.158264 -0.500000 3.116856
256 0.500000 3.500000 0.050000 0.000000 0.195451 -0.500000 3.215804
256 0.500000 3.500000 0.050000 0.000000 0.230623 0.500000 3.166330
256 0.500000 3.500000 0.050000 0.000000 0.257615 0.500000 3.166330
256 0.500000 3.500000 0.050000 0.000000 0.224415 0.500000 3.166330
256 0.500000 3.500000 0.050000 0.000000 0.203444 0.500000 3.116856
256 0.500000 3.500000 0.050000 0.000000 0.185718 0.500000 3.166330
256 0.500000 3.500000 0.050000 0.000000 0.164973 0.500000 3.116856
256 0.500000 3.500000 0.050000 0.000000 0.221361 0.500000 3.067382
256 0.500000 3.500000 0.050000 0.000000 0.232745 0.500000 3.166330
256 0.500000 3.500000 0.050000 0.000000 0.203361 -0.500000 3.166330
256 0.500000 3.500000 0.050000 0.000000 0.233975 0.500000 3.166330
256 0.500000 3.500000 0.050000 0.000000 0.190843 -0.500000 3.116856
256 0.500000 3.500000 0.050000 0.000000 0.217749 0.500000 3.166330
256 0.500000 3.500000 0.050000 0.000000 0.199884 0.500000 3.166330
256 0.500000 3.500000 0.050000 0.000000 0.219997 0.500000 3.166330
256 0.500000 3.500000 0.050000 0.000000 0.231641 0.500000 3.166330
256 0.500000 3.500000 0.050000 0.000000 0.177575 0.500000 3.116856
256 0.500000 3.500000 0.050000 0.000000 0.270546 0.500000 3.166330
256 0.500000 3.500000 0.050000 0.000000 0.237754 0.500000 3.166330
256 0.500000 3.500000 0.050000 0.000000 0.201491 0.500000 3.067382
256 0.500000 3.500000 0.050000 0.000000 0.194096 0.500000 3.067382
256 0.500000 3.500000 0.050000 0.000000 0.152150 0.500000 3.116856
256 0.500000 3.500000 0.050000 0.000000 0.218990 0.500000 3.116856
256 0.500000 3.500000 0.050000 0.000000 0.224489 0.500000 3.116856
256 0.500000 3.500000 0.050000 0.000000 0.238581 -0.500000 3.166330
256 0.500000 3.500000 0.050000 0.000000 0.149735 0.500000 3.116856
256 0.500000 3.500000 0.050000 0.000000 0.225983 -0.500000 3.166330
256 0.500000 3.500000 0.050000 0.000000 0.233435 0.500000 3.116856
256 0.500000 3.500000 0.050000 0.000000 0.186373 -0.500000 3.067382
256 0.500000 3.500000 0.050000 0.000000 0.210223 0.500000 3.166330
256 0.500000 3.500000 0.050000 0.000000 0.119065 -0.500000 3.166330
256 0.500000 3.500000 0.050000 0.000000 0.143606 0.500000 3.166330
256 0.500000 3.500000 0.050000 0.000000 0.197108 -0.500000 3.116856
256 0.500000 3.500000 0.050000 0.000000 0.189140 0.500000 3.166330
256 0.500000 3.500000 0.050000 0.000000 0.133075 0.500000 3.166330
256 0.500000 3.500000 0.050000 0.000000 0.111932 -0.500000 3.166330
256 0.500000 3.500000 0.050000 0.000000 0.230793 0.500000 3.166330
256 0.500000 3.500000 0.050000 0.000000 0.248110 0.500000 3.166330
256 0.500000 3.500000 0.050000 0.000000 0.211066 0.500000 3.166330
256 0.500000 3.500000 0.050000 0.000000 0.234398 -0.500000 3.166330
256 0.500000 3.500000 0.050000 0.000000 0.194046 0.500000 3.116856
256 0.500000 3.500000 0.050000 0.000000 0.231035 0.500000 3.215804
256 0.500000 3.500000 0.050000 0.000000 0.185332 0.500000 3.215804
256 0.500000 3.500000 0.050000 0.000000 0.239184 0.500000 3.116856
256 0.500000 3.500000 0.050000 0.000000 0.217376 0.500000 3.116856
256 0.500000 3.500000 0.050000 0.000000 0.096635 0.500000 3.116856
256 0.500000 3.500000 0.050000 0.000000 0.187576 0.500000 3.116856
256 0.500000 3.500000 0.050000 0.000000 0.193531 0.500000 3.116856
256 0.500000 3.500000 0.050000 0.000000 0.224855 0.500000 3.116856
256 0.500000 3.500000 0.050000 0.000000 0.216500 0.500000 3.215804
256 0.500000 3.500000 0.050000 0.000000 0.222503 0.500000 3.116856
256 0.500000 3.500000 0.050000 0.000000 0.186513 -0.500000 3.067382
256 0.500000 3.500000 0.050000 0.000000 0.194074 0.500000 3.265277
256 0.500000 3.500000 0.050000 0.000000 0.187217 0.500000 3.067382
256 0.500000 3.500000 0.050000 0.000000 0.227384 -0.500000 3.116856
256 0.500000 3.500000 0.050000 0.000000 0.192369 -0.500000 3.067382
256 0.500000 3.500000 0.050000 0.000000 0.224207 0.500000 3.166330
256 0.500000 3.500000 0.050000 0.000000 0.187047 0.500000 3.116856
256 0.500000 3.500000 0.050000 0.000000 0.163695 0.500000 3.067382
256 0.500000 3.500000 0.050000 0.000000 0.218452 0.500000 3.166330
256 0.500000 3.500000 0.050000 0.000000 0.181431 0.500000 3.067382
256 0.500000 3.500000 0.050000 0.000000 0.248499 0.500000 3.166330
256 0.500000 3.500000 0.050000 0.000000 0.181795 0.500000 3.116856
256 0.500000 3.500000 0.050000 0.000000 0.124269 0.500000 3.017908
256 0.500000 3.500000 0.050000 0.000000 0.175141 0.500000 3.166330
256 0.500000 3.500000 0.050000 0.000000 0.197180 0.500000 3.166330
256 0.500000 3.500000 0.050000 0.000000 0.158210 -0.500000 3.067382
256 0.500000 3.500000 0.050000 0.000000 0.239898 0.500000 3.166330
256 0.500000 3.500000 0.050000 0.000000 0.187674 0.500000 3.067382
256 0.500000 3.500000 0.050000 0.000000 0.253737 0.500000 3.215804
256 0.500000 3.500000 0.050000 0.000000 0.229380 0.500000 3.116856
256 0.500000 3.500000 0.050000 0.000000 0.283463 0.500000 3.166330
256 0.500000 3.500000 0.050000 0.000000 0.245594 0.500000 3.116856
256 0.500000 3.500000 0.050000 0.000000 0.203853 0.500000 3.215804
256 0.500000 3.500000 0.050000 0.000000 0.257010 0.500000 3.166330
256 0.500000 3.500000 0.050000 0.000000 0.231953 0.500000 3.166330
256 0.500000 3.500000 0.050000 0.000000 0.238199 0.500000 3.166330
256 0.500000 3.500000 0.050000 0.000000 0.238191 0.500000 3.166330
256 0.500000 3.500000 0.050000 0.000000 0.201384 0.500000 3.166330
256 0.500000 3.500000 0.050000 0.000000 0.203725 0.500000 3.166330
256 0.500000 3.500000 0.050000 0.000000 0.191096 0.500000 3.067382
256 0.500000 3.500000 0.050000 0.000000 0.244147 0.500000 3.166330
256 0.500000 3.500000 0.050000 0.000000 0.158752 0.500000 3.166330
256 0.500000 3.500000 0.050000 0.000000 0.172656 0.500000 3.116856
256 0.500000 3.500000 0.050000 0.000000 0.192494 0.500000 3.067382
256 0.500000 3.500000 0.050000 0.000000 0.204221 0.500000 3.166330
256 0.500000 3.500000 0.050000 0.000000 0.201561 -0.500000 3.017908
256 0.500000 3.500000 0.050000 0.000000 0.210109 0.500000 3.166330
256 0.500000 3.500000 0.050000 0.000000 0.230830 0.500000 3.067382
256 0.500000 3.500000 0.050000 0.000000 0.209763 0.500000 3.067382
256 0.500000 3.500000 0.050000 0.000000 0.279616 0.500000 3.166330
256 0.500000 3.500000 0.050000 0.000000 0.218022 0.500000 3.166330
256 0.500000 3.500000 0.050000 0.000000 0.209643 0.500000 3.166330
256 0.500000 3.500000 0.050000 0.000000 0.218966 0.500000 3.166330
256 0.500000 3.500000 0.050000 0.000000 0.246391 0.500000 3.166330
256 0.500000 3.500000 0.050000 0.000000 0.231576 0.500000 3.166330
256 0.500000 3.500000 0.050000 0.000000 0.132342 -0.500000 3.116856
256 0.500000 3.500000 0.050000 0.000000 0.223818 0.500000 3.116856
256 0.500000 3.500000 0.050000 0.000000 0.210321 0.500000 3.116856
256 0.500000 3.500000 0.050000 0.000000 0.226561 -0.500000 3.116856
256 0.500000 3.500000 0.050000 0.000000 0.178425 0.500000 3.166330
256 0.500000 3.500000 0.050000 0.000000 0.202050 0.500000 3.067382
256 0.500000 3.500000 0.050000 0.000000 0.149082 0.500000 3.166330
256 0.500000 3.500000 0.050000 0.000000 0.163883 -0.500000 3.067382
256 0.500000 3.500000 0.050000 0.000000 0.238426 0.500000 3.166330
256 0.500000 3.500000 0.050000 0.000000 0.119611 0.500000 3.116856
256 0.500000 3.500000 0.050000 0.000000 0.235219 0.500000 3.166330
256 0.500000 3.500000 0.050000 0.000000 0.245834 0.500000 3.166330
256 0.500000 3.500000 0.050000 0.000000 0.171069 0.500000 3.166330
256 0.500000 3.500000 0.050000 0.000000 0.235976 -0.500000 3.166330
256 0.500000 3.500000 0.050000 0.000000 0.165618 0.500000 3.116856
256 0.500000 3.500000 0.050000 0.000000 0.179177 0.500000 3.067382
256 0.500000 3.500000 0.050000 0.000000 0.226165 -0.500000 3.166330
256 0.500000 3.500000 0.050000 0.000000 0.147029 -0.500000 3.067382
256 0.500000 3.500000 0.050000 0.000000 0.148319 0.500000 3.017908
256 0.500000 3.500000 0.050000 0.000000 0.233858 -0.500000 3.166330
256 0.500000 3.500000 0.050000 0.000000 0.248400 0.500000 3.116856
256 0.500000 3.500000 0.050000 0.000000 0.210758 0.500000 3.166330
256 0.500000 3.500000 0.050000 0.000000 0.179032 0.500000 3.067382
256 0.500000 3.500000 0.050000 0.000000 0.266199 0.500000 3.166330
256 0.500000 3.500000 0.050000 0.000000 0.225743 0.500000 3.116856
256 0.500000 3.500000 0.050000 0.000000 0.192557 0.500000 3.067382
256 0.500000 3.500000 0.050000 0.000000 0.182071 0.500000 3.215804
256 0.500000 3.500000 0.050000 0.000000 0.229624 0.500000 3.215804
256 0.500000 3.500000 0.050000 0.000000 0.193440 0.500000 3.067382
256 0.500000 3.500000 0.050000 0.000000 0.102395 0.500000 3.166330
256 0.500000 3.500000 0.050000 0.000000 0.224932 0.500000 3.116856
256 0.500000 3.500000 0.050000 0.000000 0.244908 0.500000 3.166330
256 0.500000 3.500000 0.050000 0.000000 0.224720 0.500000 3.166330
256 0.500000 3.500000 0.050000 0.000000 0.156969 0.500000 3.265277
256 0.500000 3.500000 0.050000 0.000000 0.087426 0.500000 3.265277
256 0.500000 3.500000 0.050000 0.000000 0.211265 0.500000 3.116856
256 0.500000 3.500000 0.050000 0.000000 0.217688 0.500000 3.166330
256 0.500000 3.500000 0.050000 0.000000 0.238619 0.500000 3.166330
256 0.500000 3.500000 0.050000 0.000000 0.183884 0.500000 3.215804
256 0.500000 3.500000 0.050000 0.000000 0.184689 0.500000 3.067382
256 0.500000 3.500000 0.050000 0.000000 0.164033 -0.500000 3.166330
256 0.500000 3.500000 0.050000 0.000000 0.183786 0.500000 3.116856
256 0.500000 3.500000 0.050000 0.000000 0.245450 0.500000 3.166330
256 0.500000 3.500000 0.050000 0.000000 0.209935 -0.500000 3.166330
256 0.500000 3.500000 0.050000 0.000000 0.237964 0.500000 3.166330
256 0.500000 3.500000 0.050000 0.000000 0.189501 0.500000 3.116856
256 0.500000 3.500000 0.050000 0.000000 0.193782 0.500000 3.116856
256 0.500000 3.500000 0.050000 0.000000 0.218686 -0.500000 3.116856
256 0.500000 3.500000 0.050000 0.000000 0.216871 0.500000 3.166330
256 0.500000 3.500000 0.050000 0.000000 0.194198 0.500000 3.067382
256 0.500000 3.500000 0.050000 0.000000 0.239978 0.500000 3.166330
256 0.500000 3.500000 0.050000 0.000000 0.283291 0.500000 3.166330
256 0.500000 3.500000 0.050000 0.000000 0.223803 0.500000 3.116856
256 0.500000 3.500000 0.050000 0.000000 0.247357 0.500000 3.166330
256 0.500000 3.500000 0.050000 0.000000 0.219203 0.500000 3.116856
256 0.500000 3.500000 0.050000 0.000000 0.192558 0.500000 3.116856
256 0.500000 3.500000 0.050000 0.000000 0.150997 0.500000 3.166330
256 0.500000 3.500000 0.050000 0.000000 0.246089 0.500000 3.166330
256 0.500000 3.500000 0.050000 0.000000 0.180153 0.500000 3.067382
256 0.500000 3.500000 0.050000 0.000000 0.248107 0.500000 3.116856
256 0.500000 3.500000 0.050000 0.000000 0.277542 0.500000 3.166330
256 0.500000 3.500000 0.050000 0.000000 0.230899 0.500000 3.166330
256 0.500000 3.500000 0.050000 0.000000 0.127230 0.500000 3.166330
256 0.500000 3.500000 0.050000 0.000000 0.181727 0.500000 3.116856
256 0.500000 3.500000 0.050000 0.000000 0.186186 0.500000 3.166330
256 0.500000 3.500000 0.050000 0.000000 0.233988 0.500000 3.116856
256 0.500000 3.500000 0.050000 0.000000 0.231573 0.500000 3.166330
256 0.500000 3.500000 0.050000 0.000000 0.139553 -0.500000 3.116856
256 0.500000 3.500000 0.050000 0.000000 0.278064 0.500000 3.166330
256 0.500000 3.500000 0.050000 0.000000 0.219235 0.500000 3.116856
256 0.500000 3.500000 0.050000 0.000000 0.220792 0.500000 3.116856
256 0.500000 3.500000 0.050000 0.000000 0.218843 0.500000 3.166330
256 0.500000 3.500000 0.050000 0.000000 0.178934 0.500000 3.067382
256 0.500000 3.500000 0.050000 0.000000 0.170515 0.500000 3.166330
256 0.500000 3.500000 0.050000 0.000000 0.171273 -0.500000 3.116856
256 0.500000 3.500000 0.050000 0.000000 0.193807 0.500000 3.116856
256 0.500000 3.500000 0.050000 0.000000 0.232808 0.500000 3.166330
256 0.500000 3.500000 0.050000 0.000000 0.275123 0.500000 3.166330
256 0.500000 3.500000 0.050000 0.000000 0.309174 0.500000 3.166330
256 0.500000 3.500000 0.050000 0.000000 0.216629 0.500000 3.116856
256 0.500000 3.500000 0.050000 0.000000 0.086082 0.500000 2.968434
256 0.500000 3.500000 0.050000 0.000000 0.177696 0.500000 3.067382
256 0.500000 3.500000 0.050000 0.000000 0.185004 -0.500000 3.116856
256 0.500000 3.500000 0.050000 0.000000 0.157740 0.500000 3.067382
256 0.500000 3.500000 0.050000 0.000000 0.210134 -0.500000 3.166330
256 0.500000 3.500000 0.050000 0.000000 0.164374 0.500000 3.166330
256 0.500000 3.500000 0.050000 0.000000 0.284031 0.500000 3.166330
256 0.500000 3.500000 0.050000 0.000000 0.232359 0.500000 3.166330
256 0.500000 3.500000 0.050000 0.000000 0.141382 0.500000 3.067382
256 0.500000 3.500000 0.050000 0.000000 0.171192 -0.500000 3.116856
256 0.500000 3.500000 0.050000 0.000000 0.182356 0.500000 3.166330
256 0.500000 3.500000 0.050000 0.000000 0.227100 0.500000 3.116856
256 0.500000 3.500000 0.050000 0.000000 0.255329 0.500000 3.116856
256 0.500000 3.500000 0.050000 0.000000 0.253495 0.500000 3.116856
256 0.500000 3.500000 0.050000 0.000000 0.234756 0.500000 3.116856
256 0.500000 3.500000 0.050000 0.000000 0.185774 0.500000 3.166330
256 0.500000 3.500000 0.050000 0.000000 0.166598 0.500000 3.166330
256 0.500000 3.500000 0.050000 0.000000 0.220714 0.500000 3.215804
256 0.500000 3.500000 0.050000 0.000000 0.241478 0.500000 3.116856
256 0.500000 3.500000 0.050000 0.000000 0.216749 0.500000 3.215804
256 0.500000 3.500000 0.050000 0.000000 0.165514 0.500000 3.067382
256 0.500000 3.500000 0.050000 0.000000 0.195063 0.500000 3.116856
256 0.500000 3.500000 0.050000 0.000000 0.217003 0.500000 3.166330
256 0.500000 3.500000 0.050000 0.000000 0.184041 -0.500000 3.166330
256 0.500000 3.500000 0.050000 0.000000 0.177356 0.500000 2.968434
256 0.500000 3.500000 0.050000 0.000000 0.200632 0.500000 3.116856
256 0.500000 3.500000 0.050000 0.000000 0.186682 0.500000 3.067382
256 0.500000 3.500000 0.050000 0.000000 0.200249 0.500000 3.067382
256 0.500000 3.500000 0.050000 0.000000 0.271033 0.500000 3.166330
256 0.500000 3.500000 0.050000 0.000000 0.224980 0.500000 3.116856
256 0.500000 3.500000 0.050000 0.000000 0.234030 0.500000 3.116856
256 0.500000 3.500000 0.050000 0.000000 0.185972 -0.500000 3.116856
256 0.500000 3.500000 0.050000 0.000000 0.217551 0.500000 3.166330
256 0.500000 3.500000 0.050000 0.000000 0.257058 0.500000 3.166330
256 0.500000 3.500000 0.050000 0.000000 0.211563 0.500000 3.215804
256 0.500000 3.500000 0.050000 0.000000 0.266428 0.500000 3.166330
256 0.500000 3.500000 0.050000 0.000000 0.204749 -0.500000 3.215804
256 0.500000 3.500000 0.050000 0.000000 0.225371 0.500000 3.116856
256 0.500000 3.500000 0.050000 0.000000 0.233543 0.500000 3.116856
256 0.500000 3.500000 0.050000 0.000000 0.222669 0.500000 3.166330
256 0.500000 3.500000 0.050000 0.000000 0.141743 0.500000 3.166330
256 0.500000 3.500000 0.050000 0.000000 0.186351 0.500000 3.067382
256 0.500000 3.500000 0.050000 0.000000 0.141145 0.500000 3.017908
256 0.500000 3.500000 0.050000 0.000000 0.220154 0.500000 3.166330
256 0.500000 3.500000 0.050000 0.000000 0.125720 0.500000 3.067382
256 0.500000 3.500000 0.050000 0.000000 0.216345 0.500000 3.116856
256 0.500000 3.500000 0.050000 0.000000 0.163528 -0.500000 3.166330
256 0.500000 3.500000 0.050000 0.000000 0.226824 0.500000 3.166330
256 0.500000 3.500000 0.050000 0.000000 0.208080 0.500000 3.116856
256 0.500000 3.500000 0.050000 0.000000 0.209282 0.500000 3.166330
256 0.500000 3.500000 0.050000 0.000000 0.194284 0.500000 3.116856
256 0.500000 3.500000 0.050000 0.000000 0.210063 -0.500000 3.166330
256 0.500000 3.500000 0.050000 0.000000 0.263902 0.500000 3.166330
256 0.500000 3.500000 0.050000 0.000000 0.176236 0.500000 3.166330
256 0.500000 3.500000 0.050000 0.000000 0.203774 0.500000 3.166330
256 0.500000 3.500000 0.050000 0.000000 0.225696 0.500000 3.166330
256 0.500000 3.500000 0.050000 0.000000 0.207708 0.500000 3.166330
256 0.500000 3.500000 0.050000 0.000000 0.263153 0.500000 3.166330
256 0.500000 3.500000 0.050000 0.000000 0.184592 0.500000 3.067382
256 0.500000 3.500000 0.050000 0.000000 0.218648 0.500000 3.166330
256 0.500000 3.500000 0.050000 0.000000 0.202233 -0.500000 3.116856
256 0.500000 3.500000 0.050000 0.000000 0.142912 0.500000 3.116856
256 0.500000 3.500000 0.050000 0.000000 0.194396 0.500000 3.166330
256 0.500000 3.500000 0.050000 0.000000 0.187532 0.500000 3.265277
256 0.500000 3.500000 0.050000 0.000000 0.202865 0.500000 3.116856
256 0.500000 3.500000 0.050000 0.000000 0.226188 -0.500000 3.116856
256 0.500000 3.500000 0.050000 0.000000 0.231276 0.500000 3.116856
256 0.500000 3.500000 0.050000 0.000000 0.164510 0.500000 3.067382
256 0.500000 3.500000 0.050000 0.000000 0.172032 0.500000 3.116856
256 0.500000 3.500000 0.050000 0.000000 0.277729 0.500000 3.166330
256 0.500000 3.500000 0.050000 0.000000 0.212055 0.500000 3.116856
256 0.500000 3.500000 0.050000 0.000000 0.203944 0.500000 3.116856
256 0.500000 3.500000 0.050000 0.000000 0.199018 0.500000 3.116856
256 0.500000 3.500000 0.050000 0.000000 0.216830 0.500000 3.166330
256 0.500000 3.500000 0.050000 0.000000 0.118824 -0.500000 3.166330
256 0.500000 3.500000 0.050000 0.000000 0.231657 0.500000 3.166330
256 0.500000 3.500000 0.050000 0.000000 0.276769 0.500000 3.166330
256 0.500000 3.500000 0.050000 0.000000 0.163560 -0.500000 3.116856
256 0.500000 3.500000 0.050000 0.000000 0.216767 0.500000 3.116856
256 0.500000 3.500000 0.050000 0.000000 0.231511 0.500000 3.116856
256 0.500000 3.500000 0.050000 0.000000 0.244115 0.500000 3.166330
256 0.500000 3.500000 0.050000 0.000000 0.227290 0.500000 3.166330
256 0.500000 3.500000 0.050000 0.000000 0.167323 -0.500000 3.166330
256 0.500000 3.500000 0.050000 0.000000 0.216780 0.500000 3.116856
256 0.500000 3.500000 0.050000 0.000000 0.181342 0.500000 3.265277
256 0.500000 3.500000 0.050000 0.000000 0.194873 0.500000 3.116856
256 0.500000 3.500000 0.050000 0.000000 0.171600 0.500000 3.067382
256 0.500000 3.500000 0.050000 0.000000 0.224614 0.500000 3.116856
256 0.500000 3.500000 0.050000 0.000000 0.271236 0.500000 3.166330
256 0.500000 3.500000 0.050000 0.000000 0.217586 0.500000 3.166330
256 0.500000 3.500000 0.050000 0.000000 0.187285 0.500000 3.116856
256 0.500000 3.500000 0.050000 0.000000 0.171810 -0.500000 3.067382
256 0.500000 3.500000 0.050000 0.000000 0.245767 0.500000 3.166330
256 0.500000 3.500000 0.050000 0.000000 0.243183 0.500000 3.166330
256 0.500000 3.500000 0.050000 0.000000 0.230847 0.500000 3.116856
256 0.500000 3.500000 0.050000 0.000000 0.224956 0.500000 3.116856
256 0.500000 3.500000 0.050000 0.000000 0.149613 -0.500000 3.166330
256 0.500000 3.500000 0.050000 0.000000 0.216316 0.500000 3.166330
256 0.500000 3.500000 0.050000 0.000000 0.193659 0.500000 3.116856
256 0.500000 3.500000 0.050000 0.000000 0.224050 0.500000 3.116856
256 0.500000 3.500000 0.050000 0.000000 0.227955 0.500000 3.166330
256 0.500000 3.500000 0.050000 0.000000 0.138669 0.500000 3.166330
256 0.500000 3.500000 0.050000 0.000000 0.178377 -0.500000 3.067382
256 0.500000 3.500000 0.050000 0.000000 0.224745 0.500000 3.116856
256 0.500000 3.500000 0.050000 0.000000 0.220614 0.500000 3.116856
256 0.500000 3.500000 0.050000 0.000000 0.203728 -0.500000 3.166330
256 0.500000 3.500000 0.050000 0.000000 0.222694 -0.500000 3.116856
256 0.500000 3.500000 0.050000 0.000000 0.126220 -0.500000 3.314751
256 0.500000 3.500000 0.050000 0.000000 0.131920 0.500000 3.017908
256 0.500000 3.500000 0.050000 0.000000 0.188087 0.500000 3.116856
256 0.500000 3.500000 0.050000 0.000000 0.217384 0.500000 3.166330
256 0.500000 3.500000 0.050000 0.000000 0.194106 0.500000 3.067382
256 0.500000 3.500000 0.050000 0.000000 0.248727 0.500000 3.166330
256 0.500000 3.500000 0.050000 0.000000 0.183697 -0.500000 3.215804
256 0.500000 3.500000 0.050000 0.000000 0.270055 0.500000 3.166330
256 0.500000 3.500000 0.050000 0.000000 0.232654 0.500000 3.166330
256 0.500000 3.500000 0.050000 0.000000 0.277870 0.500000 3.166330
256 0.500000 3.500000 0.050000 0.000000 0.246156 0.500000 3.215804
256 0.500000 3.500000 0.050000 0.000000 0.225835 0.500000 3.166330
256 0.500000 3.500000 0.050000 0.000000 0.201923 0.500000 3.166330
256 0.500000 3.500000 0.050000 0.000000 0.163677 0.500000 3.017908
256 0.500000 3.500000 0.050000 0.000000 0.290021 -0.500000 3.166330
256 0.500000 3.500000 0.050000 0.000000 0.208792 0.500000 3.116856
256 0.500000 3.500000 0.050000 0.000000 0.241865 0.500000 3.166330
256 0.500000 3.500000 0.050000 0.000000 0.172960 0.500000 3.067382
256 0.500000 3.500000 0.050000 0.000000 0.253499 0.500000 3.166330
256 0.500000 3.500000 0.050000 0.000000 0.160421 -0.500000 3.017908
256 0.500000 3.500000 0.050000 0.000000 0.185505 -0.500000 3.067382
256 0.500000 3.500000 0.050000 0.000000 0.215650 0.500000 3.116856
256 0.500000 3.500000 0.050000 0.000000 0.210697 0.500000 3.116856
256 0.500000 3.500000 0.050000 0.000000 0.206871 0.500000 3.116856
256 0.500000 3.500000 0.050000 0.000000 0.240181 0.500000 3.116856
256 0.500000 3.500000 0.050000 0.000000 0.206601 0.500000 3.116856
256 0.500000 3.500000 0.050000 0.000000 0.182423 0.500000 3.166330
256 0.500000 3.500000 0.050000 0.000000 0.269674 -0.500000 3.166330
256 0.500000 3.500000 0.050000 0.000000 0.219419 0.500000 3.116856
256 0.500000 3.500000 0.050000 0.000000 0.235895 0.500000 3.116856
256 0.500000 3.500000 0.050000 0.000000 0.172935 0.500000 3.116856
256 0.500000 3.500000 0.050000 0.000000 0.198672 -0.500000 3.166330
256 0.500000 3.500000 0.050000 0.000000 0.215800 0.500000 3.166330
256 0.500000 3.500000 0.050000 0.000000 0.193071 0.500000 3.116856
256 0.500000 3.500000 0.050000 0.000000 0.155963 -0.500000 3.166330
256 0.500000 3.500000 0.050000 0.000000 0.202797 -0.500000 3.166330
256 0.500000 3.500000 0.050000 0.000000 0.116456 0.500000 3.067382
256 0.500000 3.500000 0.050000 0.000000 0.210578 0.500000 3.116856
256 0.500000 3.500000 0.050000 0.000000 0.194228 0.500000 3.116856
256 0.500000 3.500000 0.050000 0.000000 0.245292 0.500000 3.215804
256 0.500000 3.500000 0.050000 0.000000 0.224118 0.500000 3.116856
256 0.500000 3.500000 0.050000 0.000000 0.198532 -0.500000 3.166330
256 0.500000 3.500000 0.050000 0.000000 0.195166 0.500000 3.116856
256 0.500000 3.500000 0.050000 0.000000 0.201245 0.500000 3.116856
256 0.500000 3.500000 0.050000 0.000000 0.246760 0.500000 3.166330
256 0.500000 3.500000 0.050000 0.000000 0.194264 0.500000 3.215804
256 0.500000 3.500000 0.050000 0.000000 0.106378 0.500000 2.918960
256 0.500000 3.500000 0.050000 0.000000 0.194134 -0.500000 3.067382
256 0.500000 3.500000 0.050000 0.000000 0.124286 0.500000 3.116856
256 0.500000 3.500000 0.050000 0.000000 0.211842 0.500000 3.116856
256 0.500000 3.500000 0.050000 0.000000 0.222601 0.500000 3.166330
256 0.500000 3.500000 0.050000 0.000000 0.133680 -0.500000 3.017908
256 0.500000 3.500000 0.050000 0.000000 0.224210 0.500000 3.166330
256 0.500000 3.500000 0.050000 0.000000 0.231838 0.500000 3.166330
256 0.500000 3.500000 0.050000 0.000000 0.217332 -0.500000 3.166330
256 0.500000 3.500000 0.050000 0.000000 0.176582 0.500000 3.166330
256 0.500000 3.500000 0.050000 0.000000 0.243687 0.500000 3.116856
256 0.500000 3.500000 0.050000 0.000000 0.254160 -0.500000 3.166330
256 0.500000 3.500000 0.050000 0.000000 0.222938 -0.500000 3.116856
256 0.500000 3.500000 0.050000 0.000000 0.210412 -0.500000 3.116856
256 0.500000 3.500000 0.050000 0.000000 0.217544 -0.500000 3.116856
256 0.500000 3.500000 0.050000 0.000000 0.225493 0.500000 3.166330
256 0.500000 3.500000 0.050000 0.000000 0.189744 -0.500000 3.265277
256 0.500000 3.500000 0.050000 0.000000 0.158611 0.500000 3.166330
256 0.500000 3.500000 0.050000 0.000000 0.246544 0.500000 3.116856
256 0.500000 3.500000 0.050000 0.000000 0.191961 0.500000 3.166330
256 0.500000 3.500000 0.050000 0.000000 0.217817 -0.500000 3.116856
256 0.500000 3.500000 0.050000 0.000000 0.163886 -0.500000 3.215804
256 0.500000 3.500000 0.050000 0.000000 0.214209 0.500000 3.116856
256 0.500000 3.500000 0.050000 0.000000 0.181095 -0.500000 3.067382
256 0.500000 3.500000 0.050000 0.000000 0.246681 0.500000 3.116856
256 0.500000 3.500000 0.050000 0.000000 0.172692 0.500000 3.116856
256 0.500000 3.500000 0.050000 0.000000 0.194861 0.500000 3.166330
256 0.500000 3.500000 0.050000 0.000000 0.165027 -0.500000 3.067382
256 0.500000 3.500000 0.050000 0.000000 0.179966 0.500000 3.116856
256 0.500000 3.500000 0.050000 0.000000 0.230651 0.500000 3.116856
256 0.500000 3.500000 0.050000 0.000000 0.185597 0.500000 3.017908
256 0.500000 3.500000 0.050000 0.000000 0.231544 0.500000 3.116856
256 0.500000 3.500000 0.050000 0.000000 0.177125 0.500000 3.166330
256 0.500000 3.500000 0.050000 0.000000 0.110161 0.500000 3.116856
256 0.500000 3.500000 0.050000 0.000000 0.191859 0.500000 3.067382
256 0.500000 3.500000 0.050000 0.000000 0.212651 0.500000 3.166330
256 0.500000 3.500000 0.050000 0.000000 0.165338 0.500000 3.116856
256 0.500000 3.500000 0.050000 0.000000 0.208688 0.500000 3.166330
256 0.500000 3.500000 0.050000 0.000000 0.237947 0.500000 3.215804
256 0.500000 3.500000 0.050000 0.000000 0.209491 0.500000 3.166330
256 0.500000 3.500000 0.050000 0.000000 0.245732 0.500000 3.166330
256 0.500000 3.500000 0.050000 0.000000 0.178970 0.500000 3.116856
256 0.500000 3.500000 0.050000 0.000000 0.240349 -0.500000 3.166330
256 0.500000 3.500000 0.050000 0.000000 0.208433 0.500000 3.116856
256 0.500000 3.500000 0.050000 0.000000 0.224616 0.500000 3.116856
256 0.500000 3.500000 0.050000 0.000000 0.237361 0.500000 3.116856
256 0.500000 3.500000 0.050000 0.000000 0.232358 -0.500000 3.067382
256 0.500000 3.500000 0.050000 0.000000 0.191529 0.500000 3.166330
256 0.500000 3.500000 0.050000 0.000000 0.282698 0.500000 3.166330
256 0.500000 3.500000 0.050000 0.000000 0.233276 0.500000 3.116856
256 0.500000 3.500000 0.050000 0.000000 0.270243 0.500000 3.166330
256 0.500000 3.500000 0.050000 0.000000 0.116098 0.500000 2.968434
256 0.500000 3.500000 0.050000 0.000000 0.245943 0.500000 3.166330
256 0.500000 3.500000 0.050000 0.000000 0.164418 0.500000 3.116856
256 0.500000 3.500000 0.050000 0.000000 0.235083 0.500000 3.116856
256 0.500000 3.500000 0.050000 0.000000 0.270874 0.500000 3.166330
256 0.500000 3.500000 0.050000 0.000000 0.252966 0.500000 3.166330
256 0.500000 3.500000 0.050000 0.000000 0.253347 0.500000 3.166330
256 0.500000 3.500000 0.050000 0.000000 0.209324 0.500000 3.116856
256 0.500000 3.500000 0.050000 0.000000 0.186163 -0.500000 3.166330
256 0.500000 3.500000 0.050000 0.000000 0.238680 0.500000 3.116856
256 0.500000 3.500000 0.050000 0.000000 0.290883 0.500000 3.166330
256 0.500000 3.500000 0.050000 0.000000 0.233464 0.500000 3.166330
256 0.500000 3.500000 0.050000 0.000000 0.126437 0.500000 3.067382
256 0.500000 3.500000 0.050000 0.000000 0.178377 0.500000 3.265277
256 0.500000 3.500000 0.050000 0.000000 0.226448 -0.500000 3.166330
256 0.500000 3.500000 0.050000 0.000000 0.166275 0.500000 3.067382
256 0.500000 3.500000 0.050000 0.000000 0.208807 0.500000 3.166330
256 0.500000 3.500000 0.050000 0.000000 0.195588 0.500000 3.166330
256 0.500000 3.500000 0.050000 0.000000 0.224407 0.500000 3.116856
256 0.500000 3.500000 0.050000 0.000000 0.145171 0.500000 3.017908
256 0.500000 3.500000 0.050000 0.000000 0.189338 0.500000 3.265277
256 0.500000 3.500000 0.050000 0.000000 0.233249 0.500000 3.166330
256 0.500000 3.500000 0.050000 0.000000 0.141294 -0.500000 3.116856
256 0.500000 3.500000 0.050000 0.000000 0.222068 0.500000 3.166330
256 0.500000 3.500000 0.050000 0.000000 0.199513 0.500000 3.166330
256 0.500000 3.500000 0.050000 0.000000 0.192501 0.500000 3.166330
256 0.500000 3.500000 0.050000 0.000000 0.219037 0.500000 3.166330
256 0.500000 3.500000 0.050000 0.000000 0.197598 -0.500000 3.067382
256 0.500000 3.500000 0.050000 0.000000 0.217524 -0.500000 3.166330
256 0.500000 3.500000 0.050000 0.000000 0.202034 0.500000 3.265277
256 0.500000 3.500000 0.050000 0.000000 0.164172 0.500000 3.166330
256 0.500000 3.500000 0.050000 0.000000 0.210417 0.500000 3.215804
256 0.500000 3.500000 0.050000 0.000000 0.180285 0.500000 3.067382
256 0.500000 3.500000 0.050000 0.000000 0.079545 0.500000 3.265277
256 0.500000 3.500000 0.050000 0.000000 0.102122 -0.500000 2.968434
256 0.500000 3.500000 0.050000 0.000000 0.259611 0.500000 3.166330
256 0.500000 3.500000 0.050000 0.000000 0.197374 0.500000 3.166330
256 0.500000 3.500000 0.050000 0.000000 0.115303 0.500000 3.017908
256 0.500000 3.500000 0.050000 0.000000 0.193339 0.500000 3.067382
256 0.500000 3.500000 0.050000 0.000000 0.179911 0.500000 3.166330
256 0.500000 3.500000 0.050000 0.000000 0.202823 0.500000 3.166330
256 0.500000 3.500000 0.050000 0.000000 0.210471 0.500000 3.067382
256 0.500000 3.500000 0.050000 0.000000 0.213582 0.500000 3.116856
256 0.500000 3.500000 0.050000 0.000000 0.167949 0.500000 3.265277
256 0.500000 3.500000 0.050000 0.000000 0.218913 0.500000 3.116856
256 0.500000 3.500000 0.050000 0.000000 0.247245 0.500000 3.166330
256 0.500000 3.500000 0.050000 0.000000 0.140040 0.500000 3.166330
256 0.500000 3.500000 0.050000 0.000000 0.177649 0.500000 3.215804
256 0.500000 3.500000 0.050000 0.000000 0.268762 0.500000 3.166330
256 0.500000 3.500000 0.050000 0.000000 0.173733 0.500000 3.215804
256 0.500000 3.500000 0.050000 0.000000 0.174097 0.500000 3.067382
256 0.500000 3.500000 0.050000 0.000000 0.170595 0.500000 3.067382
256 0.500000 3.500000 0.050000 0.000000 0.235076 0.500000 3.116856
256 0.500000 3.500000 0.050000 0.000000 0.227217 0.500000 3.166330
256 0.500000 3.500000 0.050000 0.000000 0.206415 0.500000 3.166330
256 0.500000 3.500000 0.050000 0.000000 0.209603 0.500000 3.116856
256 0.500000 3.500000 0.050000 0.000000 0.180154 -0.500000 3.265277
256 0.500000 3.500000 0.050000 0.000000 0.130226 0.500000 3.067382
256 0.500000 3.500000 0.050000 0.000000 0.214019 0.500000 3.166330
256 0.500000 3.500000 0.050000 0.000000 0.199970 0.500000 3.166330
256 0.500000 3.500000 0.050000 0.000000 0.217744 0.500000 3.166330
256 0.500000 3.500000 0.050000 0.000000 0.196224 0.500000 3.116856
256 0.500000 3.500000 0.050000 0.000000 0.203097 0.500000 3.166330
256 0.500000 3.500000 0.050000 0.000000 0.186266 0.500000 3.265277
256 0.500000 3.500000 0.050000 0.000000 0.248311 -0.500000 3.166330
256 0.500000 3.500000 0.050000 0.000000 0.235547 0.500000 3.166330
256 0.500000 3.500000 0.050000 0.000000 0.194258 0.500000 3.067382
256 0.500000 3.500000 0.050000 0.000000 0.211992 0.500000 3.116856
256 0.500000 3.500000 0.050000 0.000000 0.244887 0.500000 3.166330
256 0.500000 3.500000 0.050000 0.000000 0.194578 0.500000 3.116856
256 0.500000 3.500000 0.050000 0.000000 0.211115 0.500000 3.067382
256 0.500000 3.500000 0.050000 0.000000 0.236647 0.500000 3.116856
256 0.500000 3.500000 0.050000 0.000000 0.211748 0.500000 3.166330
256 0.500000 3.500000 0.050000 0.000000 0.213729 0.500000 3.116856
256 0.500000 3.500000 0.050000 0.000000 0.147597 0.500000 3.166330
256 0.500000 3.500000 0.050000 0.000000 0.193168 0.500000 3.116856
256 0.500000 3.500000 0.050000 0.000000 0.149142 0.500000 2.968434
256 0.500000 3.500000 0.050000 0.000000 0.281646 0.500000 3.166330
256 0.500000 3.500000 0.050000 0.000000 0.170678 0.500000 3.067382
256 0.500000 3.500000 0.050000 0.000000 0.240188 0.500000 3.166330
256 0.500000 3.500000 0.050000 0.000000 0.155686 0.500000 3.166330
256 0.500000 3.500000 0.050000 0.000000 0.219158 0.500000 3.215804
256 0.500000 3.500000 0.050000 0.000000 0.225018 0.500000 3.116856
256 0.500000 3.500000 0.050000 0.000000 0.243314 -0.500000 3.166330
256 0.500000 3.500000 0.050000 0.000000 0.217332 0.500000 3.215804
256 0.500000 3.500000 0.050000 0.000000 0.178143 0.500000 3.116856
256 0.500000 3.500000 0.050000 0.000000 0.238498 0.500000 3.166330
256 0.500000 3.500000 0.050000 0.000000 0.171802 0.500000 3.017908
256 0.500000 3.500000 0.050000 0.000000 0.204617 0.500000 3.116856
256 0.500000 3.500000 0.050000 0.000000 0.149208 0.500000 3.116856
256 0.500000 3.500000 0.050000 0.000000 0.140720 0.500000 3.116856
256 0.500000 3.500000 0.050000 0.000000 0.216766 0.500000 3.116856
256 0.500000 3.500000 0.050000 0.000000 0.233133 0.500000 3.166330
256 0.500000 3.500000 0.050000 0.000000 0.239596 0.500000 3.166330
256 0.500000 3.500000 0.050000 0.000000 0.193509 0.500000 3.067382
256 0.500000 3.500000 0.050000 0.000000 0.200568 0.500000 3.116856
256 0.500000 3.500000 0.050000 0.000000 0.187128 0.500000 3.067382
256 0.500000 3.500000 0.050000 0.000000 0.250799 -0.500000 3.116856
256 0.500000 3.500000 0.050000 0.000000 0.180362 -0.500000 3.067382
256 0.500000 3.500000 0.050000 0.000000 0.289937 0.500000 3.166330
256 0.500000 3.500000 0.050000 0.000000 0.255506 -0.500000 3.116856
256 0.500000 3.500000 0.050000 0.000000 0.184106 0.500000 3.067382
256 0.500000 3.500000 0.050000 0.000000 0.185791 0.500000 3.067382
256 0.500000 3.500000 0.050000 0.000000 0.181800 0.500000 3.116856
256 0.500000 3.500000 0.050000 0.000000 0.213766 0.500000 3.067382
256 0.500000 3.500000 0.050000 0.000000 0.268736 0.500000 3.166330
256 0.500000 3.500000 0.050000 0.000000 0.275750 0.500000 3.166330
256 0.500000 3.500000 0.050000 0.000000 0.156972 0.500000 3.166330
256 0.500000 3.500000 0.050000 0.000000 0.169515 0.500000 3.166330
256 0.500000 3.500000 0.050000 0.000000 0.245211 0.500000 3.116856
256 0.500000 3.500000 0.050000 0.000000 0.232156 0.500000 3.215804
256 0.500000 3.500000 0.050000 0.000000 0.148762 0.500000 3.017908
256 0.500000 3.500000 0.050000 0.000000 0.219673 0.500000 3.116856
256 0.500000 3.500000 0.050000 0.000000 0.244653 0.500000 3.116856
256 0.500000 3.500000 0.050000 0.000000 0.207856 0.500000 3.067382
256 0.500000 3.500000 0.050000 0.000000 0.165095 0.500000 3.067382
256 0.500000 3.500000 0.050000 0.000000 0.217870 0.500000 3.166330
256 0.500000 3.500000 0.050000 0.000000 0.194166 0.500000 3.116856
256 0.500000 3.500000 0.050000 0.000000 0.229552 0.500000 3.116856
256 0.500000 3.500000 0.050000 0.000000 0.208631 0.500000 3.067382
256 0.500000 3.500000 0.050000 0.000000 0.192037 -0.500000 3.067382
256 0.500000 3.500000 0.050000 0.000000 0.190823 0.500000 3.116856
256 0.500000 3.500000 0.050000 0.000000 0.232483 0.500000 3.166330
256 0.500000 3.500000 0.050000 0.000000 0.270885 0.500000 3.166330
256 0.500000 3.500000 0.050000 0.000000 0.212443 0.500000 3.166330
256 0.500000 3.500000 0.050000 0.000000 0.185373 0.500000 3.017908
256 0.500000 3.500000 0.050000 0.000000 0.270497 0.500000 3.166330
256 0.500000 3.500000 0.050000 0.000000 0.195383 -0.500000 3.067382
256 0.500000 3.500000 0.050000 0.000000 0.240950 0.500000 3.166330
256 0.500000 3.500000 0.050000 0.000000 0.208793 -0.500000 3.166330
256 0.500000 3.500000 0.050000 0.000000 0.206088 0.500000 3.067382
256 0.500000 3.500000 0.050000 0.000000 0.219887 0.500000 3.116856
256 0.500000 3.500000 0.050000 0.000000 0.072936 0.500000 3.017908
256 0.500000 3.500000 0.050000 0.000000 0.186390 0.500000 3.166330
256 0.500000 3.500000 0.050000 0.000000 0.235514 0.500000 3.166330
256 0.500000 3.500000 0.050000 0.000000 0.159427 0.500000 3.017908
256 0.500000 3.500000 0.050000 0.000000 0.225187 -0.500000 3.116856
256 0.500000 3.500000 0.050000 0.000000 0.208855 -0.500000 3.166330
256 0.500000 3.500000 0.050000 0.000000 0.204915 -0.500000 3.215804
256 0.500000 3.500000 0.050000 0.000000 0.163610 0.500000 3.067382
256 0.500000 3.500000 0.050000 0.000000 0.233178 0.500000 3.166330
256 0.500000 3.500000 0.050000 0.000000 0.233160 -0.500000 3.116856
256 0.500000 3.500000 0.050000 0.000000 0.254272 -0.500000 3.166330
256 0.500000 3.500000 0.050000 0.000000 0.193730 0.500000 3.116856
256 0.500000 3.500000 0.050000 0.000000 0.287974 0.500000 3.166330
256 0.500000 3.500000 0.050000 0.000000 0.127665 0.500000 3.116856
256 0.500000 3.500000 0.050000 0.000000 0.186771 0.500000 3.166330
256 0.500000 3.500000 0.050000 0.000000 0.192213 0.500000 3.067382
256 0.500000 3.500000 0.050000 0.000000 0.177892 0.500000 3.067382
256 0.500000 3.500000 0.050000 0.000000 0.227647 0.500000 3.166330
256 0.500000 3.500000 0.050000 0.000000 0.239025 0.500000 3.116856
256 0.500000 3.500000 0.050000 0.000000 0.187287 -0.500000 3.067382
256 0.500000 3.500000 0.050000 0.000000 0.226038 0.500000 3.116856
256 0.500000 3.500000 0.050000 0.000000 0.225827 0.500000 3.166330
256 0.500000 3.500000 0.050000 0.000000 0.291059 -0.500000 3.166330
256 0.500000 3.500000 0.050000 0.000000 0.198453 0.500000 3.116856
256 0.500000 3.500000 0.050000 0.000000 0.156109 0.500000 3.265277
256 0.500000 3.500000 0.050000 0.000000 0.180214 0.500000 3.166330
256 0.500000 3.500000 0.050000 0.000000 0.140056 0.500000 3.067382
256 0.500000 3.500000 0.050000 0.000000 0.176076 0.500000 3.067382
256 0.500000 3.500000 0.050000 0.000000 0.205256 0.500000 3.067382
256 0.500000 3.500000 0.050000 0.000000 0.271199 -0.500000 3.166330
256 0.500000 3.500000 0.050000 0.000000 0.290509 0.500000 3.166330
256 0.500000 3.500000 0.050000 0.000000 0.147259 0.500000 3.166330
256 0.500000 3.500000 0.050000 0.000000 0.211105 0.500000 3.215804
256 0.500000 3.500000 0.050000 0.000000 0.249422 0.500000 3.166330
256 0.500000 3.500000 0.050000 0.000000 0.119566 0.500000 3.166330
256 0.500000 3.500000 0.050000 0.000000 0.169413 0.500000 3.067382
256 0.500000 3.500000 0.050000 0.000000 0.178880 -0.500000 3.116856
256 0.500000 3.500000 0.050000 0.000000 0.211479 0.500000 3.067382
256 0.500000 3.500000 0.050000 0.000000 0.172664 0.500000 3.166330
256 0.500000 3.500000 0.050000 0.000000 0.217697 0.500000 3.215804
256 0.500000 3.500000 0.050000 0.000000 0.180367 0.500000 3.067382
256 0.500000 3.500000 0.050000 0.000000 0.161334 0.500000 3.215804
256 0.500000 3.500000 0.050000 0.000000 0.241232 0.500000 3.166330
256 0.500000 3.500000 0.050000 0.000000 0.218581 0.500000 3.215804
256 0.500000 3.500000 0.050000 0.000000 0.219906 0.500000 3.116856
256 0.500000 3.500000 0.050000 0.000000 0.149827 -0.500000 3.067382
256 0.500000 3.500000 0.050000 0.000000 0.145763 0.500000 3.116856
256 0.500000 3.500000 0.050000 0.000000 0.139679 0.500000 3.017908
256 0.500000 3.500000 0.050000 0.000000 0.218040 0.500000 3.116856
256 0.500000 3.500000 0.050000 0.000000 0.186025 -0.500000 3.116856
256 0.500000 3.500000 0.050000 0.000000 0.226391 0.500000 3.116856
256 0.500000 3.500000 0.050000 0.000000 0.197692 0.500000 3.067382
