4 0.500000 3.500000 0.050000 0.000000 0.000000 0.000000 0.000000
4 0.500000 3.500000 0.050000 0.000000 0.423061 0.500000 6.283185
4 0.500000 3.500000 0.050000 0.000000 0.000000 0.337675 0.000000
4 0.500000 3.500000 0.050000 0.000000 0.000000 0.000000 0.000000
4 0.500000 3.500000 0.050000 0.000000 0.000000 0.000000 0.000000
4 0.500000 3.500000 0.050000 0.000000 0.000000 0.000000 0.000000
4 0.500000 3.500000 0.050000 0.000000 0.423061 0.500000 6.283185
4 0.500000 3.500000 0.050000 0.000000 0.000000 0.000000 0.000000
4 0.500000 3.500000 0.050000 0.000000 0.423061 0.500000 6.283185
4 0.500000 3.500000 0.050000 0.000000 0.000000 -0.341863 0.000000
4 0.500000 3.500000 0.050000 0.000000 0.423061 0.500000 6.283185
4 0.500000 3.500000 0.050000 0.000000 0.423061 0.500000 6.283185
4 0.500000 3.500000 0.050000 0.000000 0.000000 0.000000 0.000000
4 0.500000 3.500000 0.050000 0.000000 0.423061 -0.500000 6.283185
4 0.500000 3.500000 0.050000 0.000000 0.423061 0.500000 6.283185
4 0.500000 3.500000 0.050000 0.000000 0.000000 0.000000 0.000000
4 0.500000 3.500000 0.050000 0.000000 0.000000 -0.338895 0.000000
4 0.500000 3.500000 0.050000 0.000000 0.423061 0.500000 6.283185
4 0.500000 3.500000 0.050000 0.000000 0.000000 0.338007 0.000000
4 0.500000 3.500000 0.050000 0.000000 0.423061 0.500000 6.283185
4 0.500000 3.500000 0.050000 0.000000 0.000000 0.000000 0.000000
4 0.500000 3.500000 0.050000 0.000000 0.000000 -0.337755 0.000000
4 0.500000 3.500000 0.050000 0.000000 0.000000 -0.338877 0.000000
4 0.500000 3.500000 0.050000 0.000000 0.423061 0.500000 6.283185
4 0.500000 3.500000 0.050000 0.000000 0.423061 -0.500000 6.283185
4 0.500000 3.500000 0.050000 0.000000 0.000000 0.338542 0.000000
4 0.500000 3.500000 0.050000 0.000000 0.000000 0.000000 0.000000
4 0.500000 3.500000 0.050000 0.000000 0.000000 0.000000 0.000000
4 0.500000 3.500000 0.050000 0.000000 0.000000 0.000000 0.000000
4 0.500000 3.500000 0.050000 0.000000 0.423061 0.500000 6.283185
4 0.500000 3.500000 0.050000 0.000000 0.000000 0.000000 0.000000
4 0.500000 3.500000 0.050000 0.000000 0.000000 0.000000 0.000000
4 0.500000 3.500000 0.050000 0.000000 0.423061 0.500000 6.283185
4 0.500000 3.500000 0.050000 0.000000 0.000000 0.000000 0.000000
4 0.500000 3.500000 0.050000 0.000000 0.000000 0.000000 0.000000
4 0.500000 3.500000 0.050000 0.000000 0.000000 0.000000 0.000000
4 0.500000 3.500000 0.050000 0.000000 0.423061 0.500000 6.283185
4 0.500000 3.500000 0.050000 0.000000 0.000000 0.000000 0.000000
4 0.500000 3.500000 0.050000 0.000000 0.000000 0.000000 0.000000
4 0.500000 3.500000 0.050000 0.000000 0.423060 -0.500000 6.283185
4 0.500000 3.500000 0.050000 0.000000 0.000000 0.000000 0.000000
4 0.500000 3.500000 0.050000 0.000000 0.000000 0.000000 0.000000
4 0.500000 3.500000 0.050000 0.000000 0.000000 0.000000 0.000000
4 0.500000 3.500000 0.050000 0.000000 0.423061 0.500000 6.283185
4 0.500000 3.500000 0.050000 0.000000 0.000000 0.338710 0.000000
4 0.500000 3.500000 0.050000 0.000000 0.423061 0.500000 6.283185
4 0.500000 3.500000 0.050000 0.000000 0.000000 0.000000 0.000000
4 0.500000 3.500000 0.050000 0.000000 0.423061 -0.500000 6.283185
4 0.500000 3.500000 0.050000 0.000000 0.423061 0.500000 6.283185
4 0.500000 3.500000 0.050000 0.000000 0.423061 0.500000 6.283185
4 0.500000 3.500000 0.050000 0.000000 0.000000 0.000000 0.000000
4 0.500000 3.500000 0.050000 0.000000 0.423061 0.500000 6.283185
4 0.500000 3.500000 0.050000 0.000000 0.423061 0.500000 6.283185
4 0.500000 3.500000 0.050000 0.000000 0.000000 0.000000 0.000000
4 0.500000 3.500000 0.050000 0.000000 0.000000 0.000000 0.000000
4 0.500000 3.500000 0.050000 0.000000 0.423061 0.500000 6.283185
4 0.500000 3.500000 0.050000 0.000000 0.000000 0.000000 0.000000
4 0.500000 3.500000 0.050000 0.000000 0.000000 0.000000 0.000000
4 0.500000 3.500000 0.050000 0.000000 0.000000 0.000000 0.000000
4 0.500000 3.500000 0.050000 0.000000 0.000000 0.000000 0.000000
4 0.500000 3.500000 0.050000 0.000000 0.423061 0.500000 6.283185
4 0.500000 3.500000 0.050000 0.000000 0.423061 0.500000 6.283185
4 0.500000 3.500000 0.050000 0.000000 0.000000 0.000000 0.000000
4 0.500000 3.500000 0.050000 0.000000 0.000000 0.000000 0.000000
4 0.500000 3.500000 0.050000 0.000000 0.000000 0.000000 0.000000
4 0.500000 3.500000 0.050000 0.000000 0.000000 0.000000 0.000000
4 0.500000 3.500000 0.050000 0.000000 0.423060 0.500000 6.283185
4 0.500000 3.500000 0.050000 0.000000 0.423061 -0.500000 6.283185
4 0.500000 3.500000 0.050000 0.000000 0.000000 0.000000 0.000000
4 0.500000 3.500000 0.050000 0.000000 0.000000 0.000000 0.000000
4 0.500000 3.500000 0.050000 0.000000 0.000000 0.000000 0.000000
4 0.500000 3.500000 0.050000 0.000000 0.000000 0.000000 0.000000
4 0.500000 3.500000 0.050000 0.000000 0.000000 0.337343 0.000000
4 0.500000 3.500000 0.050000 0.000000 0.000000 0.000000 0.000000
4 0.500000 3.500000 0.050000 0.000000 0.000000 0.000000 0.000000
4 0.500000 3.500000 0.050000 0.000000 0.423061 0.500000 6.283185
4 0.500000 3.500000 0.050000 0.000000 0.423061 -0.500000 6.283185
4 0.500000 3.500000 0.050000 0.000000 0.423061 -0.500000 6.283185
4 0.500000 3.500000 0.050000 0.000000 0.000000 0.000000 0.000000
4 0.500000 3.500000 0.050000 0.000000 0.000000 0.339086 0.000000
4 0.500000 3.500000 0.050000 0.000000 0.000000 0.000000 0.000000
4 0.500000 3.500000 0.050000 0.000000 0.423061 0.500000 6.283185
4 0.500000 3.500000 0.050000 0.000000 0.000000 0.000000 0.000000
4 0.500000 3.500000 0.050000 0.000000 0.000000 0.000000 0.000000
4 0.500000 3.500000 0.050000 0.000000 0.000000 -0.340271 0.000000
4 0.500000 3.500000 0.050000 0.000000 0.000000 0.000000 0.000000
4 0.500000 3.500000 0.050000 0.000000 0.423060 0.500000 6.283185
4 0.500000 3.500000 0.050000 0.000000 0.423061 0.500000 6.283185
4 0.500000 3.500000 0.050000 0.000000 0.000000 0.338346 0.000000
4 0.500000 3.500000 0.050000 0.000000 0.000000 0.000000 0.000000
4 0.500000 3.500000 0.050000 0.000000 0.423060 0.500000 6.283185
4 0.500000 3.500000 0.050000 0.000000 0.000000 0.000000 0.000000
4 0.500000 3.500000 0.050000 0.000000 0.000000 0.000000 0.000000
4 0.500000 3.500000 0.050000 0.000000 0.000000 0.000000 0.000000
4 0.500000 3.500000 0.050000 0.000000 0.000000 0.000000 0.000000
4 0.500000 3.500000 0.050000 0.000000 0.423061 0.500000 6.283185
4 0.500000 3.500000 0.050000 0.000000 0.000000 0.000000 0.000000
4 0.500000 3.500000 0.050000 0.000000 0.423060 0.500000 6.283185
4 0.500000 3.500000 0.050000 0.000000 0.000000 0.000000 0.000000
4 0.500000 3.500000 0.050000 0.000000 0.423061 -0.500000 6.283185
4 0.500000 3.500000 0.050000 0.000000 0.423061 0.500000 6.283185
4 0.500000 3.500000 0.050000 0.000000 0.000000 0.369121 0.000000
4 0.500000 3.500000 0.050000 0.000000 0.000000 0.000000 0.000000
4 0.500000 3.500000 0.050000 0.000000 0.423060 0.500000 6.283185
4 0.500000 3.500000 0.050000 0.000000 0.000000 0.000000 0.000000
4 0.500000 3.500000 0.050000 0.000000 0.000000 0.000000 0.000000
4 0.500000 3.500000 0.050000 0.000000 0.423061 0.500000 6.283185
4 0.500000 3.500000 0.050000 0.000000 0.423061 -0.500000 6.283185
4 0.500000 3.500000 0.050000 0.000000 0.000000 0.000000 0.000000
4 0.500000 3.500000 0.050000 0.000000 0.000000 -0.338877 0.000000
4 0.500000 3.500000 0.050000 0.000000 0.000000 0.000000 0.000000
4 0.500000 3.500000 0.050000 0.000000 0.423060 0.500000 6.283185
4 0.500000 3.500000 0.050000 0.000000 0.423061 0.500000 6.283185
4 0.500000 3.500000 0.050000 0.000000 0.423060 -0.500000 6.283185
4 0.500000 3.500000 0.050000 0.000000 0.000000 0.339737 0.000000
4 0.500000 3.500000 0.050000 0.000000 0.000000 0.000000 0.000000
4 0.500000 3.500000 0.050000 0.000000 0.000000 0.338792 0.000000
4 0.500000 3.500000 0.050000 0.000000 0.423061 -0.500000 6.283185
4 0.500000 3.500000 0.050000 0.000000 0.000000 0.000000 0.000000
4 0.500000 3.500000 0.050000 0.000000 0.000000 0.000000 0.000000
4 0.500000 3.500000 0.050000 0.000000 0.000000 0.000000 0.000000
4 0.500000 3.500000 0.050000 0.000000 0.000000 0.000000 0.000000
4 0.500000 3.500000 0.050000 0.000000 0.000000 0.000000 0.000000
4 0.500000 3.500000 0.050000 0.000000 0.000000 0.000000 0.000000
4 0.500000 3.500000 0.050000 0.000000 0.000000 0.000000 0.000000
4 0.500000 3.500000 0.050000 0.000000 0.000000 0.000000 0.000000
4 0.500000 3.500000 0.050000 0.000000 0.000000 0.000000 0.000000
4 0.500000 3.500000 0.050000 0.000000 0.423061 -0.500000 6.283185
4 0.500000 3.500000 0.050000 0.000000 0.000000 0.000000 0.000000
4 0.500000 3.500000 0.050000 0.000000 0.000000 0.000000 0.000000
4 0.500000 3.500000 0.050000 0.000000 0.000000 0.000000 0.000000
4 0.500000 3.500000 0.050000 0.000000 0.000000 0.000000 0.000000
4 0.500000 3.500000 0.050000 0.000000 0.423061 0.500000 6.283185
4 0.500000 3.500000 0.050000 0.000000 0.000000 0.000000 0.000000
4 0.500000 3.500000 0.050000 0.000000 0.000000 0.338912 0.000000
4 0.500000 3.500000 0.050000 0.000000 0.423061 -0.500000 6.283185
4 0.500000 3.500000 0.050000 0.000000 0.000000 0.000000 0.000000
4 0.500000 3.500000 0.050000 0.000000 0.423060 0.500000 6.283185
4 0.500000 3.500000 0.050000 0.000000 0.000000 0.000000 0.000000
4 0.500000 3.500000 0.050000 0.000000 0.000000 0.000000 0.000000
4 0.500000 3.500000 0.050000 0.000000 0.000000 0.000000 0.000000
4 0.500000 3.500000 0.050000 0.000000 0.000000 0.368313 0.000000
4 0.500000 3.500000 0.050000 0.000000 0.000000 0.339339 0.000000
4 0.500000 3.500000 0.050000 0.000000 0.000000 0.000000 0.000000
4 0.500000 3.500000 0.050000 0.000000 0.423061 -0.500000 6.283185
4 0.500000 3.500000 0.050000 0.000000 0.000000 0.000000 0.000000
4 0.500000 3.500000 0.050000 0.000000 0.000000 0.000000 0.000000
4 0.500000 3.500000 0.050000 0.000000 0.000000 0.000000 0.000000
4 0.500000 3.500000 0.050000 0.000000 0.000000 0.000000 0.000000
4 0.500000 3.500000 0.050000 0.000000 0.000000 0.000000 0.000000
4 0.500000 3.500000 0.050000 0.000000 0.423061 0.500000 6.283185
4 0.500000 3.500000 0.050000 0.000000 0.423061 0.500000 6.283185
4 0.500000 3.500000 0.050000 0.000000 0.000000 0.000000 0.000000
4 0.500000 3.500000 0.050000 0.000000 0.423061 0.500000 6.283185
4 0.500000 3.500000 0.050000 0.000000 0.000000 0.338677 0.000000
4 0.500000 3.500000 0.050000 0.000000 0.000000 0.000000 0.000000
4 0.500000 3.500000 0.050000 0.000000 0.000000 0.337775 0.000000
4 0.500000 3.500000 0.050000 0.000000 0.000000 0.000000 0.000000
4 0.500000 3.500000 0.050000 0.000000 0.000000 0.337702 0.000000
4 0.500000 3.500000 0.050000 0.000000 0.000000 0.000000 0.000000
4 0.500000 3.500000 0.050000 0.000000 0.000000 0.000000 0.000000
4 0.500000 3.500000 0.050000 0.000000 0.000000 0.000000 0.000000
4 0.500000 3.500000 0.050000 0.000000 0.000000 0.000000 0.000000
4 0.500000 3.500000 0.050000 0.000000 0.000000 0.000000 0.000000
4 0.500000 3.500000 0.050000 0.000000 0.423061 0.500000 6.283185
4 0.500000 3.500000 0.050000 0.000000 0.000000 0.338071 0.000000
4 0.500000 3.500000 0.050000 0.000000 0.423061 0.500000 6.283185
4 0.500000 3.500000 0.050000 0.000000 0.000000 0.000000 0.000000
4 0.500000 3.500000 0.050000 0.000000 0.000000 0.000000 0.000000
4 0.500000 3.500000 0.050000 0.000000 0.423060 0.500000 6.283185
4 0.500000 3.500000 0.050000 0.000000 0.000000 0.000000 0.000000
4 0.500000 3.500000 0.050000 0.000000 0.000000 0.000000 0.000000
4 0.500000 3.500000 0.050000 0.000000 0.423061 0.500000 6.283185
4 0.500000 3.500000 0.050000 0.000000 0.000000 0.000000 0.000000
4 0.500000 3.500000 0.050000 0.000000 0.423061 0.500000 6.283185
4 0.500000 3.500000 0.050000 0.000000 0.000000 0.338353 0.000000
4 0.500000 3.500000 0.050000 0.000000 0.423061 0.500000 6.283185
4 0.500000 3.500000 0.050000 0.000000 0.423061 0.500000 6.283185
4 0.500000 3.500000 0.050000 0.000000 0.423061 0.500000 6.283185
4 0.500000 3.500000 0.050000 0.000000 0.423061 0.500000 6.283185
4 0.500000 3.500000 0.050000 0.000000 0.000000 0.000000 0.000000
4 0.500000 3.500000 0.050000 0.000000 0.000000 0.000000 0.000000
4 0.500000 3.500000 0.050000 0.000000 0.423061 0.500000 6.283185
4 0.500000 3.500000 0.050000 0.000000 0.423060 0.500000 6.283185
4 0.500000 3.500000 0.050000 0.000000 0.000000 0.337866 0.000000
4 0.500000 3.500000 0.050000 0.000000 0.000000 0.000000 0.000000
4 0.500000 3.500000 0.050000 0.000000 0.000000 0.000000 0.000000
4 0.500000 3.500000 0.050000 0.000000 0.000000 0.000000 0.000000
4 0.500000 3.500000 0.050000 0.000000 0.423061 0.500000 6.283185
4 0.500000 3.500000 0.050000 0.000000 0.000000 0.000000 0.000000
4 0.500000 3.500000 0.050000 0.000000 0.000000 0.000000 0.000000
4 0.500000 3.500000 0.050000 0.000000 0.000000 0.000000 0.000000
4 0.500000 3.500000 0.050000 0.000000 0.423061 0.500000 6.283185
4 0.500000 3.500000 0.050000 0.000000 0.423061 0.500000 6.283185
4 0.500000 3.500000 0.050000 0.000000 0.000000 0.000000 0.000000
4 0.500000 3.500000 0.050000 0.000000 0.423061 -0.500000 6.283185
4 0.500000 3.500000 0.050000 0.000000 0.000000 0.340980 0.000000
4 0.500000 3.500000 0.050000 0.000000 0.000000 0.000000 0.000000
4 0.500000 3.500000 0.050000 0.000000 0.423061 0.500000 6.283185
4 0.500000 3.500000 0.050000 0.000000 0.000000 0.000000 0.000000
4 0.500000 3.500000 0.050000 0.000000 0.000000 0.000000 0.000000
4 0.500000 3.500000 0.050000 0.000000 0.000000 0.000000 0.000000
4 0.500000 3.500000 0.050000 0.000000 0.423061 0.500000 6.283185
4 0.500000 3.500000 0.050000 0.000000 0.423061 0.500000 6.283185
4 0.500000 3.500000 0.050000 0.000000 0.423060 0.500000 6.283185
4 0.500000 3.500000 0.050000 0.000000 0.000000 0.336809 0.000000
4 0.500000 3.500000 0.050000 0.000000 0.000000 0.000000 0.000000
4 0.500000 3.500000 0.050000 0.000000 0.000000 0.000000 0.000000
4 0.500000 3.500000 0.050000 0.000000 0.000000 0.000000 0.000000
4 0.500000 3.500000 0.050000 0.000000 0.000000 0.337113 0.000000
4 0.500000 3.500000 0.050000 0.000000 0.000000 0.000000 0.000000
4 0.500000 3.500000 0.050000 0.000000 0.423061 0.500000 6.283185
4 0.500000 3.500000 0.050000 0.000000 0.423061 -0.500000 6.283185
4 0.500000 3.500000 0.050000 0.000000 0.000000 0.000000 0.000000
4 0.500000 3.500000 0.050000 0.000000 0.000000 -0.395706 0.000000
4 0.500000 3.500000 0.050000 0.000000 0.000000 0.000000 0.000000
4 0.500000 3.500000 0.050000 0.000000 0.423061 -0.500000 6.283185
4 0.500000 3.500000 0.050000 0.000000 0.000000 0.000000 0.000000
4 0.500000 3.500000 0.050000 0.000000 0.423061 0.500000 6.283185
4 0.500000 3.500000 0.050000 0.000000 0.000000 0.000000 0.000000
4 0.500000 3.500000 0.050000 0.000000 0.000000 0.000000 0.000000
4 0.500000 3.500000 0.050000 0.000000 0.423061 0.500000 6.283185
4 0.500000 3.500000 0.050000 0.000000 0.000000 0.000000 0.000000
4 0.500000 3.500000 0.050000 0.000000 0.000000 0.000000 0.000000
4 0.500000 3.500000 0.050000 0.000000 0.000000 0.000000 0.000000
4 0.500000 3.500000 0.050000 0.000000 0.000000 0.000000 0.000000
4 0.500000 3.500000 0.050000 0.000000 0.423061 0.500000 6.283185
4 0.500000 3.500000 0.050000 0.000000 0.000000 0.000000 0.000000
4 0.500000 3.500000 0.050000 0.000000 0.000000 0.000000 0.000000
4 0.500000 3.500000 0.050000 0.000000 0.423061 0.500000 6.283185
4 0.500000 3.500000 0.050000 0.000000 0.423061 -0.500000 6.283185
4 0.500000 3.500000 0.050000 0.000000 0.000000 0.000000 0.000000
4 0.500000 3.500000 0.050000 0.000000 0.000000 0.338759 0.000000
4 0.500000 3.500000 0.050000 0.000000 0.000000 0.000000 0.000000
4 0.500000 3.500000 0.050000 0.000000 0.423061 0.500000 6.283185
4 0.500000 3.500000 0.050000 0.000000 0.000000 0.000000 0.000000
4 0.500000 3.500000 0.050000 0.000000 0.000000 0.000000 0.000000
4 0.500000 3.500000 0.050000 0.000000 0.423061 -0.500000 6.283185
4 0.500000 3.500000 0.050000 0.000000 0.423060 0.500000 6.283185
4 0.500000 3.500000 0.050000 0.000000 0.423061 0.500000 6.283185
4 0.500000 3.500000 0.050000 0.000000 0.000000 0.000000 0.000000
4 0.500000 3.500000 0.050000 0.000000 0.423061 0.500000 6.283185
4 0.500000 3.500000 0.050000 0.000000 0.423061 0.500000 6.283185
4 0.500000 3.500000 0.050000 0.000000 0.000000 -0.340020 0.000000
4 0.500000 3.500000 0.050000 0.000000 0.000000 0.000000 0.000000
4 0.500000 3.500000 0.050000 0.000000 0.000000 0.000000 0.000000
4 0.500000 3.500000 0.050000 0.000000 0.000000 0.338205 0.000000
4 0.500000 3.500000 0.050000 0.000000 0.423060 0.500000 6.283185
4 0.500000 3.500000 0.050000 0.000000 0.000000 0.000000 0.000000
4 0.500000 3.500000 0.050000 0.000000 0.000000 0.000000 0.000000
4 0.500000 3.500000 0.050000 0.000000 0.000000 -0.337449 0.000000
4 0.500000 3.500000 0.050000 0.000000 0.000000 0.000000 0.000000
4 0.500000 3.500000 0.050000 0.000000 0.000000 0.000000 0.000000
4 0.500000 3.500000 0.050000 0.000000 0.000000 0.000000 0.000000
4 0.500000 3.500000 0.050000 0.000000 0.000000 0.000000 0.000000
4 0.500000 3.500000 0.050000 0.000000 0.000000 0.000000 0.000000
4 0.500000 3.500000 0.050000 0.000000 0.423061 0.500000 6.283185
4 0.500000 3.500000 0.050000 0.000000 0.000000 0.000000 0.000000
4 0.500000 3.500000 0.050000 0.000000 0.000000 0.000000 0.000000
4 0.500000 3.500000 0.050000 0.000000 0.423060 -0.500000 6.283185
4 0.500000 3.500000 0.050000 0.000000 0.423061 0.500000 6.283185
4 0.500000 3.500000 0.050000 0.000000 0.000000 0.000000 0.000000
4 0.500000 3.500000 0.050000 0.000000 0.000000 0.000000 0.000000
4 0.500000 3.500000 0.050000 0.000000 0.000000 0.000000 0.000000
4 0.500000 3.500000 0.050000 0.000000 0.000000 0.000000 0.000000
4 0.500000 3.500000 0.050000 0.000000 0.423061 0.500000 6.283185
4 0.500000 3.500000 0.050000 0.000000 0.423061 0.500000 6.283185
4 0.500000 3.500000 0.050000 0.000000 0.000000 0.000000 0.000000
4 0.500000 3.500000 0.050000 0.000000 0.423061 0.500000 6.283185
4 0.500000 3.500000 0.050000 0.000000 0.423060 0.500000 6.283185
4 0.500000 3.500000 0.050000 0.000000 0.000000 0.000000 0.000000
4 0.500000 3.500000 0.050000 0.000000 0.000000 0.000000 0.000000
4 0.500000 3.500000 0.050000 0.000000 0.423061 -0.500000 6.283185
4 0.500000 3.500000 0.050000 0.000000 0.000000 0.000000 0.000000
4 0.500000 3.500000 0.050000 0.000000 0.423061 0.500000 6.283185
4 0.500000 3.500000 0.050000 0.000000 0.000000 0.000000 0.000000
4 0.500000 3.500000 0.050000 0.000000 0.423061 0.500000 6.283185
4 0.500000 3.500000 0.050000 0.000000 0.000000 0.000000 0.000000
4 0.500000 3.500000 0.050000 0.000000 0.000000 0.000000 0.000000
4 0.500000 3.500000 0.050000 0.000000 0.000000 0.000000 0.000000
4 0.500000 3.500000 0.050000 0.000000 0.000000 0.000000 0.000000
4 0.500000 3.500000 0.050000 0.000000 0.000000 0.000000 0.000000
4 0.500000 3.500000 0.050000 0.000000 0.000000 0.000000 0.000000
4 0.500000 3.500000 0.050000 0.000000 0.000000 0.000000 0.000000
4 0.500000 3.500000 0.050000 0.000000 0.423061 0.500000 6.283185
4 0.500000 3.500000 0.050000 0.000000 0.423061 -0.500000 6.283185
4 0.500000 3.500000 0.050000 0.000000 0.000000 0.000000 0.000000
4 0.500000 3.500000 0.050000 0.000000 0.000000 0.000000 0.000000
4 0.500000 3.500000 0.050000 0.000000 0.423061 0.500000 6.283185
4 0.500000 3.500000 0.050000 0.000000 0.000000 0.000000 0.000000
4 0.500000 3.500000 0.050000 0.000000 0.000000 0.000000 0.000000
4 0.500000 3.500000 0.050000 0.000000 0.000000 0.338220 0.000000
4 0.500000 3.500000 0.050000 0.000000 0.000000 0.000000 0.000000
4 0.500000 3.500000 0.050000 0.000000 0.000000 0.332301 0.000000
4 0.500000 3.500000 0.050000 0.000000 0.000000 0.000000 0.000000
4 0.500000 3.500000 0.050000 0.000000 0.000000 0.000000 0.000000
4 0.500000 3.500000 0.050000 0.000000 0.423060 0.500000 6.283185
4 0.500000 3.500000 0.050000 0.000000 0.000000 0.000000 0.000000
4 0.500000 3.500000 0.050000 0.000000 0.000000 0.000000 0.000000
4 0.500000 3.500000 0.050000 0.000000 0.423061 -0.500000 6.283185
4 0.500000 3.500000 0.050000 0.000000 0.000000 0.000000 0.000000
4 0.500000 3.500000 0.050000 0.000000 0.000000 0.000000 0.000000
4 0.500000 3.500000 0.050000 0.000000 0.000000 0.000000 0.000000
4 0.500000 3.500000 0.050000 0.000000 0.423060 -0.500000 6.283185
4 0.500000 3.500000 0.050000 0.000000 0.000000 0.000000 0.000000
4 0.500000 3.500000 0.050000 0.000000 0.423061 0.500000 6.283185
4 0.500000 3.500000 0.050000 0.000000 0.423061 0.500000 6.283185
4 0.500000 3.500000 0.050000 0.000000 0.423061 0.500000 6.283185
4 0.500000 3.500000 0.050000 0.000000 0.000000 0.000000 0.000000
4 0.500000 3.500000 0.050000 0.000000 0.000000 0.336673 0.000000
4 0.500000 3.500000 0.050000 0.000000 0.000000 0.000000 0.000000
4 0.500000 3.500000 0.050000 0.000000 0.000000 0.000000 0.000000
4 0.500000 3.500000 0.050000 0.000000 0.000000 0.000000 0.000000
4 0.500000 3.500000 0.050000 0.000000 0.000000 0.000000 0.000000
4 0.500000 3.500000 0.050000 0.000000 0.000000 0.000000 0.000000
4 0.500000 3.500000 0.050000 0.000000 0.000000 0.000000 0.000000
4 0.500000 3.500000 0.050000 0.000000 0.423061 0.500000 6.283185
4 0.500000 3.500000 0.050000 0.000000 0.000000 0.000000 0.000000
4 0.500000 3.500000 0.050000 0.000000 0.000000 0.000000 0.000000
4 0.500000 3.500000 0.050000 0.000000 0.423061 0.500000 6.283185
4 0.500000 3.500000 0.050000 0.000000 0.000000 0.000000 0.000000
4 0.500000 3.500000 0.050000 0.000000 0.000000 0.345736 0.000000
4 0.500000 3.500000 0.050000 0.000000 0.000000 0.000000 0.000000
4 0.500000 3.500000 0.050000 0.000000 0.423061 -0.500000 6.283185
4 0.500000 3.500000 0.050000 0.000000 0.000000 0.000000 0.000000
4 0.500000 3.500000 0.050000 0.000000 0.000000 0.339230 0.000000
4 0.500000 3.500000 0.050000 0.000000 0.423061 0.500000 6.283185
4 0.500000 3.500000 0.050000 0.000000 0.000000 0.000000 0.000000
4 0.500000 3.500000 0.050000 0.000000 0.423061 0.500000 6.283185
4 0.500000 3.500000 0.050000 0.000000 0.423061 0.500000 6.283185
4 0.500000 3.500000 0.050000 0.000000 0.000000 0.000000 0.000000
4 0.500000 3.500000 0.050000 0.000000 0.000000 0.000000 0.000000
4 0.500000 3.500000 0.050000 0.000000 0.000000 0.000000 0.000000
4 0.500000 3.500000 0.050000 0.000000 0.423061 0.500000 6.283185
4 0.500000 3.500000 0.050000 0.000000 0.000000 0.000000 0.000000
4 0.500000 3.500000 0.050000 0.000000 0.423061 0.500000 6.283185
4 0.500000 3.500000 0.050000 0.000000 0.423061 0.500000 6.283185
4 0.500000 3.500000 0.050000 0.000000 0.000000 0.346856 0.000000
4 0.500000 3.500000 0.050000 0.000000 0.000000 0.000000 0.000000
4 0.500000 3.500000 0.050000 0.000000 0.000000 0.000000 0.000000
4 0.500000 3.500000 0.050000 0.000000 0.423061 -0.500000 6.283185
4 0.500000 3.500000 0.050000 0.000000 0.000000 0.000000 0.000000
4 0.500000 3.500000 0.050000 0.000000 0.423061 0.500000 6.283185
4 0.500000 3.500000 0.050000 0.000000 0.000000 0.000000 0.000000
4 0.500000 3.500000 0.050000 0.000000 0.423061 -0.500000 6.283185
4 0.500000 3.500000 0.050000 0.000000 0.000000 0.000000 0.000000
4 0.500000 3.500000 0.050000 0.000000 0.000000 -0.338493 0.000000
4 0.500000 3.500000 0.050000 0.000000 0.423061 0.500000 6.283185
4 0.500000 3.500000 0.050000 0.000000 0.423061 0.500000 6.283185
4 0.500000 3.500000 0.050000 0.000000 0.423060 0.500000 6.283185
4 0.500000 3.500000 0.050000 0.000000 0.000000 0.339175 0.000000
4 0.500000 3.500000 0.050000 0.000000 0.423061 0.500000 6.283185
4 0.500000 3.500000 0.050000 0.000000 0.423061 0.500000 6.283185
4 0.500000 3.500000 0.050000 0.000000 0.000000 0.000000 0.000000
4 0.500000 3.500000 0.050000 0.000000 0.000000 0.000000 0.000000
4 0.500000 3.500000 0.050000 0.000000 0.000000 0.000000 0.000000
4 0.500000 3.500000 0.050000 0.000000 0.000000 0.338509 0.000000
4 0.500000 3.500000 0.050000 0.000000 0.423061 0.500000 6.283185
4 0.500000 3.500000 0.050000 0.000000 0.423062 0.500000 6.283185
4 0.500000 3.500000 0.050000 0.000000 0.000000 0.000000 0.000000
4 0.500000 3.500000 0.050000 0.000000 0.423060 0.500000 6.283185
4 0.500000 3.500000 0.050000 0.000000 0.000000 0.386028 0.000000
4 0.500000 3.500000 0.050000 0.000000 0.000000 0.000000 0.000000
4 0.500000 3.500000 0.050000 0.000000 0.000000 0.000000 0.000000
4 0.500000 3.500000 0.050000 0.000000 0.423060 0.500000 6.283185
4 0.500000 3.500000 0.050000 0.000000 0.000000 0.000000 0.000000
4 0.500000 3.500000 0.050000 0.000000 0.423061 0.500000 6.283185
4 0.500000 3.500000 0.050000 0.000000 0.423061 -0.500000 6.283185
4 0.500000 3.500000 0.050000 0.000000 0.423061 0.500000 6.283185
4 0.500000 3.500000 0.050000 0.000000 0.000000 0.000000 0.000000
4 0.500000 3.500000 0.050000 0.000000 0.000000 0.000000 0.000000
4 0.500000 3.500000 0.050000 0.000000 0.000000 0.000000 0.000000
4 0.500000 3.500000 0.050000 0.000000 0.000000 0.335770 0.000000
4 0.500000 3.500000 0.050000 0.000000 0.423060 -0.500000 6.283185
4 0.500000 3.500000 0.050000 0.000000 0.000000 0.339450 0.000000
4 0.500000 3.500000 0.050000 0.000000 0.423061 0.500000 6.283185
4 0.500000 3.500000 0.050000 0.000000 0.423061 0.500000 6.283185
4 0.500000 3.500000 0.050000 0.000000 0.000000 0.000000 0.000000
4 0.500000 3.500000 0.050000 0.000000 0.423061 0.500000 6.283185
4 0.500000 3.500000 0.050000 0.000000 0.423061 -0.500000 6.283185
4 0.500000 3.500000 0.050000 0.000000 0.000000 0.000000 0.000000
4 0.500000 3.500000 0.050000 0.000000 0.000000 0.000000 0.000000
4 0.500000 3.500000 0.050000 0.000000 0.423061 -0.500000 6.283185
4 0.500000 3.500000 0.050000 0.000000 0.000000 0.000000 0.000000
4 0.500000 3.500000 0.050000 0.000000 0.423061 0.500000 6.283185
4 0.500000 3.500000 0.050000 0.000000 0.000000 0.000000 0.000000
4 0.500000 3.500000 0.050000 0.000000 0.423060 0.500000 6.283185
4 0.500000 3.500000 0.050000 0.000000 0.000000 0.338877 0.000000
4 0.500000 3.500000 0.050000 0.000000 0.000000 0.000000 0.000000
4 0.500000 3.500000 0.050000 0.000000 0.423061 0.500000 6.283185
4 0.500000 3.500000 0.050000 0.000000 0.000000 0.000000 0.000000
4 0.500000 3.500000 0.050000 0.000000 0.423061 0.500000 6.283185
4 0.500000 3.500000 0.050000 0.000000 0.000000 0.000000 0.000000
4 0.500000 3.500000 0.050000 0.000000 0.423061 0.500000 6.283185
4 0.500000 3.500000 0.050000 0.000000 0.000000 0.000000 0.000000
4 0.500000 3.500000 0.050000 0.000000 0.423061 -0.500000 6.283185
4 0.500000 3.500000 0.050000 0.000000 0.000000 0.000000 0.000000
4 0.500000 3.500000 0.050000 0.000000 0.423061 0.500000 6.283185
4 0.500000 3.500000 0.050000 0.000000 0.000000 0.000000 0.000000
4 0.500000 3.500000 0.050000 0.000000 0.423061 0.500000 6.283185
4 0.500000 3.500000 0.050000 0.000000 0.000000 0.000000 0.000000
4 0.500000 3.500000 0.050000 0.000000 0.000000 0.000000 0.000000
4 0.500000 3.500000 0.050000 0.000000 0.423061 0.500000 6.283185
4 0.500000 3.500000 0.050000 0.000000 0.000000 0.000000 0.000000
4 0.500000 3.500000 0.050000 0.000000 0.000000 0.000000 0.000000
4 0.500000 3.500000 0.050000 0.000000 0.000000 0.000000 0.000000
4 0.500000 3.500000 0.050000 0.000000 0.000000 0.000000 0.000000
4 0.500000 3.500000 0.050000 0.000000 0.000000 0.000000 0.000000
4 0.500000 3.500000 0.050000 0.000000 0.000000 0.439348 0.000000
4 0.500000 3.500000 0.050000 0.000000 0.000000 0.000000 0.000000
4 0.500000 3.500000 0.050000 0.000000 0.000000 0.000000 0.000000
4 0.500000 3.500000 0.050000 0.000000 0.000000 0.396970 0.000000
4 0.500000 3.500000 0.050000 0.000000 0.000000 0.000000 0.000000
4 0.500000 3.500000 0.050000 0.000000 0.000000 0.000000 0.000000
4 0.500000 3.500000 0.050000 0.000000 0.000000 0.000000 0.000000
4 0.500000 3.500000 0.050000 0.000000 0.423060 0.500000 6.283185
4 0.500000 3.500000 0.050000 0.000000 0.000000 0.000000 0.000000
4 0.500000 3.500000 0.050000 0.000000 0.423060 0.500000 6.283185
4 0.500000 3.500000 0.050000 0.000000 0.423061 -0.500000 6.283185
4 0.500000 3.500000 0.050000 0.000000 0.423061 -0.500000 6.283185
4 0.500000 3.500000 0.050000 0.000000 0.000000 0.000000 0.000000
4 0.500000 3.500000 0.050000 0.000000 0.000000 0.000000 0.000000
4 0.500000 3.500000 0.050000 0.000000 0.423061 0.500000 6.283185
4 0.500000 3.500000 0.050000 0.000000 0.000000 0.000000 0.000000
4 0.500000 3.500000 0.050000 0.000000 0.000000 0.000000 0.000000
4 0.500000 3.500000 0.050000 0.000000 0.000000 0.000000 0.000000
4 0.500000 3.500000 0.050000 0.000000 0.000000 0.000000 0.000000
4 0.500000 3.500000 0.050000 0.000000 0.000000 0.338446 0.000000
4 0.500000 3.500000 0.050000 0.000000 0.000000 0.339017 0.000000
4 0.500000 3.500000 0.050000 0.000000 0.000000 0.337337 0.000000
4 0.500000 3.500000 0.050000 0.000000 0.000000 0.000000 0.000000
4 0.500000 3.500000 0.050000 0.000000 0.423061 0.500000 6.283185
4 0.500000 3.500000 0.050000 0.000000 0.000000 0.000000 0.000000
4 0.500000 3.500000 0.050000 0.000000 0.000000 0.000000 0.000000
4 0.500000 3.500000 0.050000 0.000000 0.423062 -0.500000 6.283185
4 0.500000 3.500000 0.050000 0.000000 0.423061 0.500000 6.283185
4 0.500000 3.500000 0.050000 0.000000 0.423061 0.500000 6.283185
4 0.500000 3.500000 0.050000 0.000000 0.000000 0.000000 0.000000
4 0.500000 3.500000 0.050000 0.000000 0.423061 0.500000 6.283185
4 0.500000 3.500000 0.050000 0.000000 0.000000 0.000000 0.000000
4 0.500000 3.500000 0.050000 0.000000 0.423061 0.500000 6.283185
4 0.500000 3.500000 0.050000 0.000000 0.000000 0.000000 0.000000
4 0.500000 3.500000 0.050000 0.000000 0.423061 0.500000 6.283185
4 0.500000 3.500000 0.050000 0.000000 0.000000 0.338583 0.000000
4 0.500000 3.500000 0.050000 0.000000 0.000000 0.000000 0.000000
4 0.500000 3.500000 0.050000 0.000000 0.000000 0.000000 0.000000
4 0.500000 3.500000 0.050000 0.000000 0.423061 0.500000 6.283185
4 0.500000 3.500000 0.050000 0.000000 0.000000 0.000000 0.000000
4 0.500000 3.500000 0.050000 0.000000 0.000000 0.000000 0.000000
4 0.500000 3.500000 0.050000 0.000000 0.000000 0.000000 0.000000
4 0.500000 3.500000 0.050000 0.000000 0.000000 0.000000 0.000000
4 0.500000 3.500000 0.050000 0.000000 0.000000 0.337728 0.000000
4 0.500000 3.500000 0.050000 0.000000 0.423060 0.500000 6.283185
4 0.500000 3.500000 0.050000 0.000000 0.000000 0.339468 0.000000
4 0.500000 3.500000 0.050000 0.000000 0.000000 0.000000 0.000000
4 0.500000 3.500000 0.050000 0.000000 0.000000 0.338742 0.000000
4 0.500000 3.500000 0.050000 0.000000 0.423061 0.500000 6.283185
4 0.500000 3.500000 0.050000 0.000000 0.000000 0.000000 0.000000
4 0.500000 3.500000 0.050000 0.000000 0.423061 -0.500000 6.283185
4 0.500000 3.500000 0.050000 0.000000 0.000000 0.000000 0.000000
4 0.500000 3.500000 0.050000 0.000000 0.000000 0.403217 0.000000
4 0.500000 3.500000 0.050000 0.000000 0.000000 0.000000 0.000000
4 0.500000 3.500000 0.050000 0.000000 0.000000 0.000000 0.000000
4 0.500000 3.500000 0.050000 0.000000 0.000000 0.000000 0.000000
4 0.500000 3.500000 0.050000 0.000000 0.000000 0.000000 0.000000
4 0.500000 3.500000 0.050000 0.000000 0.423061 -0.500000 6.283185
4 0.500000 3.500000 0.050000 0.000000 0.423061 0.500000 6.283185
4 0.500000 3.500000 0.050000 0.000000 0.423061 0.500000 6.283185
4 0.500000 3.500000 0.050000 0.000000 0.000000 0.000000 0.000000
4 0.500000 3.500000 0.050000 0.000000 0.000000 0.340336 0.000000
4 0.500000 3.500000 0.050000 0.000000 0.000000 0.000000 0.000000
4 0.500000 3.500000 0.050000 0.000000 0.423061 0.500000 6.283185
4 0.500000 3.500000 0.050000 0.000000 0.000000 0.000000 0.000000
4 0.500000 3.500000 0.050000 0.000000 0.000000 0.000000 0.000000
4 0.500000 3.500000 0.050000 0.000000 0.000000 0.000000 0.000000
4 0.500000 3.500000 0.050000 0.000000 0.423060 -0.500000 6.283185
4 0.500000 3.500000 0.050000 0.000000 0.423061 0.500000 6.283185
4 0.500000 3.500000 0.050000 0.000000 0.000000 0.000000 0.000000
4 0.500000 3.500000 0.050000 0.000000 0.000000 0.337838 0.000000
4 0.500000 3.500000 0.050000 0.000000 0.423061 -0.500000 6.283185
4 0.500000 3.500000 0.050000 0.000000 0.000000 0.000000 0.000000
4 0.500000 3.500000 0.050000 0.000000 0.423061 -0.500000 6.283185
4 0.500000 3.500000 0.050000 0.000000 0.000000 0.000000 0.000000
4 0.500000 3.500000 0.050000 0.000000 0.000000 0.000000 0.000000
4 0.500000 3.500000 0.050000 0.000000 0.000000 0.000000 0.000000
4 0.500000 3.500000 0.050000 0.000000 0.000000 0.000000 0.000000
4 0.500000 3.500000 0.050000 0.000000 0.423061 0.500000 6.283185
4 0.500000 3.500000 0.050000 0.000000 0.000000 0.000000 0.000000
4 0.500000 3.500000 0.050000 0.000000 0.423061 0.500000 6.283185
4 0.500000 3.500000 0.050000 0.000000 0.423061 0.500000 6.283185
4 0.500000 3.500000 0.050000 0.000000 0.000000 -0.337337 0.000000
4 0.500000 3.500000 0.050000 0.000000 0.000000 0.000000 0.000000
4 0.500000 3.500000 0.050000 0.000000 0.000000 0.000000 0.000000
4 0.500000 3.500000 0.050000 0.000000 0.423061 0.500000 6.283185
4 0.500000 3.500000 0.050000 0.000000 0.000000 0.000000 0.000000
4 0.500000 3.500000 0.050000 0.000000 0.000000 0.338338 0.000000
4 0.500000 3.500000 0.050000 0.000000 0.000000 0.000000 0.000000
4 0.500000 3.500000 0.050000 0.000000 0.000000 0.000000 0.000000
4 0.500000 3.500000 0.050000 0.000000 0.423061 -0.500000 6.283185
4 0.500000 3.500000 0.050000 0.000000 0.000000 0.000000 0.000000
4 0.500000 3.500000 0.050000 0.000000 0.423061 0.500000 6.283185
4 0.500000 3.500000 0.050000 0.000000 0.423060 0.500000 6.283185
4 0.500000 3.500000 0.050000 0.000000 0.000000 0.000000 0.000000
4 0.500000 3.500000 0.050000 0.000000 0.000000 0.000000 0.000000
4 0.500000 3.500000 0.050000 0.000000 0.000000 0.000000 0.000000
4 0.500000 3.500000 0.050000 0.000000 0.000000 0.000000 0.000000
4 0.500000 3.500000 0.050000 0.000000 0.000000 0.000000 0.000000
4 0.500000 3.500000 0.050000 0.000000 0.423061 -0.500000 6.283185
4 0.500000 3.500000 0.050000 0.000000 0.423061 0.500000 6.283185
4 0.500000 3.500000 0.050000 0.000000 0.000000 0.000000 0.000000
4 0.500000 3.500000 0.050000 0.000000 0.423061 0.500000 6.283185
4 0.500000 3.500000 0.050000 0.000000 0.000000 0.000000 0.000000
4 0.500000 3.500000 0.050000 0.000000 0.000000 0.000000 0.000000
4 0.500000 3.500000 0.050000 0.000000 0.000000 0.000000 0.000000
4 0.500000 3.500000 0.050000 0.000000 0.423061 0.500000 6.283185
4 0.500000 3.500000 0.050000 0.000000 0.000000 0.000000 0.000000
4 0.500000 3.500000 0.050000 0.000000 0.000000 0.000000 0.000000
4 0.500000 3.500000 0.050000 0.000000 0.000000 0.000000 0.000000
4 0.500000 3.500000 0.050000 0.000000 0.423060 0.500000 6.283185
4 0.500000 3.500000 0.050000 0.000000 0.000000 0.000000 0.000000
4 0.500000 3.500000 0.050000 0.000000 0.000000 0.000000 0.000000
4 0.500000 3.500000 0.050000 0.000000 0.000000 -0.337824 0.000000
4 0.500000 3.500000 0.050000 0.000000 0.423061 -0.500000 6.283185
4 0.500000 3.500000 0.050000 0.000000 0.423061 -0.500000 6.283185
4 0.500000 3.500000 0.050000 0.000000 0.423060 0.500000 6.283185
4 0.500000 3.500000 0.050000 0.000000 0.000000 0.000000 0.000000
4 0.500000 3.500000 0.050000 0.000000 0.423060 0.500000 6.283185
4 0.500000 3.500000 0.050000 0.000000 0.423061 0.500000 6.283185
4 0.500000 3.500000 0.050000 0.000000 0.000000 0.000000 0.000000
4 0.500000 3.500000 0.050000 0.000000 0.000000 0.000000 0.000000
4 0.500000 3.500000 0.050000 0.000000 0.000000 0.000000 0.000000
4 0.500000 3.500000 0.050000 0.000000 0.000000 -0.340546 0.000000
4 0.500000 3.500000 0.050000 0.000000 0.423061 0.500000 6.283185
4 0.500000 3.500000 0.050000 0.000000 0.000000 0.000000 0.000000
4 0.500000 3.500000 0.050000 0.000000 0.423060 0.500000 6.283185
4 0.500000 3.500000 0.050000 0.000000 0.000000 0.000000 0.000000
4 0.500000 3.500000 0.050000 0.000000 0.000000 0.000000 0.000000
4 0.500000 3.500000 0.050000 0.000000 0.000000 0.338353 0.000000
4 0.500000 3.500000 0.050000 0.000000 0.000000 0.000000 0.000000
4 0.500000 3.500000 0.050000 0.000000 0.423060 0.500000 6.283185
4 0.500000 3.500000 0.050000 0.000000 0.000000 0.000000 0.000000
4 0.500000 3.500000 0.050000 0.000000 0.000000 0.000000 0.000000
4 0.500000 3.500000 0.050000 0.000000 0.000000 0.000000 0.000000
4 0.500000 3.500000 0.050000 0.000000 0.000000 0.000000 0.000000
4 0.500000 3.500000 0.050000 0.000000 0.000000 0.000000 0.000000
4 0.500000 3.500000 0.050000 0.000000 0.423061 0.500000 6.283185
4 0.500000 3.500000 0.050000 0.000000 0.423061 0.500000 6.283185
4 0.500000 3.500000 0.050000 0.000000 0.423061 0.500000 6.283185
4 0.500000 3.500000 0.050000 0.000000 0.000000 0.000000 0.000000
4 0.500000 3.500000 0.050000 0.000000 0.000000 0.339876 0.000000
4 0.500000 3.500000 0.050000 0.000000 0.423061 0.500000 6.283185
4 0.500000 3.500000 0.050000 0.000000 0.423061 0.500000 6.283185
4 0.500000 3.500000 0.050000 0.000000 0.423061 -0.500000 6.283185
4 0.500000 3.500000 0.050000 0.000000 0.423061 0.500000 6.283185
4 0.500000 3.500000 0.050000 0.000000 0.000000 0.000000 0.000000
4 0.500000 3.500000 0.050000 0.000000 0.423061 0.500000 6.283185
4 0.500000 3.500000 0.050000 0.000000 0.000000 0.339286 0.000000
4 0.500000 3.500000 0.050000 0.000000 0.000000 0.000000 0.000000
4 0.500000 3.500000 0.050000 0.000000 0.423061 0.500000 6.283185
4 0.500000 3.500000 0.050000 0.000000 0.000000 -0.340491 0.000000
4 0.500000 3.500000 0.050000 0.000000 0.000000 0.000000 0.000000
4 0.500000 3.500000 0.050000 0.000000 0.423061 0.500000 6.283185
4 0.500000 3.500000 0.050000 0.000000 0.423061 0.500000 6.283185
4 0.500000 3.500000 0.050000 0.000000 0.000000 0.000000 0.000000
4 0.500000 3.500000 0.050000 0.000000 0.000000 0.000000 0.000000
4 0.500000 3.500000 0.050000 0.000000 0.000000 0.000000 0.000000
4 0.500000 3.500000 0.050000 0.000000 0.423061 0.500000 6.283185
4 0.500000 3.500000 0.050000 0.000000 0.423061 -0.500000 6.283185
4 0.500000 3.500000 0.050000 0.000000 0.000000 0.000000 0.000000
4 0.500000 3.500000 0.050000 0.000000 0.000000 0.000000 0.000000
4 0.500000 3.500000 0.050000 0.000000 0.000000 0.338122 0.000000
4 0.500000 3.500000 0.050000 0.000000 0.000000 0.337513 0.000000
4 0.500000 3.500000 0.050000 0.000000 0.000000 0.340671 0.000000
4 0.500000 3.500000 0.050000 0.000000 0.423061 -0.500000 6.283185
4 0.500000 3.500000 0.050000 0.000000 0.423061 0.500000 6.283185
4 0.500000 3.500000 0.050000 0.000000 0.423061 0.500000 6.283185
4 0.500000 3.500000 0.050000 0.000000 0.000000 0.000000 0.000000
4 0.500000 3.500000 0.050000 0.000000 0.000000 0.000000 0.000000
4 0.500000 3.500000 0.050000 0.000000 0.000000 0.000000 0.000000
4 0.500000 3.500000 0.050000 0.000000 0.423061 0.500000 6.283185
4 0.500000 3.500000 0.050000 0.000000 0.000000 0.000000 0.000000
4 0.500000 3.500000 0.050000 0.000000 0.000000 0.000000 0.000000
4 0.500000 3.500000 0.050000 0.000000 0.423061 0.500000 6.283185
4 0.500000 3.500000 0.050000 0.000000 0.000000 0.000000 0.000000
4 0.500000 3.500000 0.050000 0.000000 0.423061 0.500000 6.283185
4 0.500000 3.500000 0.050000 0.000000 0.423061 0.500000 6.283185
4 0.500000 3.500000 0.050000 0.000000 0.000000 0.000000 0.000000
4 0.500000 3.500000 0.050000 0.000000 0.000000 0.000000 0.000000
4 0.500000 3.500000 0.050000 0.000000 0.000000 0.000000 0.000000
4 0.500000 3.500000 0.050000 0.000000 0.423061 0.500000 6.283185
4 0.500000 3.500000 0.050000 0.000000 0.000000 0.000000 0.000000
4 0.500000 3.500000 0.050000 0.000000 0.423061 0.500000 6.283185
4 0.500000 3.500000 0.050000 0.000000 0.000000 0.000000 0.000000
4 0.500000 3.500000 0.050000 0.000000 0.000000 0.000000 0.000000
4 0.500000 3.500000 0.050000 0.000000 0.423061 0.500000 6.283185
4 0.500000 3.500000 0.050000 0.000000 0.000000 0.000000 0.000000
4 0.500000 3.500000 0.050000 0.000000 0.000000 0.000000 0.000000
4 0.500000 3.500000 0.050000 0.000000 0.000000 0.000000 0.000000
4 0.500000 3.500000 0.050000 0.000000 0.000000 0.000000 0.000000
4 0.500000 3.500000 0.050000 0.000000 0.000000 0.000000 0.000000
4 0.500000 3.500000 0.050000 0.000000 0.423061 -0.500000 6.283185
4 0.500000 3.500000 0.050000 0.000000 0.000000 0.000000 0.000000
4 0.500000 3.500000 0.050000 0.000000 0.000000 0.338338 0.000000
4 0.500000 3.500000 0.050000 0.000000 0.423061 0.500000 6.283185
4 0.500000 3.500000 0.050000 0.000000 0.000000 0.000000 0.000000
4 0.500000 3.500000 0.050000 0.000000 0.000000 0.341667 0.000000
4 0.500000 3.500000 0.050000 0.000000 0.000000 0.000000 0.000000
4 0.500000 3.500000 0.050000 0.000000 0.000000 0.000000 0.000000
4 0.500000 3.500000 0.050000 0.000000 0.000000 -0.337113 0.000000
4 0.500000 3.500000 0.050000 0.000000 0.423061 0.500000 6.283185
4 0.500000 3.500000 0.050000 0.000000 0.423060 0.500000 6.283185
4 0.500000 3.500000 0.050000 0.000000 0.000000 0.000000 0.000000
4 0.500000 3.500000 0.050000 0.000000 0.000000 0.000000 0.000000
4 0.500000 3.500000 0.050000 0.000000 0.000000 0.000000 0.000000
4 0.500000 3.500000 0.050000 0.000000 0.000000 0.444952 0.000000
4 0.500000 3.500000 0.050000 0.000000 0.423060 0.500000 6.283185
4 0.500000 3.500000 0.050000 0.000000 0.423061 0.500000 6.283185
4 0.500000 3.500000 0.050000 0.000000 0.423061 0.500000 6.283185
4 0.500000 3.500000 0.050000 0.000000 0.423061 0.500000 6.283185
4 0.500000 3.500000 0.050000 0.000000 0.423061 0.500000 6.283185
4 0.500000 3.500000 0.050000 0.000000 0.000000 0.339339 0.000000
4 0.500000 3.500000 0.050000 0.000000 0.423060 0.500000 6.283185
4 0.500000 3.500000 0.050000 0.000000 0.423061 0.500000 6.283185
4 0.500000 3.500000 0.050000 0.000000 0.000000 0.000000 0.000000
4 0.500000 3.500000 0.050000 0.000000 0.423060 0.500000 6.283185
4 0.500000 3.500000 0.050000 0.000000 0.000000 0.000000 0.000000
4 0.500000 3.500000 0.050000 0.000000 0.000000 0.498498 0.000000
4 0.500000 3.500000 0.050000 0.000000 0.000000 0.337487 0.000000
4 0.500000 3.500000 0.050000 0.000000 0.423061 -0.500000 6.283185
4 0.500000 3.500000 0.050000 0.000000 0.423061 0.500000 6.283185
4 0.500000 3.500000 0.050000 0.000000 0.000000 0.000000 0.000000
4 0.500000 3.500000 0.050000 0.000000 0.000000 0.000000 0.000000
4 0.500000 3.500000 0.050000 0.000000 0.423061 0.500000 6.283185
4 0.500000 3.500000 0.050000 0.000000 0.423061 0.500000 6.283185
4 0.500000 3.500000 0.050000 0.000000 0.000000 0.000000 0.000000
4 0.500000 3.500000 0.050000 0.000000 0.000000 0.000000 0.000000
4 0.500000 3.500000 0.050000 0.000000 0.423060 0.500000 6.283185
4 0.500000 3.500000 0.050000 0.000000 0.000000 0.338509 0.000000
4 0.500000 3.500000 0.050000 0.000000 0.000000 0.000000 0.000000
4 0.500000 3.500000 0.050000 0.000000 0.000000 0.339286 0.000000
4 0.500000 3.500000 0.050000 0.000000 0.000000 0.000000 0.000000
4 0.500000 3.500000 0.050000 0.000000 0.000000 0.000000 0.000000
4 0.500000 3.500000 0.050000 0.000000 0.000000 0.338057 0.000000
4 0.500000 3.500000 0.050000 0.000000 0.000000 0.000000 0.000000
4 0.500000 3.500000 0.050000 0.000000 0.423061 0.500000 6.283185
4 0.500000 3.500000 0.050000 0.000000 0.423061 -0.500000 6.283185
4 0.500000 3.500000 0.050000 0.000000 0.000000 0.000000 0.000000
4 0.500000 3.500000 0.050000 0.000000 0.000000 0.000000 0.000000
4 0.500000 3.500000 0.050000 0.000000 0.000000 0.000000 0.000000
4 0.500000 3.500000 0.050000 0.000000 0.000000 0.000000 0.000000
4 0.500000 3.500000 0.050000 0.000000 0.000000 0.340557 0.000000
4 0.500000 3.500000 0.050000 0.000000 0.000000 0.347103 0.000000
4 0.500000 3.500000 0.050000 0.000000 0.423061 0.500000 6.283185
4 0.500000 3.500000 0.050000 0.000000 0.000000 0.000000 0.000000
4 0.500000 3.500000 0.050000 0.000000 0.000000 0.000000 0.000000
4 0.500000 3.500000 0.050000 0.000000 0.423061 0.500000 6.283185
4 0.500000 3.500000 0.050000 0.000000 0.000000 0.000000 0.000000
4 0.500000 3.500000 0.050000 0.000000 0.000000 0.000000 0.000000
4 0.500000 3.500000 0.050000 0.000000 0.000000 0.000000 0.000000
4 0.500000 3.500000 0.050000 0.000000 0.423061 0.500000 6.283185
4 0.500000 3.500000 0.050000 0.000000 0.000000 0.000000 0.000000
4 0.500000 3.500000 0.050000 0.000000 0.000000 0.338338 0.000000
4 0.500000 3.500000 0.050000 0.000000 0.000000 0.000000 0.000000
4 0.500000 3.500000 0.050000 0.000000 0.000000 0.000000 0.000000
4 0.500000 3.500000 0.050000 0.000000 0.423061 -0.500000 6.283185
4 0.500000 3.500000 0.050000 0.000000 0.000000 0.000000 0.000000
4 0.500000 3.500000 0.050000 0.000000 0.000000 0.000000 0.000000
4 0.500000 3.500000 0.050000 0.000000 0.000000 -0.339267 0.000000
4 0.500000 3.500000 0.050000 0.000000 0.000000 0.000000 0.000000
4 0.500000 3.500000 0.050000 0.000000 0.423061 0.500000 6.283185
4 0.500000 3.500000 0.050000 0.000000 0.000000 0.000000 0.000000
4 0.500000 3.500000 0.050000 0.000000 0.000000 0.000000 0.000000
4 0.500000 3.500000 0.050000 0.000000 0.000000 0.402806 0.000000
4 0.500000 3.500000 0.050000 0.000000 0.000000 0.000000 0.000000
4 0.500000 3.500000 0.050000 0.000000 0.423061 0.500000 6.283185
4 0.500000 3.500000 0.050000 0.000000 0.000000 0.344381 0.000000
4 0.500000 3.500000 0.050000 0.000000 0.423061 0.500000 6.283185
4 0.500000 3.500000 0.050000 0.000000 0.000000 0.000000 0.000000
4 0.500000 3.500000 0.050000 0.000000 0.000000 0.000000 0.000000
4 0.500000 3.500000 0.050000 0.000000 0.423061 0.500000 6.283185
4 0.500000 3.500000 0.050000 0.000000 0.423060 0.500000 6.283185
4 0.500000 3.500000 0.050000 0.000000 0.000000 0.000000 0.000000
4 0.500000 3.500000 0.050000 0.000000 0.000000 0.000000 0.000000
4 0.500000 3.500000 0.050000 0.000000 0.000000 -0.338446 0.000000
4 0.500000 3.500000 0.050000 0.000000 0.000000 0.000000 0.000000
4 0.500000 3.500000 0.050000 0.000000 0.000000 0.000000 0.000000
4 0.500000 3.500000 0.050000 0.000000 0.423061 0.500000 6.283185
4 0.500000 3.500000 0.050000 0.000000 0.000000 0.000000 0.000000
4 0.500000 3.500000 0.050000 0.000000 0.000000 0.000000 0.000000
4 0.500000 3.500000 0.050000 0.000000 0.000000 0.000000 0.000000
4 0.500000 3.500000 0.050000 0.000000 0.000000 0.000000 0.000000
4 0.500000 3.500000 0.050000 0.000000 0.000000 0.338493 0.000000
4 0.500000 3.500000 0.050000 0.000000 0.000000 0.338212 0.000000
4 0.500000 3.500000 0.050000 0.000000 0.423060 -0.500000 6.283185
4 0.500000 3.500000 0.050000 0.000000 0.423061 -0.500000 6.283185
4 0.500000 3.500000 0.050000 0.000000 0.000000 0.000000 0.000000
4 0.500000 3.500000 0.050000 0.000000 0.423061 0.500000 6.283185
4 0.500000 3.500000 0.050000 0.000000 0.000000 0.000000 0.000000
4 0.500000 3.500000 0.050000 0.000000 0.000000 0.000000 0.000000
4 0.500000 3.500000 0.050000 0.000000 0.000000 0.000000 0.000000
4 0.500000 3.500000 0.050000 0.000000 0.423061 0.500000 6.283185
4 0.500000 3.500000 0.050000 0.000000 0.000000 0.000000 0.000000
4 0.500000 3.500000 0.050000 0.000000 0.423061 -0.500000 6.283185
4 0.500000 3.500000 0.050000 0.000000 0.000000 0.000000 0.000000
4 0.500000 3.500000 0.050000 0.000000 0.423061 0.500000 6.283185
4 0.500000 3.500000 0.050000 0.000000 0.000000 0.000000 0.000000
4 0.500000 3.500000 0.050000 0.000000 0.000000 0.000000 0.000000
4 0.500000 3.500000 0.050000 0.000000 0.000000 0.339069 0.000000
4 0.500000 3.500000 0.050000 0.000000 0.423061 0.500000 6.283185
4 0.500000 3.500000 0.050000 0.000000 0.423061 0.500000 6.283185
4 0.500000 3.500000 0.050000 0.000000 0.423061 0.500000 6.283185
4 0.500000 3.500000 0.050000 0.000000 0.423061 0.500000 6.283185
4 0.500000 3.500000 0.050000 0.000000 0.000000 0.000000 0.000000
4 0.500000 3.500000 0.050000 0.000000 0.000000 0.338205 0.000000
4 0.500000 3.500000 0.050000 0.000000 0.000000 0.000000 0.000000
4 0.500000 3.500000 0.050000 0.000000 0.423061 -0.500000 6.283185
4 0.500000 3.500000 0.050000 0.000000 0.000000 0.000000 0.000000
4 0.500000 3.500000 0.050000 0.000000 0.000000 0.000000 0.000000
4 0.500000 3.500000 0.050000 0.000000 0.000000 0.000000 0.000000
4 0.500000 3.500000 0.050000 0.000000 0.423061 0.500000 6.283185
4 0.500000 3.500000 0.050000 0.000000 0.000000 0.000000 0.000000
4 0.500000 3.500000 0.050000 0.000000 0.423061 0.500000 6.283185
4 0.500000 3.500000 0.050000 0.000000 0.000000 0.337895 0.000000
4 0.500000 3.500000 0.050000 0.000000 0.423061 0.500000 6.283185
4 0.500000 3.500000 0.050000 0.000000 0.000000 0.000000 0.000000
4 0.500000 3.500000 0.050000 0.000000 0.000000 0.337702 0.000000
4 0.500000 3.500000 0.050000 0.000000 0.423061 0.500000 6.283185
4 0.500000 3.500000 0.050000 0.000000 0.423061 0.500000 6.283185
4 0.500000 3.500000 0.050000 0.000000 0.000000 0.000000 0.000000
4 0.500000 3.500000 0.050000 0.000000 0.000000 0.000000 0.000000
4 0.500000 3.500000 0.050000 0.000000 0.423060 0.500000 6.283185
4 0.500000 3.500000 0.050000 0.000000 0.423060 -0.500000 6.283185
4 0.500000 3.500000 0.050000 0.000000 0.000000 -0.339826 0.000000
4 0.500000 3.500000 0.050000 0.000000 0.000000 0.000000 0.000000
4 0.500000 3.500000 0.050000 0.000000 0.000000 0.000000 0.000000
4 0.500000 3.500000 0.050000 0.000000 0.423061 0.500000 6.283185
4 0.500000 3.500000 0.050000 0.000000 0.423061 -0.500000 6.283185
4 0.500000 3.500000 0.050000 0.000000 0.423061 0.500000 6.283185
4 0.500000 3.500000 0.050000 0.000000 0.000000 0.000000 0.000000
4 0.500000 3.500000 0.050000 0.000000 0.423061 0.500000 6.283185
4 0.500000 3.500000 0.050000 0.000000 0.000000 0.000000 0.000000
4 0.500000 3.500000 0.050000 0.000000 0.000000 0.000000 0.000000
4 0.500000 3.500000 0.050000 0.000000 0.000000 0.000000 0.000000
4 0.500000 3.500000 0.050000 0.000000 0.423061 0.500000 6.283185
4 0.500000 3.500000 0.050000 0.000000 0.423060 0.500000 6.283185
4 0.500000 3.500000 0.050000 0.000000 0.000000 0.000000 0.000000
4 0.500000 3.500000 0.050000 0.000000 0.000000 0.000000 0.000000
4 0.500000 3.500000 0.050000 0.000000 0.000000 0.000000 0.000000
4 0.500000 3.500000 0.050000 0.000000 0.000000 0.000000 0.000000
4 0.500000 3.500000 0.050000 0.000000 0.000000 0.339737 0.000000
4 0.500000 3.500000 0.050000 0.000000 0.000000 0.000000 0.000000
4 0.500000 3.500000 0.050000 0.000000 0.000000 0.000000 0.000000
4 0.500000 3.500000 0.050000 0.000000 0.423061 0.500000 6.283185
4 0.500000 3.500000 0.050000 0.000000 0.000000 0.000000 0.000000
4 0.500000 3.500000 0.050000 0.000000 0.000000 0.338509 0.000000
4 0.500000 3.500000 0.050000 0.000000 0.000000 0.000000 0.000000
4 0.500000 3.500000 0.050000 0.000000 0.423061 -0.500000 6.283185
4 0.500000 3.500000 0.050000 0.000000 0.000000 0.000000 0.000000
4 0.500000 3.500000 0.050000 0.000000 0.000000 0.000000 0.000000
4 0.500000 3.500000 0.050000 0.000000 0.000000 0.000000 0.000000
4 0.500000 3.500000 0.050000 0.000000 0.000000 0.000000 0.000000
4 0.500000 3.500000 0.050000 0.000000 0.000000 0.000000 0.000000
4 0.500000 3.500000 0.050000 0.000000 0.423060 0.500000 6.283185
4 0.500000 3.500000 0.050000 0.000000 0.000000 0.000000 0.000000
4 0.500000 3.500000 0.050000 0.000000 0.423061 0.500000 6.283185
4 0.500000 3.500000 0.050000 0.000000 0.423061 0.500000 6.283185
4 0.500000 3.500000 0.050000 0.000000 0.423061 0.500000 6.283185
4 0.500000 3.500000 0.050000 0.000000 0.423060 0.500000 6.283185
4 0.500000 3.500000 0.050000 0.000000 0.000000 0.000000 0.000000
4 0.500000 3.500000 0.050000 0.000000 0.423061 -0.500000 6.283185
4 0.500000 3.500000 0.050000 0.000000 0.423060 0.500000 6.283185
4 0.500000 3.500000 0.050000 0.000000 0.000000 0.000000 0.000000
4 0.500000 3.500000 0.050000 0.000000 0.000000 0.000000 0.000000
4 0.500000 3.500000 0.050000 0.000000 0.423060 0.500000 6.283185
4 0.500000 3.500000 0.050000 0.000000 0.423061 0.500000 6.283185
4 0.500000 3.500000 0.050000 0.000000 0.000000 0.000000 0.000000
4 0.500000 3.500000 0.050000 0.000000 0.423060 0.500000 6.283185
4 0.500000 3.500000 0.050000 0.000000 0.000000 0.000000 0.000000
4 0.500000 3.500000 0.050000 0.000000 0.000000 0.000000 0.000000
4 0.500000 3.500000 0.050000 0.000000 0.000000 0.337173 0.000000
4 0.500000 3.500000 0.050000 0.000000 0.000000 0.000000 0.000000
4 0.500000 3.500000 0.050000 0.000000 0.000000 0.000000 0.000000
4 0.500000 3.500000 0.050000 0.000000 0.000000 0.338809 0.000000
4 0.500000 3.500000 0.050000 0.000000 0.423060 0.500000 6.283185
4 0.500000 3.500000 0.050000 0.000000 0.000000 0.000000 0.000000
4 0.500000 3.500000 0.050000 0.000000 0.000000 0.000000 0.000000
4 0.500000 3.500000 0.050000 0.000000 0.000000 0.000000 0.000000
4 0.500000 3.500000 0.050000 0.000000 0.423061 0.500000 6.283185
4 0.500000 3.500000 0.050000 0.000000 0.000000 -0.339506 0.000000
4 0.500000 3.500000 0.050000 0.000000 0.000000 0.338895 0.000000
4 0.500000 3.500000 0.050000 0.000000 0.000000 0.000000 0.000000
4 0.500000 3.500000 0.050000 0.000000 0.000000 0.000000 0.000000
4 0.500000 3.500000 0.050000 0.000000 0.000000 -0.337675 0.000000
4 0.500000 3.500000 0.050000 0.000000 0.000000 0.000000 0.000000
4 0.500000 3.500000 0.050000 0.000000 0.000000 0.000000 0.000000
4 0.500000 3.500000 0.050000 0.000000 0.000000 0.000000 0.000000
4 0.500000 3.500000 0.050000 0.000000 0.000000 0.000000 0.000000
4 0.500000 3.500000 0.050000 0.000000 0.423061 0.500000 6.283185
4 0.500000 3.500000 0.050000 0.000000 0.423060 0.500000 6.283185
4 0.500000 3.500000 0.050000 0.000000 0.000000 0.000000 0.000000
4 0.500000 3.500000 0.050000 0.000000 0.000000 0.000000 0.000000
4 0.500000 3.500000 0.050000 0.000000 0.000000 0.000000 0.000000
4 0.500000 3.500000 0.050000 0.000000 0.000000 0.000000 0.000000
4 0.500000 3.500000 0.050000 0.000000 0.423060 0.500000 6.283185
4 0.500000 3.500000 0.050000 0.000000 0.000000 0.000000 0.000000
4 0.500000 3.500000 0.050000 0.000000 0.423061 -0.500000 6.283185
4 0.500000 3.500000 0.050000 0.000000 0.000000 -0.337769 0.000000
4 0.500000 3.500000 0.050000 0.000000 0.423061 0.500000 6.283185
4 0.500000 3.500000 0.050000 0.000000 0.000000 0.336449 0.000000
4 0.500000 3.500000 0.050000 0.000000 0.000000 0.000000 0.000000
4 0.500000 3.500000 0.050000 0.000000 0.423061 0.500000 6.283185
4 0.500000 3.500000 0.050000 0.000000 0.000000 0.000000 0.000000
4 0.500000 3.500000 0.050000 0.000000 0.000000 0.000000 0.000000
4 0.500000 3.500000 0.050000 0.000000 0.423060 0.500000 6.283185
4 0.500000 3.500000 0.050000 0.000000 0.000000 -0.330280 0.000000
4 0.500000 3.500000 0.050000 0.000000 0.000000 0.338574 0.000000
4 0.500000 3.500000 0.050000 0.000000 0.000000 0.000000 0.000000
4 0.500000 3.500000 0.050000 0.000000 0.000000 0.000000 0.000000
4 0.500000 3.500000 0.050000 0.000000 0.000000 -0.338558 0.000000
4 0.500000 3.500000 0.050000 0.000000 0.423061 0.500000 6.283185
4 0.500000 3.500000 0.050000 0.000000 0.000000 0.000000 0.000000
4 0.500000 3.500000 0.050000 0.000000 0.000000 0.000000 0.000000
4 0.500000 3.500000 0.050000 0.000000 0.000000 0.338509 0.000000
4 0.500000 3.500000 0.050000 0.000000 0.000000 0.000000 0.000000
4 0.500000 3.500000 0.050000 0.000000 0.000000 0.000000 0.000000
4 0.500000 3.500000 0.050000 0.000000 0.000000 0.000000 0.000000
4 0.500000 3.500000 0.050000 0.000000 0.000000 0.000000 0.000000
4 0.500000 3.500000 0.050000 0.000000 0.000000 0.000000 0.000000
4 0.500000 3.500000 0.050000 0.000000 0.423062 0.500000 6.283185
4 0.500000 3.500000 0.050000 0.000000 0.423061 0.500000 6.283185
4 0.500000 3.500000 0.050000 0.000000 0.000000 0.000000 0.000000
4 0.500000 3.500000 0.050000 0.000000 0.000000 0.000000 0.000000
4 0.500000 3.500000 0.050000 0.000000 0.423061 0.500000 6.283185
4 0.500000 3.500000 0.050000 0.000000 0.423061 -0.500000 6.283185
4 0.500000 3.500000 0.050000 0.000000 0.000000 0.000000 0.000000
4 0.500000 3.500000 0.050000 0.000000 0.423061 -0.500000 6.283185
4 0.500000 3.500000 0.050000 0.000000 0.423061 0.500000 6.283185
4 0.500000 3.500000 0.050000 0.000000 0.423061 -0.500000 6.283185
4 0.500000 3.500000 0.050000 0.000000 0.000000 0.000000 0.000000
4 0.500000 3.500000 0.050000 0.000000 0.000000 0.000000 0.000000
4 0.500000 3.500000 0.050000 0.000000 0.000000 0.000000 0.000000
4 0.500000 3.500000 0.050000 0.000000 0.000000 0.000000 0.000000
4 0.500000 3.500000 0.050000 0.000000 0.000000 0.000000 0.000000
4 0.500000 3.500000 0.050000 0.000000 0.423061 -0.500000 6.283185
4 0.500000 3.500000 0.050000 0.000000 0.000000 0.000000 0.000000
4 0.500000 3.500000 0.050000 0.000000 0.423061 0.500000 6.283185
4 0.500000 3.500000 0.050000 0.000000 0.423061 -0.500000 6.283185
4 0.500000 3.500000 0.050000 0.000000 0.000000 -0.338912 0.000000
4 0.500000 3.500000 0.050000 0.000000 0.000000 0.000000 0.000000
4 0.500000 3.500000 0.050000 0.000000 0.423061 -0.500000 6.283185
4 0.500000 3.500000 0.050000 0.000000 0.423061 0.500000 6.283185
4 0.500000 3.500000 0.050000 0.000000 0.423061 0.500000 6.283185
4 0.500000 3.500000 0.050000 0.000000 0.000000 0.000000 0.000000
4 0.500000 3.500000 0.050000 0.000000 0.000000 0.000000 0.000000
4 0.500000 3.500000 0.050000 0.000000 0.000000 0.000000 0.000000
4 0.500000 3.500000 0.050000 0.000000 0.423060 0.500000 6.283185
4 0.500000 3.500000 0.050000 0.000000 0.423061 0.500000 6.283185
4 0.500000 3.500000 0.050000 0.000000 0.423061 0.500000 6.283185
4 0.500000 3.500000 0.050000 0.000000 0.000000 0.340670 0.000000
4 0.500000 3.500000 0.050000 0.000000 0.000000 0.000000 0.000000
4 0.500000 3.500000 0.050000 0.000000 0.000000 0.337539 0.000000
4 0.500000 3.500000 0.050000 0.000000 0.000000 0.338384 0.000000
4 0.500000 3.500000 0.050000 0.000000 0.423060 0.500000 6.283185
4 0.500000 3.500000 0.050000 0.000000 0.000000 0.000000 0.000000
4 0.500000 3.500000 0.050000 0.000000 0.000000 0.337539 0.000000
4 0.500000 3.500000 0.050000 0.000000 0.000000 0.000000 0.000000
4 0.500000 3.500000 0.050000 0.000000 0.423061 0.500000 6.283185
4 0.500000 3.500000 0.050000 0.000000 0.423061 -0.500000 6.283185
4 0.500000 3.500000 0.050000 0.000000 0.423061 0.500000 6.283185
4 0.500000 3.500000 0.050000 0.000000 0.423061 0.500000 6.283185
4 0.500000 3.500000 0.050000 0.000000 0.000000 0.000000 0.000000
4 0.500000 3.500000 0.050000 0.000000 0.000000 0.000000 0.000000
4 0.500000 3.500000 0.050000 0.000000 0.423060 0.500000 6.283185
4 0.500000 3.500000 0.050000 0.000000 0.423061 0.500000 6.283185
4 0.500000 3.500000 0.050000 0.000000 0.000000 0.000000 0.000000
4 0.500000 3.500000 0.050000 0.000000 0.000000 0.338493 0.000000
4 0.500000 3.500000 0.050000 0.000000 0.000000 0.000000 0.000000
4 0.500000 3.500000 0.050000 0.000000 0.423060 0.500000 6.283185
4 0.500000 3.500000 0.050000 0.000000 0.000000 0.000000 0.000000
4 0.500000 3.500000 0.050000 0.000000 0.423061 0.500000 6.283185
4 0.500000 3.500000 0.050000 0.000000 0.423060 0.500000 6.283185
4 0.500000 3.500000 0.050000 0.000000 0.000000 0.342240 0.000000
4 0.500000 3.500000 0.050000 0.000000 0.000000 0.000000 0.000000
4 0.500000 3.500000 0.050000 0.000000 0.000000 0.000000 0.000000
4 0.500000 3.500000 0.050000 0.000000 0.000000 0.000000 0.000000
4 0.500000 3.500000 0.050000 0.000000 0.000000 0.353546 0.000000
4 0.500000 3.500000 0.050000 0.000000 0.423061 -0.500000 6.283185
4 0.500000 3.500000 0.050000 0.000000 0.000000 0.000000 0.000000
4 0.500000 3.500000 0.050000 0.000000 0.423061 0.500000 6.283185
4 0.500000 3.500000 0.050000 0.000000 0.000000 0.000000 0.000000
4 0.500000 3.500000 0.050000 0.000000 0.000000 0.000000 0.000000
4 0.500000 3.500000 0.050000 0.000000 0.000000 0.339157 0.000000
4 0.500000 3.500000 0.050000 0.000000 0.423061 -0.500000 6.283185
4 0.500000 3.500000 0.050000 0.000000 0.000000 0.000000 0.000000
4 0.500000 3.500000 0.050000 0.000000 0.000000 0.000000 0.000000
4 0.500000 3.500000 0.050000 0.000000 0.000000 0.000000 0.000000
4 0.500000 3.500000 0.050000 0.000000 0.000000 0.000000 0.000000
4 0.500000 3.500000 0.050000 0.000000 0.000000 0.000000 0.000000
4 0.500000 3.500000 0.050000 0.000000 0.000000 0.000000 0.000000
4 0.500000 3.500000 0.050000 0.000000 0.000000 0.000000 0.000000
4 0.500000 3.500000 0.050000 0.000000 0.000000 0.000000 0.000000
4 0.500000 3.500000 0.050000 0.000000 0.423061 -0.500000 6.283185
4 0.500000 3.500000 0.050000 0.000000 0.423061 0.500000 6.283185
4 0.500000 3.500000 0.050000 0.000000 0.000000 0.339603 0.000000
4 0.500000 3.500000 0.050000 0.000000 0.000000 0.000000 0.000000
4 0.500000 3.500000 0.050000 0.000000 0.000000 0.338509 0.000000
4 0.500000 3.500000 0.050000 0.000000 0.000000 0.000000 0.000000
4 0.500000 3.500000 0.050000 0.000000 0.000000 0.000000 0.000000
4 0.500000 3.500000 0.050000 0.000000 0.000000 0.000000 0.000000
4 0.500000 3.500000 0.050000 0.000000 0.000000 0.000000 0.000000
4 0.500000 3.500000 0.050000 0.000000 0.000000 0.000000 0.000000
4 0.500000 3.500000 0.050000 0.000000 0.000000 0.000000 0.000000
4 0.500000 3.500000 0.050000 0.000000 0.423061 0.500000 6.283185
4 0.500000 3.500000 0.050000 0.000000 0.423061 0.500000 6.283185
4 0.500000 3.500000 0.050000 0.000000 0.000000 0.000000 0.000000
4 0.500000 3.500000 0.050000 0.000000 0.000000 0.000000 0.000000
4 0.500000 3.500000 0.050000 0.000000 0.000000 0.000000 0.000000
4 0.500000 3.500000 0.050000 0.000000 0.000000 0.337033 0.000000
4 0.500000 3.500000 0.050000 0.000000 0.000000 0.000000 0.000000
4 0.500000 3.500000 0.050000 0.000000 0.423060 0.500000 6.283185
4 0.500000 3.500000 0.050000 0.000000 0.423061 0.500000 6.283185
4 0.500000 3.500000 0.050000 0.000000 0.000000 0.000000 0.000000
4 0.500000 3.500000 0.050000 0.000000 0.000000 0.000000 0.000000
4 0.500000 3.500000 0.050000 0.000000 0.000000 0.000000 0.000000
4 0.500000 3.500000 0.050000 0.000000 0.000000 0.000000 0.000000
4 0.500000 3.500000 0.050000 0.000000 0.000000 -0.338477 0.000000
4 0.500000 3.500000 0.050000 0.000000 0.423061 0.500000 6.283185
4 0.500000 3.500000 0.050000 0.000000 0.423061 0.500000 6.283185
4 0.500000 3.500000 0.050000 0.000000 0.000000 0.000000 0.000000
4 0.500000 3.500000 0.050000 0.000000 0.423061 0.500000 6.283185
4 0.500000 3.500000 0.050000 0.000000 0.423061 0.500000 6.283185
4 0.500000 3.500000 0.050000 0.000000 0.000000 0.399687 0.000000
4 0.500000 3.500000 0.050000 0.000000 0.000000 0.000000 0.000000
4 0.500000 3.500000 0.050000 0.000000 0.000000 0.000000 0.000000
4 0.500000 3.500000 0.050000 0.000000 0.423060 -0.500000 6.283185
4 0.500000 3.500000 0.050000 0.000000 0.000000 0.000000 0.000000
4 0.500000 3.500000 0.050000 0.000000 0.000000 0.000000 0.000000
4 0.500000 3.500000 0.050000 0.000000 0.000000 0.000000 0.000000
4 0.500000 3.500000 0.050000 0.000000 0.000000 0.000000 0.000000
4 0.500000 3.500000 0.050000 0.000000 0.000000 0.000000 0.000000
4 0.500000 3.500000 0.050000 0.000000 0.000000 0.000000 0.000000
4 0.500000 3.500000 0.050000 0.000000 0.423061 0.500000 6.283185
4 0.500000 3.500000 0.050000 0.000000 0.423061 0.500000 6.283185
4 0.500000 3.500000 0.050000 0.000000 0.000000 0.000000 0.000000
4 0.500000 3.500000 0.050000 0.000000 0.000000 0.000000 0.000000
4 0.500000 3.500000 0.050000 0.000000 0.000000 -0.339886 0.000000
4 0.500000 3.500000 0.050000 0.000000 0.423061 0.500000 6.283185
4 0.500000 3.500000 0.050000 0.000000 0.000000 0.000000 0.000000
4 0.500000 3.500000 0.050000 0.000000 0.000000 0.000000 0.000000
4 0.500000 3.500000 0.050000 0.000000 0.000000 0.000000 0.000000
4 0.500000 3.500000 0.050000 0.000000 0.423061 0.500000 6.283185
4 0.500000 3.500000 0.050000 0.000000 0.423061 0.500000 6.283185
4 0.500000 3.500000 0.050000 0.000000 0.000000 0.000000 0.000000
4 0.500000 3.500000 0.050000 0.000000 0.000000 -0.337755 0.000000
4 0.500000 3.500000 0.050000 0.000000 0.000000 0.000000 0.000000
4 0.500000 3.500000 0.050000 0.000000 0.423061 0.500000 6.283185
4 0.500000 3.500000 0.050000 0.000000 0.000000 0.000000 0.000000
4 0.500000 3.500000 0.050000 0.000000 0.423060 0.500000 6.283185
4 0.500000 3.500000 0.050000 0.000000 0.423061 0.500000 6.283185
4 0.500000 3.500000 0.050000 0.000000 0.000000 0.000000 0.000000
4 0.500000 3.500000 0.050000 0.000000 0.423061 0.500000 6.283185
4 0.500000 3.500000 0.050000 0.000000 0.423061 0.500000 6.283185
4 0.500000 3.500000 0.050000 0.000000 0.000000 0.000000 0.000000
4 0.500000 3.500000 0.050000 0.000000 0.423061 0.500000 6.283185
4 0.500000 3.500000 0.050000 0.000000 0.000000 0.000000 0.000000
4 0.500000 3.500000 0.050000 0.000000 0.000000 -0.338558 0.000000
4 0.500000 3.500000 0.050000 0.000000 0.423060 0.500000 6.283185
4 0.500000 3.500000 0.050000 0.000000 0.000000 0.000000 0.000000
4 0.500000 3.500000 0.050000 0.000000 0.423061 0.500000 6.283185
4 0.500000 3.500000 0.050000 0.000000 0.000000 0.339193 0.000000
4 0.500000 3.500000 0.050000 0.000000 0.423061 0.500000 6.283185
4 0.500000 3.500000 0.050000 0.000000 0.423061 0.500000 6.283185
4 0.500000 3.500000 0.050000 0.000000 0.423061 0.500000 6.283185
4 0.500000 3.500000 0.050000 0.000000 0.000000 0.000000 0.000000
4 0.500000 3.500000 0.050000 0.000000 0.000000 0.000000 0.000000
4 0.500000 3.500000 0.050000 0.000000 0.000000 0.000000 0.000000
4 0.500000 3.500000 0.050000 0.000000 0.423061 0.500000 6.283185
4 0.500000 3.500000 0.050000 0.000000 0.000000 0.000000 0.000000
4 0.500000 3.500000 0.050000 0.000000 0.423061 0.500000 6.283185
4 0.500000 3.500000 0.050000 0.000000 0.000000 0.000000 0.000000
4 0.500000 3.500000 0.050000 0.000000 0.000000 0.000000 0.000000
4 0.500000 3.500000 0.050000 0.000000 0.000000 0.000000 0.000000
4 0.500000 3.500000 0.050000 0.000000 0.423061 0.500000 6.283185
4 0.500000 3.500000 0.050000 0.000000 0.000000 0.339412 0.000000
4 0.500000 3.500000 0.050000 0.000000 0.423061 0.500000 6.283185
4 0.500000 3.500000 0.050000 0.000000 0.000000 0.000000 0.000000
4 0.500000 3.500000 0.050000 0.000000 0.000000 0.000000 0.000000
4 0.500000 3.500000 0.050000 0.000000 0.000000 0.000000 0.000000
4 0.500000 3.500000 0.050000 0.000000 0.423061 0.500000 6.283185
4 0.500000 3.500000 0.050000 0.000000 0.000000 0.000000 0.000000
4 0.500000 3.500000 0.050000 0.000000 0.000000 0.000000 0.000000
4 0.500000 3.500000 0.050000 0.000000 0.000000 0.339836 0.000000
4 0.500000 3.500000 0.050000 0.000000 0.423061 0.500000 6.283185
4 0.500000 3.500000 0.050000 0.000000 0.000000 0.000000 0.000000
4 0.500000 3.500000 0.050000 0.000000 0.000000 0.000000 0.000000
4 0.500000 3.500000 0.050000 0.000000 0.423061 0.500000 6.283185
4 0.500000 3.500000 0.050000 0.000000 0.000000 0.000000 0.000000
4 0.500000 3.500000 0.050000 0.000000 0.000000 0.000000 0.000000
4 0.500000 3.500000 0.050000 0.000000 0.423061 0.500000 6.283185
4 0.500000 3.500000 0.050000 0.000000 0.000000 0.000000 0.000000
4 0.500000 3.500000 0.050000 0.000000 0.423060 0.500000 6.283185
4 0.500000 3.500000 0.050000 0.000000 0.000000 0.000000 0.000000
4 0.500000 3.500000 0.050000 0.000000 0.000000 0.000000 0.000000
4 0.500000 3.500000 0.050000 0.000000 0.000000 0.000000 0.000000
4 0.500000 3.500000 0.050000 0.000000 0.000000 0.000000 0.000000
4 0.500000 3.500000 0.050000 0.000000 0.423061 0.500000 6.283185
4 0.500000 3.500000 0.050000 0.000000 0.423061 -0.500000 6.283185
4 0.500000 3.500000 0.050000 0.000000 0.000000 0.000000 0.000000
4 0.500000 3.500000 0.050000 0.000000 0.000000 0.000000 0.000000
4 0.500000 3.500000 0.050000 0.000000 0.000000 0.000000 0.000000
4 0.500000 3.500000 0.050000 0.000000 0.000000 0.000000 0.000000
4 0.500000 3.500000 0.050000 0.000000 0.000000 0.000000 0.000000
4 0.500000 3.500000 0.050000 0.000000 0.000000 0.000000 0.000000
4 0.500000 3.500000 0.050000 0.000000 0.423061 0.500000 6.283185
4 0.500000 3.500000 0.050000 0.000000 0.423061 0.500000 6.283185
4 0.500000 3.500000 0.050000 0.000000 0.423061 0.500000 6.283185
4 0.500000 3.500000 0.050000 0.000000 0.000000 0.000000 0.000000
4 0.500000 3.500000 0.050000 0.000000 0.000000 0.000000 0.000000
4 0.500000 3.500000 0.050000 0.000000 0.423061 0.500000 6.283185
4 0.500000 3.500000 0.050000 0.000000 0.423061 0.500000 6.283185
4 0.500000 3.500000 0.050000 0.000000 0.000000 0.000000 0.000000
4 0.500000 3.500000 0.050000 0.000000 0.423060 0.500000 6.283185
4 0.500000 3.500000 0.050000 0.000000 0.423061 0.500000 6.283185
4 0.500000 3.500000 0.050000 0.000000 0.423061 -0.500000 6.283185
4 0.500000 3.500000 0.050000 0.000000 0.000000 0.000000 0.000000
